rosbagTimestamp,header,seq,stamp,secs,nsecs,frame_id,child_frame_id,transform,translation,x,y,z,rotation,x,y,z,w
1542728550385747970,,863,,1542728550,356450324,"""/world""","""vicon/obstacle18/obstacle18""",,,0.413731849112,0.812217178737,0.773099146482,,-0.0260665020007,-0.0856912784885,-0.470860296533,0.877649202936
1542728550402370823,,864,,1542728550,373183347,"""/world""","""vicon/obstacle18/obstacle18""",,,0.413733472839,0.812228079783,0.773098482197,,-0.0259899110345,-0.0857253113433,-0.470847571001,0.877654977996
1542728550419245463,,865,,1542728550,389797038,"""/world""","""vicon/obstacle18/obstacle18""",,,0.413722946349,0.812243424453,0.773083407511,,-0.0260099347423,-0.0857097108359,-0.470741325254,0.877712899222
1542728550435336648,,866,,1542728550,406294209,"""/world""","""vicon/obstacle18/obstacle18""",,,0.413723871448,0.812217248704,0.773059320961,,-0.0261829258943,-0.0858373506207,-0.470719152688,0.87770717379
1542728550451807821,,867,,1542728550,423100317,"""/world""","""vicon/obstacle18/obstacle18""",,,0.413733356239,0.812217250659,0.773078595651,,-0.026122744165,-0.0858251270679,-0.470787372162,0.877673572585
1542728550468679897,,868,,1542728550,439790201,"""/world""","""vicon/obstacle18/obstacle18""",,,0.41372881994,0.812210269754,0.773095164458,,-0.0260273195209,-0.0859066578941,-0.47071147989,0.877709136028
1542728550485707144,,869,,1542728550,456377201,"""/world""","""vicon/obstacle18/obstacle18""",,,0.413726093107,0.812216543405,0.773073264788,,-0.0261221496997,-0.0858007579612,-0.470769005165,0.877685824771
1542728550505196191,,870,,1542728550,473127909,"""/world""","""vicon/obstacle18/obstacle18""",,,0.413718838873,0.812238286186,0.773072791491,,-0.026016170405,-0.0856727590827,-0.470800144701,0.877684773127
1542728550522148859,,871,,1542728550,489792905,"""/world""","""vicon/obstacle18/obstacle18""",,,0.413725234688,0.812215846473,0.773045353925,,-0.0261859953054,-0.0860177485254,-0.470689074946,0.877705551603
1542728550534174805,,872,,1542728550,506330527,"""/world""","""vicon/obstacle18/obstacle18""",,,0.413720802055,0.812209289725,0.773067813176,,-0.0261615222255,-0.0858351608482,-0.470740315824,0.877696675951
1542728550550603187,,873,,1542728550,522983254,"""/world""","""vicon/obstacle18/obstacle18""",,,0.413727924469,0.812201090516,0.773075484404,,-0.0262751660811,-0.0858368223482,-0.470801607749,0.877660242758
1542728550568116231,,874,,1542728550,539688756,"""/world""","""vicon/obstacle18/obstacle18""",,,0.413722955132,0.812221410826,0.773071105541,,-0.0261492417227,-0.0858479945088,-0.470764295708,0.877682925026
1542728550584794159,,875,,1542728550,556352528,"""/world""","""vicon/obstacle18/obstacle18""",,,0.413720807369,0.812232745419,0.773061600253,,-0.0261185230485,-0.0857790880754,-0.470785344502,0.877679286645
1542728550602307652,,876,,1542728550,573123216,"""/world""","""vicon/obstacle18/obstacle18""",,,0.413723742843,0.812221042035,0.773053679626,,-0.0262947461336,-0.0858145737651,-0.470760604085,0.87768382627
1542728550618651246,,877,,1542728550,589726122,"""/world""","""vicon/obstacle18/obstacle18""",,,0.413721034512,0.812203869039,0.773061312396,,-0.0261873559489,-0.0859229392078,-0.470680365201,0.877719468122
1542728550635389361,,878,,1542728550,606364840,"""/world""","""vicon/obstacle18/obstacle18""",,,0.413723029371,0.812195804712,0.773074364105,,-0.0261715279089,-0.0859190632805,-0.47073296381,0.877692111434
1542728550652033507,,879,,1542728550,623050417,"""/world""","""vicon/obstacle18/obstacle18""",,,0.413724114833,0.812222571677,0.773080155751,,-0.0260149204598,-0.08585537316,-0.470718515033,0.87771074872
1542728550667933510,,880,,1542728550,639773077,"""/world""","""vicon/obstacle18/obstacle18""",,,0.413724302243,0.812231963367,0.773058439353,,-0.0261324770702,-0.0857950785472,-0.470717663925,0.877713608764
1542728550684671569,,881,,1542728550,656443689,"""/world""","""vicon/obstacle18/obstacle18""",,,0.413722606593,0.812212853428,0.773048868712,,-0.0261942713496,-0.0858600894518,-0.470701365659,0.877714150253
1542728550701008363,,882,,1542728550,673045455,"""/world""","""vicon/obstacle18/obstacle18""",,,0.413722579574,0.812204742899,0.773060258204,,-0.0262419327325,-0.085882109376,-0.470704676475,0.877708796698
1542728550718225048,,883,,1542728550,689763745,"""/world""","""vicon/obstacle18/obstacle18""",,,0.413725414836,0.81219958895,0.773081545492,,-0.0261107028226,-0.0857728794945,-0.470768397868,0.877689216016
1542728550734599135,,884,,1542728550,706393540,"""/world""","""vicon/obstacle18/obstacle18""",,,0.413721685008,0.81221262643,0.773079438886,,-0.0261886859916,-0.0858221416424,-0.47074558228,0.87769431438
1542728550751714199,,885,,1542728550,723134301,"""/world""","""vicon/obstacle18/obstacle18""",,,0.413719883665,0.812225405124,0.773068543339,,-0.0260413276179,-0.085781479839,-0.470767503838,0.877690916156
1542728550769923006,,886,,1542728550,739769428,"""/world""","""vicon/obstacle18/obstacle18""",,,0.413723284119,0.812219946701,0.773049763368,,-0.0262238827118,-0.0858510072212,-0.470694178348,0.877718008818
1542728550786619210,,887,,1542728550,756360196,"""/world""","""vicon/obstacle18/obstacle18""",,,0.413720325824,0.812207475075,0.773064175919,,-0.0261492091595,-0.0858832764046,-0.470745926953,0.877689326557
1542728550799945218,,888,,1542728550,773082296,"""/world""","""vicon/obstacle18/obstacle18""",,,0.413724999571,0.812206355625,0.773066304735,,-0.0261514713562,-0.0859739966239,-0.470700729256,0.877704617698
1542728550815699824,,889,,1542728550,790776051,"""/world""","""vicon/obstacle18/obstacle18""",,,0.413720855612,0.812213650425,0.773082586987,,-0.0261355107661,-0.0858010321407,-0.470768454367,0.877685695642
1542728550832424218,,890,,1542728550,806330650,"""/world""","""vicon/obstacle18/obstacle18""",,,0.413724561954,0.812212942732,0.773064814908,,-0.0262572309497,-0.085795983011,-0.470828001748,0.877650613794
1542728550847884920,,891,,1542728550,823005869,"""/world""","""vicon/obstacle18/obstacle18""",,,0.41372071391,0.812213936613,0.773054737273,,-0.0262319483254,-0.085884048771,-0.470749247356,0.877685001107
1542728550867801708,,892,,1542728550,839721853,"""/world""","""vicon/obstacle18/obstacle18""",,,0.413722115736,0.812206464178,0.773053050809,,-0.0261807032115,-0.0859630975404,-0.470708292092,0.877700757888
1542728550884163137,,893,,1542728550,856421251,"""/world""","""vicon/obstacle18/obstacle18""",,,0.413722611085,0.812211247934,0.773062279899,,-0.0261779636671,-0.0858458702562,-0.47078823515,0.877669435734
1542728550900406662,,894,,1542728550,873072948,"""/world""","""vicon/obstacle18/obstacle18""",,,0.413718433457,0.812215321395,0.773071919138,,-0.0261950551557,-0.085820810174,-0.470781568975,0.877674952326
1542728550916990311,,895,,1542728550,889764111,"""/world""","""vicon/obstacle18/obstacle18""",,,0.413718856836,0.81219975876,0.773070345159,,-0.0261646518255,-0.0858992907528,-0.470676419,0.877724576072
1542728550936085158,,896,,1542728550,906334097,"""/world""","""vicon/obstacle18/obstacle18""",,,0.413718860102,0.812204482252,0.773059165352,,-0.0261707503067,-0.0857946593207,-0.470717064402,0.877712830908
1542728550953456124,,897,,1542728550,923089474,"""/world""","""vicon/obstacle18/obstacle18""",,,0.413723091681,0.812209865668,0.773046463748,,-0.0262731692851,-0.0858457999035,-0.470755247499,0.877684291854
1542728550969560967,,898,,1542728550,939759509,"""/world""","""vicon/obstacle18/obstacle18""",,,0.413716047275,0.812216472426,0.773057171498,,-0.0261540175215,-0.0858355074136,-0.470739006662,0.877697567868
1542728550983712760,,899,,1542728550,956370010,"""/world""","""vicon/obstacle18/obstacle18""",,,0.413721504751,0.812221682865,0.773069643229,,-0.0260998938103,-0.0857947786923,-0.470752077121,0.877696150942
1542728551002128173,,900,,1542728550,973073053,"""/world""","""vicon/obstacle18/obstacle18""",,,0.413719555521,0.812202738646,0.773068620621,,-0.0261610719528,-0.0859542878021,-0.470667619372,0.877724017443
1542728551015433210,,901,,1542728550,989679328,"""/world""","""vicon/obstacle18/obstacle18""",,,0.413716128726,0.812200111518,0.7730538363,,-0.0262836574819,-0.085886363726,-0.470677353483,0.877721784391
1542728551032838850,,902,,1542728551,7193447,"""/world""","""vicon/obstacle18/obstacle18""",,,0.413717639796,0.812215885639,0.7730493371,,-0.0262020328055,-0.0857538177694,-0.470768090331,0.877688521824
1542728551048138292,,903,,1542728551,23219868,"""/world""","""vicon/obstacle18/obstacle18""",,,0.413720226325,0.812238492033,0.773054339988,,-0.0260462449898,-0.0858250531029,-0.470736299259,0.877703247084
1542728551067335805,,904,,1542728551,39778892,"""/world""","""vicon/obstacle18/obstacle18""",,,0.413716941832,0.812216739148,0.773060563757,,-0.0261441621734,-0.0859045318689,-0.470674313463,0.877725802762
1542728551087474998,,905,,1542728551,56408355,"""/world""","""vicon/obstacle18/obstacle18""",,,0.413722462568,0.812198582773,0.773067242101,,-0.026195516298,-0.085874629621,-0.470744164011,0.877689737301
1542728551104449264,,906,,1542728551,73053412,"""/world""","""vicon/obstacle18/obstacle18""",,,0.41371179012,0.812196471191,0.773064767096,,-0.0261925703005,-0.0858190103313,-0.470702316781,0.877717708437
1542728551118422699,,907,,1542728551,89742081,"""/world""","""vicon/obstacle18/obstacle18""",,,0.413717448071,0.812209355105,0.773046385745,,-0.0261998679781,-0.0859405873017,-0.470708069235,0.877702509925
1542728551135655583,,908,,1542728551,106423380,"""/world""","""vicon/obstacle18/obstacle18""",,,0.413720879651,0.812242612987,0.773056512795,,-0.0261141781019,-0.0857459514337,-0.470767505124,0.877692222612
1542728551152453145,,909,,1542728551,123093418,"""/world""","""vicon/obstacle18/obstacle18""",,,0.413721518186,0.812224045018,0.773059273126,,-0.0261781113231,-0.0858639791904,-0.470748222216,0.877689121982
1542728551168574984,,910,,1542728551,139826519,"""/world""","""vicon/obstacle18/obstacle18""",,,0.41372031181,0.812195693198,0.773070584501,,-0.0261702706328,-0.0859376946286,-0.470686659142,0.877715157943
1542728551185106199,,911,,1542728551,156392538,"""/world""","""vicon/obstacle18/obstacle18""",,,0.413726576648,0.812197134668,0.773068028295,,-0.0261886563159,-0.0859297410201,-0.470694027034,0.877711437093
1542728551203315769,,912,,1542728551,173173036,"""/world""","""vicon/obstacle18/obstacle18""",,,0.413713234782,0.812216581962,0.773056186147,,-0.0262331545599,-0.085909419352,-0.4706934244,0.877712420725
1542728551219498635,,913,,1542728551,189802699,"""/world""","""vicon/obstacle18/obstacle18""",,,0.413716587327,0.812235536944,0.773053768981,,-0.026157038221,-0.0858333281169,-0.47070093842,0.8777181072
1542728551236253857,,914,,1542728551,206452741,"""/world""","""vicon/obstacle18/obstacle18""",,,0.413725008736,0.812231700762,0.773069855819,,-0.0260444304869,-0.085817035374,-0.470769811541,0.877686110533
1542728551252646854,,915,,1542728551,223093628,"""/world""","""vicon/obstacle18/obstacle18""",,,0.413716905976,0.81220299979,0.773075302892,,-0.0262746491386,-0.0858316624001,-0.470740251064,0.877693673539
1542728551269468376,,916,,1542728551,239749499,"""/world""","""vicon/obstacle18/obstacle18""",,,0.413723259113,0.8121899485,0.773066373105,,-0.0262210044645,-0.0859441217795,-0.470689869843,0.877711292672
1542728551286354621,,917,,1542728551,256407474,"""/world""","""vicon/obstacle18/obstacle18""",,,0.413720577487,0.812211973992,0.773063995054,,-0.0262436032313,-0.0858779414898,-0.470768169083,0.877675101295
1542728551302854224,,918,,1542728551,273130030,"""/world""","""vicon/obstacle18/obstacle18""",,,0.413715656592,0.812224923233,0.773054417951,,-0.0262151221513,-0.0858618930846,-0.470681103725,0.877724217099
1542728551319883146,,919,,1542728551,289813838,"""/world""","""vicon/obstacle18/obstacle18""",,,0.413714431502,0.812216538046,0.773075083343,,-0.026136986088,-0.0858183719394,-0.470749602791,0.877694067696
1542728551336344436,,920,,1542728551,306406854,"""/world""","""vicon/obstacle18/obstacle18""",,,0.413722236769,0.812205800597,0.773079411227,,-0.0260692647303,-0.0859005873244,-0.470646151073,0.877743517785
1542728551353183710,,921,,1542728551,323029420,"""/world""","""vicon/obstacle18/obstacle18""",,,0.413714720555,0.812194990572,0.773065112552,,-0.0262111876948,-0.0859173443685,-0.470712317445,0.877702169179
1542728551369498889,,922,,1542728551,339811754,"""/world""","""vicon/obstacle18/obstacle18""",,,0.413719428097,0.812208559319,0.773061130651,,-0.0261817080114,-0.0859481468026,-0.470670734291,0.877722333149
1542728551385996009,,923,,1542728551,356449494,"""/world""","""vicon/obstacle18/obstacle18""",,,0.413722891089,0.812221923452,0.773057241736,,-0.0262453330178,-0.0859597947632,-0.470699880241,0.87770366236
1542728551402382032,,924,,1542728551,373033681,"""/world""","""vicon/obstacle18/obstacle18""",,,0.413718059428,0.812216521033,0.773069371929,,-0.0261435523093,-0.0858002487544,-0.470750007489,0.877695426919
1542728551417316095,,925,,1542728551,389726394,"""/world""","""vicon/obstacle18/obstacle18""",,,0.413716397025,0.812202102441,0.773078788041,,-0.0261322854244,-0.0858628472354,-0.470687688757,0.877723062689
1542728551435458573,,926,,1542728551,406403715,"""/world""","""vicon/obstacle18/obstacle18""",,,0.413723087651,0.812202299835,0.773060528027,,-0.0262242760907,-0.0859313645908,-0.47070251617,0.87770566205
1542728551451442043,,927,,1542728551,423120266,"""/world""","""vicon/obstacle18/obstacle18""",,,0.413716594029,0.812214556862,0.773054983002,,-0.0261624424714,-0.0859406863466,-0.470662124514,0.877728254975
1542728551467659523,,928,,1542728551,439789875,"""/world""","""vicon/obstacle18/obstacle18""",,,0.413717589227,0.812206239297,0.773044120453,,-0.0262538677247,-0.0858602070529,-0.470733479985,0.877695135053
1542728551485205188,,929,,1542728551,456383296,"""/world""","""vicon/obstacle18/obstacle18""",,,0.413720787563,0.812204108903,0.773055674703,,-0.0261475862545,-0.0858795968994,-0.470717006141,0.877705245911
1542728551503003498,,930,,1542728551,473095190,"""/world""","""vicon/obstacle18/obstacle18""",,,0.413721833578,0.812200725133,0.773067677441,,-0.0261916097689,-0.0858642823671,-0.470749110504,0.877688213178
1542728551519138274,,931,,1542728551,489767640,"""/world""","""vicon/obstacle18/obstacle18""",,,0.413718045063,0.812204602803,0.773058692435,,-0.0262064484444,-0.0858763754255,-0.470693428056,0.877716450221
1542728551536039667,,932,,1542728551,506375417,"""/world""","""vicon/obstacle18/obstacle18""",,,0.41372438161,0.812219578432,0.773038960481,,-0.026111418058,-0.0859652738829,-0.470697528327,0.877708381161
1542728551552820523,,933,,1542728551,523131695,"""/world""","""vicon/obstacle18/obstacle18""",,,0.41372113829,0.812212597237,0.773041736876,,-0.026129078297,-0.0859011827185,-0.470719612399,0.877702286984
1542728551568537168,,934,,1542728551,539752116,"""/world""","""vicon/obstacle18/obstacle18""",,,0.413716580547,0.812199696751,0.77305384037,,-0.0262242144395,-0.0858421598152,-0.470717515531,0.877706348813
1542728551586382092,,935,,1542728551,556409615,"""/world""","""vicon/obstacle18/obstacle18""",,,0.413723272175,0.812201286839,0.7730735529,,-0.026250991492,-0.0858661123643,-0.470767375978,0.877676463116
1542728551602289110,,936,,1542728551,573098372,"""/world""","""vicon/obstacle18/obstacle18""",,,0.413715719356,0.812212558276,0.773068977212,,-0.0261915400362,-0.0858334400681,-0.47069232154,0.877721688373
1542728551617974854,,937,,1542728551,589801021,"""/world""","""vicon/obstacle18/obstacle18""",,,0.413717372763,0.812216011713,0.773044992193,,-0.0262954942947,-0.0858490238074,-0.470769118248,0.877675868071
1542728551637455192,,938,,1542728551,606405115,"""/world""","""vicon/obstacle18/obstacle18""",,,0.413722832522,0.812217239704,0.773044056853,,-0.0262204389194,-0.0858203529101,-0.470724820293,0.877704676511
1542728551653380038,,939,,1542728551,623095134,"""/world""","""vicon/obstacle18/obstacle18""",,,0.413723708455,0.812200262043,0.773049159179,,-0.0262983332485,-0.0858560544611,-0.470687023789,0.877719124332
1542728551669402075,,940,,1542728551,639744002,"""/world""","""vicon/obstacle18/obstacle18""",,,0.413718931156,0.812190794102,0.773068231721,,-0.0262394875951,-0.0859039945954,-0.470738159238,0.87768877083
1542728551687298164,,941,,1542728551,656371019,"""/world""","""vicon/obstacle18/obstacle18""",,,0.413719746284,0.812202958543,0.773061754199,,-0.0263273582243,-0.0857951875303,-0.470754460381,0.877688039133
1542728551703703566,,942,,1542728551,673102517,"""/world""","""vicon/obstacle18/obstacle18""",,,0.413712092236,0.812211305485,0.773039051462,,-0.0262228198514,-0.0857912745728,-0.470756902089,0.877690241521
1542728551721169853,,943,,1542728551,689814773,"""/world""","""vicon/obstacle18/obstacle18""",,,0.413716516875,0.8122129009,0.773029033391,,-0.0262383720345,-0.0859284374221,-0.470624487432,0.877747368726
1542728551736839336,,944,,1542728551,706391934,"""/world""","""vicon/obstacle18/obstacle18""",,,0.413722021332,0.812205153885,0.773053168057,,-0.0261257624167,-0.0858107293361,-0.470717166972,0.877712545192
1542728551754003209,,945,,1542728551,723132127,"""/world""","""vicon/obstacle18/obstacle18""",,,0.413726709626,0.812195618634,0.77306214769,,-0.0261738899573,-0.0858825783095,-0.470703594253,0.877711362912
1542728551770774357,,946,,1542728551,739777112,"""/world""","""vicon/obstacle18/obstacle18""",,,0.413718179963,0.812197377785,0.773067715123,,-0.0262410545637,-0.085789670822,-0.470746889994,0.877695223296
1542728551787634100,,947,,1542728551,756407189,"""/world""","""vicon/obstacle18/obstacle18""",,,0.413719302966,0.812213300893,0.773048724086,,-0.026198635489,-0.0858129745951,-0.470724903888,0.877706004166
1542728551804031324,,948,,1542728551,773136162,"""/world""","""vicon/obstacle18/obstacle18""",,,0.413722263299,0.812226761311,0.773040903844,,-0.0261089842347,-0.085834291956,-0.470745489262,0.877695550636
1542728551817199054,,949,,1542728551,789773099,"""/world""","""vicon/obstacle18/obstacle18""",,,0.413719538545,0.812218762445,0.773049486154,,-0.0261477775622,-0.0858122447236,-0.470739520116,0.877699753096
1542728551835924194,,950,,1542728551,806398269,"""/world""","""vicon/obstacle18/obstacle18""",,,0.413727904151,0.812197538243,0.773071981775,,-0.0261007253594,-0.0859487251774,-0.470665792818,0.877727338213
1542728551848615192,,951,,1542728551,823072203,"""/world""","""vicon/obstacle18/obstacle18""",,,0.413727020912,0.812196538372,0.773070775045,,-0.0261696799816,-0.0859451422829,-0.47071359283,0.877700002218
1542728551864557537,,952,,1542728551,839709211,"""/world""","""vicon/obstacle18/obstacle18""",,,0.413713673727,0.812207919267,0.773052153366,,-0.0262478776758,-0.085803496248,-0.470758775474,0.877687292983
1542728551883138346,,953,,1542728551,856321692,"""/world""","""vicon/obstacle18/obstacle18""",,,0.413715428672,0.812227577329,0.773040876244,,-0.0261111640676,-0.0858380314874,-0.470685806548,0.877727127857
1542728551900312403,,954,,1542728551,873061181,"""/world""","""vicon/obstacle18/obstacle18""",,,0.413723318124,0.812227582396,0.773046411884,,-0.0262001963984,-0.0858508544808,-0.470695648624,0.877717942656
1542728551919509090,,955,,1542728551,889807758,"""/world""","""vicon/obstacle18/obstacle18""",,,0.413722492745,0.812199488096,0.773063146178,,-0.0262848315449,-0.085836736575,-0.470712171441,0.877707932026
1542728551935374786,,956,,1542728551,906342942,"""/world""","""vicon/obstacle18/obstacle18""",,,0.413721295606,0.812184006727,0.77306271062,,-0.026277428356,-0.0860096941832,-0.470641732841,0.877728994949
1542728551951733251,,957,,1542728551,923044164,"""/world""","""vicon/obstacle18/obstacle18""",,,0.413719747499,0.812201026982,0.773050683392,,-0.0261761095817,-0.0858279982855,-0.470716489266,0.877709720084
1542728551969035351,,958,,1542728551,939774440,"""/world""","""vicon/obstacle18/obstacle18""",,,0.413716459825,0.812230390523,0.773045753321,,-0.0260935014422,-0.0857939149246,-0.470761526034,0.877691357454
1542728551986195604,,959,,1542728551,956442371,"""/world""","""vicon/obstacle18/obstacle18""",,,0.413723756068,0.812231091189,0.773048441586,,-0.0262061131911,-0.0858332167606,-0.470730604986,0.877700744025
1542728552003131638,,960,,1542728551,973131238,"""/world""","""vicon/obstacle18/obstacle18""",,,0.413737011469,0.812213541474,0.773072650426,,-0.0261471997136,-0.0858197939037,-0.470800909011,0.877666104505
1542728552019508632,,961,,1542728551,989782473,"""/world""","""vicon/obstacle18/obstacle18""",,,0.413725665982,0.812191691926,0.773093130451,,-0.0261153015565,-0.0858397520685,-0.470737577317,0.877699072172
1542728552037298232,,962,,1542728552,6411610,"""/world""","""vicon/obstacle18/obstacle18""",,,0.413726269684,0.812200403627,0.773071529288,,-0.0261340956149,-0.0857987274112,-0.470768209828,0.877686094248
1542728552053637916,,963,,1542728552,23111374,"""/world""","""vicon/obstacle18/obstacle18""",,,0.4137219855,0.812242223379,0.773065054131,,-0.0260195138116,-0.0857341710819,-0.470811094637,0.877672803485
1542728552069969082,,964,,1542728552,39801797,"""/world""","""vicon/obstacle18/obstacle18""",,,0.413721480396,0.812244915211,0.773067285029,,-0.0261015220798,-0.0857438115177,-0.470761093773,0.877696246956
1542728552086468594,,965,,1542728552,56406530,"""/world""","""vicon/obstacle18/obstacle18""",,,0.413729081817,0.812209564824,0.773071312431,,-0.0261320565015,-0.0858588908022,-0.470728458262,0.877701592271
1542728552102891632,,966,,1542728552,73060720,"""/world""","""vicon/obstacle18/obstacle18""",,,0.413737876891,0.812190319222,0.773082829957,,-0.0261638477006,-0.0859191200052,-0.470687511401,0.877716710848
1542728552119535265,,967,,1542728552,89762121,"""/world""","""vicon/obstacle18/obstacle18""",,,0.413719533707,0.812199074844,0.773069595563,,-0.026182337439,-0.0858240773694,-0.47078541886,0.877672947252
1542728552138123528,,968,,1542728552,106417850,"""/world""","""vicon/obstacle18/obstacle18""",,,0.41371500061,0.812232282582,0.773044274866,,-0.0261728211877,-0.0857876660919,-0.470723630959,0.877709931033
1542728552154964775,,969,,1542728552,123149849,"""/world""","""vicon/obstacle18/obstacle18""",,,0.41372061239,0.812245357328,0.773067939635,,-0.0260447498228,-0.0857420328041,-0.470796217506,0.877679267386
1542728552171425742,,970,,1542728552,139753641,"""/world""","""vicon/obstacle18/obstacle18""",,,0.413726521766,0.812205684222,0.773063572721,,-0.0262636418591,-0.0858934322218,-0.4706904418,0.877714673123
1542728552184164991,,971,,1542728552,156358497,"""/world""","""vicon/obstacle18/obstacle18""",,,0.413728065402,0.812181081519,0.773076998337,,-0.0262488801128,-0.0858473732271,-0.470703322447,0.877712713272
1542728552200536349,,972,,1542728552,173085829,"""/world""","""vicon/obstacle18/obstacle18""",,,0.413731121494,0.812199746313,0.773061710403,,-0.0261759088232,-0.0857745993878,-0.470787870742,0.877676660655
1542728552217410265,,973,,1542728552,189806110,"""/world""","""vicon/obstacle18/obstacle18""",,,0.413715445623,0.812231828899,0.773047336233,,-0.0261604273021,-0.0859156661156,-0.470715072594,0.877702370278
1542728552234868565,,974,,1542728552,206393101,"""/world""","""vicon/obstacle18/obstacle18""",,,0.413714274591,0.812239148762,0.77305995021,,-0.02620344907,-0.0857772930846,-0.470736688531,0.877703027976
1542728552253803345,,975,,1542728552,223092714,"""/world""","""vicon/obstacle18/obstacle18""",,,0.413727092133,0.812220576579,0.77308728973,,-0.0260632014734,-0.0858226982899,-0.470726281476,0.877708346727
1542728552269854714,,976,,1542728552,239833143,"""/world""","""vicon/obstacle18/obstacle18""",,,0.413722448487,0.812186787781,0.773072205687,,-0.0262093499088,-0.0858236670599,-0.470711063813,0.877712061302
1542728552286185265,,977,,1542728552,256369843,"""/world""","""vicon/obstacle18/obstacle18""",,,0.413725829342,0.812200544001,0.773061002103,,-0.0262268682447,-0.0858269724844,-0.470700003119,0.877717146488
1542728552302096103,,978,,1542728552,273054819,"""/world""","""vicon/obstacle18/obstacle18""",,,0.413718471432,0.812233009781,0.773055052316,,-0.0260955692128,-0.0858890826595,-0.470723269237,0.877702506859
1542728552319047395,,979,,1542728552,289776809,"""/world""","""vicon/obstacle18/obstacle18""",,,0.413720047078,0.812229279387,0.773052038605,,-0.0262398100153,-0.0858531110616,-0.470725143374,0.877700720682
1542728552335365077,,980,,1542728552,306509164,"""/world""","""vicon/obstacle18/obstacle18""",,,0.413722319039,0.812199701556,0.773077042863,,-0.0261588885012,-0.0858328176656,-0.470693961661,0.877721843422
1542728552351526722,,981,,1542728552,323147635,"""/world""","""vicon/obstacle18/obstacle18""",,,0.413726376075,0.812184473719,0.773072056142,,-0.0262457403029,-0.0858813763498,-0.47070698661,0.877707515673
1542728552368747364,,982,,1542728552,339785878,"""/world""","""vicon/obstacle18/obstacle18""",,,0.413721404794,0.812213387472,0.773053295822,,-0.0262049381357,-0.0858487910163,-0.470727218273,0.877701072277
1542728552385494294,,983,,1542728552,356404218,"""/world""","""vicon/obstacle18/obstacle18""",,,0.413715227003,0.812232124974,0.773045182888,,-0.0262359404323,-0.0858442088939,-0.470733832242,0.877697047056
1542728552402230479,,984,,1542728552,373149353,"""/world""","""vicon/obstacle18/obstacle18""",,,0.413720094201,0.812222611581,0.773056190009,,-0.0261808709523,-0.0858987450352,-0.470700022924,0.877711487914
1542728552418068951,,985,,1542728552,389829245,"""/world""","""vicon/obstacle18/obstacle18""",,,0.413724199718,0.812201015404,0.773083684806,,-0.0261383962831,-0.0858701131104,-0.470705873628,0.877712417849
1542728552436864665,,986,,1542728552,406423479,"""/world""","""vicon/obstacle18/obstacle18""",,,0.413721088545,0.812189187838,0.773078535163,,-0.0261528652995,-0.0857766653263,-0.470752904653,0.877695900687
1542728552450798215,,987,,1542728552,423045333,"""/world""","""vicon/obstacle18/obstacle18""",,,0.41372672167,0.812220387181,0.773043251704,,-0.0262328681056,-0.0858863920031,-0.47073340791,0.877693239679
1542728552469352880,,988,,1542728552,439767118,"""/world""","""vicon/obstacle18/obstacle18""",,,0.413719119538,0.812250773535,0.773041423141,,-0.0261239421914,-0.085893626043,-0.470714131051,0.877706119085
1542728552486315500,,989,,1542728552,456388154,"""/world""","""vicon/obstacle18/obstacle18""",,,0.41371815554,0.812217943585,0.773056207684,,-0.0261870839539,-0.0859443134299,-0.470650863243,0.877733203515
1542728552502723342,,990,,1542728552,473077812,"""/world""","""vicon/obstacle18/obstacle18""",,,0.413728867198,0.812188719777,0.773079903968,,-0.0262300177831,-0.085948540412,-0.470686330271,0.877712488839
1542728552517024609,,991,,1542728552,489797059,"""/world""","""vicon/obstacle18/obstacle18""",,,0.413727489199,0.812186044598,0.773077547056,,-0.0261637760318,-0.0859086603092,-0.470644469051,0.877740817474
1542728552533756559,,992,,1542728552,506400416,"""/world""","""vicon/obstacle18/obstacle18""",,,0.413711902947,0.812218918629,0.773045276549,,-0.0261292122953,-0.0858429485829,-0.470714261937,0.877710849912
1542728552553226826,,993,,1542728552,523056843,"""/world""","""vicon/obstacle18/obstacle18""",,,0.413719287589,0.812255982801,0.773038415416,,-0.0261562427345,-0.0858563505621,-0.470700750895,0.877715979768
1542728552570390015,,994,,1542728552,539822287,"""/world""","""vicon/obstacle18/obstacle18""",,,0.413720570739,0.812227086998,0.77305823085,,-0.0261414400692,-0.0857997591631,-0.470718088065,0.877712656857
1542728552585475727,,995,,1542728552,556366827,"""/world""","""vicon/obstacle18/obstacle18""",,,0.41372127841,0.812183733136,0.773080723245,,-0.0262402797618,-0.0859008999746,-0.470665898032,0.877727802642
1542728552602574783,,996,,1542728552,573100581,"""/world""","""vicon/obstacle18/obstacle18""",,,0.41372720952,0.812182150443,0.773078164781,,-0.0262124462679,-0.0858617122641,-0.470713505572,0.877706938391
1542728552619294467,,997,,1542728552,589768301,"""/world""","""vicon/obstacle18/obstacle18""",,,0.413720497594,0.812224702052,0.773058861909,,-0.0261794127187,-0.0857785812625,-0.470772663743,0.8776843239
1542728552635942288,,998,,1542728552,606358116,"""/world""","""vicon/obstacle18/obstacle18""",,,0.413718856802,0.81225189471,0.773032318178,,-0.0262795566431,-0.0857943459461,-0.470806757517,0.877661502051
1542728552652441617,,999,,1542728552,623025240,"""/world""","""vicon/obstacle18/obstacle18""",,,0.413722046115,0.812226758959,0.773053529528,,-0.02616526672,-0.0857811540713,-0.470747942299,0.877697753925
1542728552666726738,,1000,,1542728552,639674574,"""/world""","""vicon/obstacle18/obstacle18""",,,0.413726731759,0.812186956172,0.773082441348,,-0.0261761025501,-0.0859041065834,-0.470682244403,0.877720639458
1542728552684513943,,1001,,1542728552,656409409,"""/world""","""vicon/obstacle18/obstacle18""",,,0.413720903097,0.812178292072,0.77308462432,,-0.0261495513667,-0.085813174973,-0.470725633512,0.877707057006
1542728552704040196,,1002,,1542728552,673071420,"""/world""","""vicon/obstacle18/obstacle18""",,,0.413725074393,0.812223265247,0.773068677055,,-0.0261586411831,-0.0857762305822,-0.470743201041,0.877700975522
1542728552721195849,,1003,,1542728552,689811834,"""/world""","""vicon/obstacle18/obstacle18""",,,0.413714575626,0.812245706452,0.773047336337,,-0.0260785244053,-0.0858042313161,-0.470743875949,0.877700260744
1542728552737516050,,1004,,1542728552,706376482,"""/world""","""vicon/obstacle18/obstacle18""",,,0.413722476537,0.812229913888,0.773056147914,,-0.0261294211782,-0.0858743712799,-0.470719523517,0.877704948081
1542728552754736909,,1005,,1542728552,723085321,"""/world""","""vicon/obstacle18/obstacle18""",,,0.413729815647,0.812188635545,0.773080043221,,-0.0261317273008,-0.0858731899636,-0.470669100435,0.877732035401
1542728552771369750,,1006,,1542728552,739732997,"""/world""","""vicon/obstacle18/obstacle18""",,,0.413727701939,0.812180814553,0.773079783031,,-0.026200669912,-0.0858037057462,-0.470756806189,0.87768973926
1542728552788724108,,1007,,1542728552,756392316,"""/world""","""vicon/obstacle18/obstacle18""",,,0.413716769286,0.812220394862,0.773072129465,,-0.0260577653304,-0.0857856086977,-0.470726658999,0.87771193151
1542728552805287491,,1008,,1542728552,773043966,"""/world""","""vicon/obstacle18/obstacle18""",,,0.413717693163,0.812233856902,0.773041847494,,-0.0262135906635,-0.0858724841043,-0.470752632346,0.877684865585
1542728552818754170,,1009,,1542728552,789850188,"""/world""","""vicon/obstacle18/obstacle18""",,,0.413718900853,0.812227589955,0.773056031926,,-0.0260987561253,-0.085821074981,-0.470753318343,0.877692948181
1542728552833672703,,1010,,1542728552,806418026,"""/world""","""vicon/obstacle18/obstacle18""",,,0.413720514482,0.812202452433,0.77307562876,,-0.026166182899,-0.0858267538285,-0.470727897243,0.877704019563
1542728552850610590,,1011,,1542728552,823141078,"""/world""","""vicon/obstacle18/obstacle18""",,,0.413730661597,0.812185015085,0.773084833838,,-0.0262228299529,-0.0858756958313,-0.470685351125,0.877720358823
1542728552868847103,,1012,,1542728552,839748080,"""/world""","""vicon/obstacle18/obstacle18""",,,0.413723526307,0.812218204612,0.773069627499,,-0.02612338716,-0.0858692710807,-0.470741425302,0.877693880252
1542728552884912261,,1013,,1542728552,856398753,"""/world""","""vicon/obstacle18/obstacle18""",,,0.413713040144,0.812237519098,0.773053093254,,-0.0260684670835,-0.0858049281426,-0.470748144767,0.877698201849
1542728552899904428,,1014,,1542728552,873111347,"""/world""","""vicon/obstacle18/obstacle18""",,,0.413712160937,0.812229190103,0.773052577387,,-0.0261894057156,-0.0857846203487,-0.470780185751,0.877679400832
1542728552918080159,,1015,,1542728552,889733960,"""/world""","""vicon/obstacle18/obstacle18""",,,0.413728586341,0.812209343658,0.773070797388,,-0.0260690344406,-0.0859498684879,-0.470691438622,0.87771441549
1542728552933602962,,1016,,1542728552,906452695,"""/world""","""vicon/obstacle18/obstacle18""",,,0.413727507852,0.812202085267,0.773092743945,,-0.0261306719982,-0.0858865708211,-0.470699449018,0.877714482977
1542728552950416321,,1017,,1542728552,923151592,"""/world""","""vicon/obstacle18/obstacle18""",,,0.413727944129,0.812201784194,0.773060837933,,-0.026137946845,-0.0860090415592,-0.470657631719,0.877724698416
1542728552968629787,,1018,,1542728552,939817007,"""/world""","""vicon/obstacle18/obstacle18""",,,0.413717771995,0.812233938055,0.773058099479,,-0.0260661487948,-0.0857514644979,-0.470787309297,0.877682489075
1542728552984205802,,1019,,1542728552,956387746,"""/world""","""vicon/obstacle18/obstacle18""",,,0.413711813333,0.812235280685,0.77306478958,,-0.0260567690135,-0.0857546392819,-0.470782789094,0.877684882018
1542728552998941272,,1020,,1542728552,973007442,"""/world""","""vicon/obstacle18/obstacle18""",,,0.41372449975,0.812208969311,0.773066344262,,-0.0262108480671,-0.085925598405,-0.470697887798,0.877709109788
1542728553019414407,,1021,,1542728552,989782002,"""/world""","""vicon/obstacle18/obstacle18""",,,0.413741610125,0.812206163413,0.773084724429,,-0.0261260136184,-0.0858407957898,-0.470719804893,0.877708182981
1542728553035299535,,1022,,1542728553,6430190,"""/world""","""vicon/obstacle18/obstacle18""",,,0.413727105297,0.812199536576,0.773068539196,,-0.0261964202055,-0.085882176753,-0.47071766932,0.877703181648
1542728553051428531,,1023,,1542728553,23175814,"""/world""","""vicon/obstacle18/obstacle18""",,,0.413714959356,0.812212149115,0.773032134014,,-0.026203693235,-0.0858828523901,-0.470713549308,0.877705108008
1542728553068758526,,1024,,1542728553,39861964,"""/world""","""vicon/obstacle18/obstacle18""",,,0.41371206285,0.812242369402,0.773056289999,,-0.0260691774933,-0.0857686245206,-0.470766970423,0.877691631834
1542728553084991273,,1025,,1542728553,56378264,"""/world""","""vicon/obstacle18/obstacle18""",,,0.413719285737,0.812221615957,0.773070023088,,-0.0262303924807,-0.0858615654539,-0.470716231799,0.877704954532
1542728553101835897,,1026,,1542728553,73106881,"""/world""","""vicon/obstacle18/obstacle18""",,,0.413732090238,0.812195786597,0.773084982493,,-0.0262410423738,-0.0858750021381,-0.470672246892,0.877726909527
1542728553119015754,,1027,,1542728553,89754586,"""/world""","""vicon/obstacle18/obstacle18""",,,0.413737861304,0.812191984831,0.773057247372,,-0.0261648258523,-0.085912391276,-0.470740293869,0.877689032996
1542728553135740351,,1028,,1542728553,106442415,"""/world""","""vicon/obstacle18/obstacle18""",,,0.413717155156,0.812220456988,0.773041402338,,-0.0261718440798,-0.0858129439802,-0.470757981129,0.877689065915
1542728553152423037,,1029,,1542728553,123352998,"""/world""","""vicon/obstacle18/obstacle18""",,,0.41371180574,0.812242177148,0.773046582883,,-0.0260845360183,-0.0857628762637,-0.470740924628,0.877705706895
1542728553166593687,,1030,,1542728553,140363247,"""/world""","""vicon/obstacle18/obstacle18""",,,0.413717345681,0.812233338105,0.773081022904,,-0.0261027251309,-0.0858563990441,-0.47072346591,0.877705386292
1542728553181741506,,1031,,1542728553,156373016,"""/world""","""vicon/obstacle18/obstacle18""",,,0.413723599375,0.812203530046,0.773096405516,,-0.026182231975,-0.0857903517604,-0.470697457213,0.877723424575
1542728553201010200,,1032,,1542728553,173046067,"""/world""","""vicon/obstacle18/obstacle18""",,,0.413726532719,0.81218793914,0.773071616356,,-0.0261538343364,-0.0858663436576,-0.470687083102,0.877722403598
1542728553216991824,,1033,,1542728553,189753439,"""/world""","""vicon/obstacle18/obstacle18""",,,0.413725888766,0.812224469582,0.773040374596,,-0.0262380850107,-0.0857785135244,-0.470790740017,0.877672882472
1542728553234323374,,1034,,1542728553,206497743,"""/world""","""vicon/obstacle18/obstacle18""",,,0.41371040763,0.81225319168,0.773039876207,,-0.0261769203804,-0.0857889954742,-0.470757079031,0.877691739529
1542728553249586142,,1035,,1542728553,223108931,"""/world""","""vicon/obstacle18/obstacle18""",,,0.413719120665,0.81223346629,0.773079575766,,-0.0262097437276,-0.0857417303883,-0.470749308385,0.877699546347
1542728553267626365,,1036,,1542728553,239777474,"""/world""","""vicon/obstacle18/obstacle18""",,,0.413730836959,0.81219618956,0.7731012376,,-0.0261283528359,-0.0857030628002,-0.470802102785,0.877677431759
1542728553282868251,,1037,,1542728553,256431684,"""/world""","""vicon/obstacle18/obstacle18""",,,0.41372405324,0.812194687793,0.773068862625,,-0.0261631431121,-0.0858741153904,-0.470661564693,0.877735049869
1542728553300498681,,1038,,1542728553,273164983,"""/world""","""vicon/obstacle18/obstacle18""",,,0.413721023851,0.812223771669,0.773026199803,,-0.0262193828674,-0.0859023054985,-0.470718044418,0.877700325015
1542728553319399959,,1039,,1542728553,289744238,"""/world""","""vicon/obstacle18/obstacle18""",,,0.413720487571,0.812259009491,0.77303562654,,-0.0261369349597,-0.0857685931917,-0.470808348045,0.877667424748
1542728553339081007,,1040,,1542728553,306442646,"""/world""","""vicon/obstacle18/obstacle18""",,,0.413717998254,0.812235335988,0.77306866952,,-0.026214276623,-0.0858788705591,-0.470646288261,0.877741250392
1542728553354529260,,1041,,1542728553,323077901,"""/world""","""vicon/obstacle18/obstacle18""",,,0.413720439685,0.812176549942,0.773098467107,,-0.0262114501568,-0.0858313032649,-0.470708124635,0.877712828129
1542728553371471135,,1042,,1542728553,339843271,"""/world""","""vicon/obstacle18/obstacle18""",,,0.413723635615,0.812191172262,0.773080647815,,-0.0262046763989,-0.0856944298153,-0.47079116753,0.877681865034
1542728553385184169,,1043,,1542728553,356434795,"""/world""","""vicon/obstacle18/obstacle18""",,,0.413715455242,0.812240305895,0.773038008423,,-0.0261052281007,-0.0857850998914,-0.470791827575,0.877675617066
1542728553400616123,,1044,,1542728553,373093748,"""/world""","""vicon/obstacle18/obstacle18""",,,0.413714263858,0.812264375386,0.773025606248,,-0.0261946050599,-0.0857902583376,-0.470739276531,0.877700636761
1542728553417567316,,1045,,1542728553,389798854,"""/world""","""vicon/obstacle18/obstacle18""",,,0.413725183919,0.81223686314,0.773071179227,,-0.026140921732,-0.0858672592595,-0.470728632896,0.877700415956
1542728553436425201,,1046,,1542728553,406413340,"""/world""","""vicon/obstacle18/obstacle18""",,,0.413727874102,0.812191103991,0.773115877108,,-0.0261402325106,-0.0857685686291,-0.470717071669,0.877716286347
1542728553451450292,,1047,,1542728553,423057880,"""/world""","""vicon/obstacle18/obstacle18""",,,0.413719571485,0.812176873338,0.773090371181,,-0.0261474783321,-0.0857940487211,-0.470741178635,0.877700651315
1542728553469497205,,1048,,1542728553,439791128,"""/world""","""vicon/obstacle18/obstacle18""",,,0.413723831141,0.812246791317,0.773038312251,,-0.026149161919,-0.0857850031963,-0.470800698761,0.87766956003
1542728553485994613,,1049,,1542728553,456519915,"""/world""","""vicon/obstacle18/obstacle18""",,,0.413713435219,0.812288128512,0.773036529306,,-0.0259756052029,-0.0858035682584,-0.470717806301,0.877717359085
1542728553502969042,,1050,,1542728553,473151924,"""/world""","""vicon/obstacle18/obstacle18""",,,0.413718562923,0.8122303833,0.773059662155,,-0.0262539313565,-0.0858020400169,-0.470736622987,0.877699135693
1542728553520815619,,1051,,1542728553,489887841,"""/world""","""vicon/obstacle18/obstacle18""",,,0.413730747502,0.812183240308,0.773102474206,,-0.0261739102431,-0.0858466988871,-0.470739328609,0.877695707642
1542728553534272845,,1052,,1542728553,506419199,"""/world""","""vicon/obstacle18/obstacle18""",,,0.413726423724,0.812187757834,0.773099726315,,-0.0259991123334,-0.0857817590538,-0.4707610233,0.877695616323
1542728553550192418,,1053,,1542728553,523042349,"""/world""","""vicon/obstacle18/obstacle18""",,,0.413720379801,0.812238045391,0.773054618324,,-0.0261055008409,-0.0857294709513,-0.470762540934,0.877696753264
1542728553566958015,,1054,,1542728553,539770263,"""/world""","""vicon/obstacle18/obstacle18""",,,0.413720415624,0.81228873274,0.77303442711,,-0.026048214618,-0.0857301411281,-0.470783181965,0.877687318466
1542728553583302742,,1055,,1542728553,556436777,"""/world""","""vicon/obstacle18/obstacle18""",,,0.413719949368,0.812249070638,0.773061598806,,-0.0260773473988,-0.0857905118877,-0.47071389841,0.877717714226
1542728553604353606,,1056,,1542728553,573140378,"""/world""","""vicon/obstacle18/obstacle18""",,,0.413727114693,0.812183984295,0.773107211419,,-0.0261016813809,-0.0858037621496,-0.470758825348,0.877691600158
1542728553621839255,,1057,,1542728553,589729673,"""/world""","""vicon/obstacle18/obstacle18""",,,0.413739314043,0.812202596059,0.773109742508,,-0.0259810105394,-0.0856898073981,-0.47079513867,0.87768683561
1542728553637951734,,1058,,1542728553,606413534,"""/world""","""vicon/obstacle18/obstacle18""",,,0.41372930929,0.812256492153,0.773078514339,,-0.025911430578,-0.0857611406472,-0.470807839306,0.877675112424
1542728553653504932,,1059,,1542728553,623101867,"""/world""","""vicon/obstacle18/obstacle18""",,,0.413723238085,0.812277139479,0.773034076473,,-0.0260339865502,-0.0857692129512,-0.470799085024,0.877675392839
1542728553670738070,,1060,,1542728553,639826684,"""/world""","""vicon/obstacle18/obstacle18""",,,0.413728479741,0.812252542326,0.773066135118,,-0.0259322392812,-0.0857716697307,-0.470758156116,0.877700118542
1542728553688463739,,1061,,1542728553,656506957,"""/world""","""vicon/obstacle18/obstacle18""",,,0.41372880688,0.812194548867,0.773103415749,,-0.0260275380445,-0.0858844940377,-0.470742294367,0.877694772254
1542728553704942471,,1062,,1542728553,673163149,"""/world""","""vicon/obstacle18/obstacle18""",,,0.413727889025,0.812189485081,0.773104282094,,-0.0260346710527,-0.0857998272748,-0.470734676787,0.877706926948
1542728553720012752,,1063,,1542728553,689765732,"""/world""","""vicon/obstacle18/obstacle18""",,,0.413725174157,0.812248036085,0.773077879114,,-0.0260111113129,-0.0856848823146,-0.47077566731,0.877696869141
1542728553737153488,,1064,,1542728553,706417081,"""/world""","""vicon/obstacle18/obstacle18""",,,0.413711171642,0.812259701523,0.773035613341,,-0.0261479669769,-0.0858350969352,-0.470741143056,0.877696642463
1542728553752064787,,1065,,1542728553,723101928,"""/world""","""vicon/obstacle18/obstacle18""",,,0.413713623279,0.812221792308,0.773058166802,,-0.0261583670058,-0.0858554642817,-0.470663346245,0.877736061461
1542728553769838159,,1066,,1542728553,739754325,"""/world""","""vicon/obstacle18/obstacle18""",,,0.413723743026,0.81218114969,0.773096462331,,-0.0260684615211,-0.0858996756705,-0.470723804945,0.877701988429
1542728553787753357,,1067,,1542728553,756382585,"""/world""","""vicon/obstacle18/obstacle18""",,,0.413724030791,0.812191901188,0.773100073912,,-0.0260372837396,-0.0858106748538,-0.470731525336,0.87770747917
1542728553804244525,,1068,,1542728553,773002807,"""/world""","""vicon/obstacle18/obstacle18""",,,0.41371622178,0.812231613579,0.773057868915,,-0.0261282188056,-0.0858474793362,-0.470677668944,0.877730060116
1542728553821719481,,1069,,1542728553,789662718,"""/world""","""vicon/obstacle18/obstacle18""",,,0.413713724067,0.812253457668,0.77304270608,,-0.0261643789475,-0.0858809807246,-0.470676526447,0.877726318323
1542728553833840712,,1070,,1542728553,806412381,"""/world""","""vicon/obstacle18/obstacle18""",,,0.413713140651,0.812225100937,0.773057380433,,-0.0261324128547,-0.0858775390335,-0.470655094981,0.877739099537
1542728553849472352,,1071,,1542728553,823028987,"""/world""","""vicon/obstacle18/obstacle18""",,,0.413718435626,0.812186362575,0.773087605694,,-0.0261250541954,-0.0858276954819,-0.470710384089,0.877714545022
1542728553867891238,,1072,,1542728553,839792512,"""/world""","""vicon/obstacle18/obstacle18""",,,0.413730263457,0.812195238517,0.77309023232,,-0.0261532452439,-0.0858856080758,-0.470743976982,0.877690023997
1542728553884918234,,1073,,1542728553,856420243,"""/world""","""vicon/obstacle18/obstacle18""",,,0.413721091569,0.812236593926,0.773067299509,,-0.0260767392423,-0.0858318811114,-0.4707299127,0.877705099191
1542728553903417728,,1074,,1542728553,873108179,"""/world""","""vicon/obstacle18/obstacle18""",,,0.413710974969,0.812247901894,0.77304322762,,-0.0262380284404,-0.0857409695992,-0.470751460896,0.877697621086
1542728553919767568,,1075,,1542728553,889721403,"""/world""","""vicon/obstacle18/obstacle18""",,,0.413711760491,0.812219567635,0.773058482776,,-0.0262239457697,-0.0858095491279,-0.470676675379,0.877731447084
1542728553937332807,,1076,,1542728553,906420675,"""/world""","""vicon/obstacle18/obstacle18""",,,0.413728671829,0.812194988179,0.773082714249,,-0.0261159524457,-0.085863336412,-0.470750772318,0.877689668875
1542728553950228050,,1077,,1542728553,925078333,"""/world""","""vicon/obstacle18/obstacle18""",,,0.413726067157,0.812204717269,0.773093009114,,-0.0260883411219,-0.0857267763135,-0.470822121218,0.877665567544
1542728553966251445,,1078,,1542728553,939687482,"""/world""","""vicon/obstacle18/obstacle18""",,,0.413725660212,0.812229375692,0.773056209201,,-0.0262110390169,-0.0858604502331,-0.470729078082,0.877698752174
1542728553982897987,,1079,,1542728553,956392034,"""/world""","""vicon/obstacle18/obstacle18""",,,0.413712554718,0.812240891457,0.773046619388,,-0.0261636738504,-0.0858263437117,-0.470729669926,0.87770318374
1542728553999749925,,1080,,1542728553,973090911,"""/world""","""vicon/obstacle18/obstacle18""",,,0.413715373636,0.812214462364,0.773063690606,,-0.0262242520435,-0.0858321162584,-0.470755022439,0.877687213802
1542728554017572284,,1081,,1542728553,989882217,"""/world""","""vicon/obstacle18/obstacle18""",,,0.413720975496,0.812192736393,0.773074696965,,-0.0261647607177,-0.0858104897545,-0.470730820961,0.877704084155
1542728554037280256,,1082,,1542728554,6425519,"""/world""","""vicon/obstacle18/obstacle18""",,,0.413723201735,0.812207631343,0.773089382081,,-0.0261353695356,-0.0858572339761,-0.470710678111,0.877711191307
1542728554054306723,,1083,,1542728554,23156602,"""/world""","""vicon/obstacle18/obstacle18""",,,0.413722558026,0.812220767018,0.773059226301,,-0.0262006578181,-0.0858663929625,-0.470757051669,0.877683477338
1542728554071241123,,1084,,1542728554,39728116,"""/world""","""vicon/obstacle18/obstacle18""",,,0.413718186674,0.812235322376,0.773036720253,,-0.0262599546137,-0.0858687091586,-0.470695684836,0.877714390817
1542728554086973550,,1085,,1542728554,56437375,"""/world""","""vicon/obstacle18/obstacle18""",,,0.413714827474,0.812218533399,0.773045815467,,-0.0262320699824,-0.0859167490532,-0.470628230074,0.87774669455
1542728554103402447,,1086,,1542728554,73079625,"""/world""","""vicon/obstacle18/obstacle18""",,,0.413719095912,0.812197869383,0.773078018065,,-0.0261872152731,-0.0859088106188,-0.470709443699,0.87770526125
1542728554121043436,,1087,,1542728554,89692491,"""/world""","""vicon/obstacle18/obstacle18""",,,0.41372272487,0.812204161968,0.773081558673,,-0.0261738196448,-0.0858438873449,-0.470754119287,0.877688052411
1542728554137501671,,1088,,1542728554,106424040,"""/world""","""vicon/obstacle18/obstacle18""",,,0.413723480437,0.812224975939,0.773070164485,,-0.02610017033,-0.0859137654795,-0.470691935888,0.877716758129
1542728554154341317,,1089,,1542728554,123088930,"""/world""","""vicon/obstacle18/obstacle18""",,,0.413714841568,0.812226610082,0.773043107703,,-0.0261520220161,-0.0858836858909,-0.470711411904,0.877707713847
1542728554169288090,,1090,,1542728554,139798767,"""/world""","""vicon/obstacle18/obstacle18""",,,0.413716698779,0.812223369658,0.773051749568,,-0.0261656783319,-0.0858277007351,-0.470721058766,0.877707609571
1542728554183797096,,1091,,1542728554,156413590,"""/world""","""vicon/obstacle18/obstacle18""",,,0.413720400261,0.812210294551,0.773077689447,,-0.0260545722478,-0.0858040546618,-0.47069065344,0.877729532506
1542728554200530675,,1092,,1542728554,173120041,"""/world""","""vicon/obstacle18/obstacle18""",,,0.413720011777,0.812207856646,0.773090708327,,-0.0261092846021,-0.0858265271253,-0.470746026678,0.877696012789
1542728554218325888,,1093,,1542728554,189743254,"""/world""","""vicon/obstacle18/obstacle18""",,,0.413729554248,0.812219330507,0.773082109675,,-0.0261201203808,-0.0857918693097,-0.470777596676,0.877682145734
1542728554234027296,,1094,,1542728554,206470418,"""/world""","""vicon/obstacle18/obstacle18""",,,0.413725476983,0.812223931153,0.773055994722,,-0.0261244259167,-0.0858277949154,-0.470756872984,0.877689620839
1542728554252233084,,1095,,1542728554,223046237,"""/world""","""vicon/obstacle18/obstacle18""",,,0.413722560032,0.812225039782,0.773043930852,,-0.0261734658681,-0.085856898387,-0.470701717314,0.877714894486
1542728554268682353,,1096,,1542728554,239689035,"""/world""","""vicon/obstacle18/obstacle18""",,,0.413719659847,0.812219265062,0.773064556057,,-0.0261814978526,-0.0857994487986,-0.470718271149,0.877711395028
1542728554283040883,,1097,,1542728554,256391990,"""/world""","""vicon/obstacle18/obstacle18""",,,0.413718861036,0.812210372407,0.773087420666,,-0.0260416820912,-0.0857915399773,-0.470754838885,0.877696715345
1542728554299810133,,1098,,1542728554,273016608,"""/world""","""vicon/obstacle18/obstacle18""",,,0.41371997597,0.812225242769,0.773089214934,,-0.0261234348467,-0.0858132458457,-0.470715618626,0.877713198813
1542728554320216512,,1099,,1542728554,289687855,"""/world""","""vicon/obstacle18/obstacle18""",,,0.413726401972,0.812226630187,0.773059638261,,-0.0261312321521,-0.0859133403574,-0.470686937369,0.877718556056
1542728554335963662,,1100,,1542728554,306373230,"""/world""","""vicon/obstacle18/obstacle18""",,,0.413724617461,0.81221970373,0.773050257659,,-0.02621724701,-0.0858609847912,-0.470754232168,0.877685023312
1542728554352998046,,1101,,1542728554,323089643,"""/world""","""vicon/obstacle18/obstacle18""",,,0.413724170519,0.812213417901,0.773057236928,,-0.0260876927708,-0.0859125517727,-0.470655582083,0.877736742303
1542728554369426673,,1102,,1542728554,339729450,"""/world""","""vicon/obstacle18/obstacle18""",,,0.413717202479,0.812204864488,0.77308470093,,-0.0261082275597,-0.0858752439173,-0.470719246703,0.877705641841
1542728554387040861,,1103,,1542728554,356463769,"""/world""","""vicon/obstacle18/obstacle18""",,,0.413718761021,0.812224191142,0.773087034239,,-0.0260990136044,-0.0857290728579,-0.470802429164,0.877675589412
1542728554404108144,,1104,,1542728554,373127031,"""/world""","""vicon/obstacle18/obstacle18""",,,0.413719715624,0.812235535932,0.7730658168,,-0.0261353148746,-0.0857442992178,-0.470799228186,0.877674738845
1542728554420415399,,1105,,1542728554,389702870,"""/world""","""vicon/obstacle18/obstacle18""",,,0.413727622905,0.812217035746,0.77304587419,,-0.0261856475521,-0.0859120024646,-0.47068867995,0.877716130797
1542728554432846544,,1106,,1542728554,406340591,"""/world""","""vicon/obstacle18/obstacle18""",,,0.41372845906,0.812202330134,0.773055191829,,-0.0261666129172,-0.085938437443,-0.470694024907,0.877711244234
1542728554449391148,,1107,,1542728554,423030781,"""/world""","""vicon/obstacle18/obstacle18""",,,0.413721915103,0.812202034597,0.773080779914,,-0.0260928351124,-0.0858863554648,-0.470687558583,0.877722006159
1542728554468688092,,1108,,1542728554,439693485,"""/world""","""vicon/obstacle18/obstacle18""",,,0.413716978152,0.812217752136,0.7730849958,,-0.0260479346896,-0.0858406809644,-0.470722573745,0.877709029894
1542728554485184690,,1109,,1542728554,456476506,"""/world""","""vicon/obstacle18/obstacle18""",,,0.413716308404,0.812250982836,0.773072588453,,-0.0260166841149,-0.0857414963789,-0.47080208966,0.877677002273
1542728554501584017,,1110,,1542728554,473103318,"""/world""","""vicon/obstacle18/obstacle18""",,,0.41372365827,0.812236724754,0.773055649596,,-0.0261323577545,-0.0859042771261,-0.470753574959,0.877683671212
1542728554516567437,,1111,,1542728554,489689767,"""/world""","""vicon/obstacle18/obstacle18""",,,0.413730216181,0.812187676186,0.773053445746,,-0.0262725753061,-0.0859586687635,-0.470681014214,0.877713074934
1542728554534729806,,1112,,1542728554,506466880,"""/world""","""vicon/obstacle18/obstacle18""",,,0.413730561137,0.812185069182,0.773063335171,,-0.0261979752064,-0.0859110976707,-0.470724513358,0.877696634331
1542728554550739377,,1113,,1542728554,523166217,"""/world""","""vicon/obstacle18/obstacle18""",,,0.413717261928,0.812222675993,0.773080699188,,-0.0260863266744,-0.0857101976812,-0.47082575433,0.877665297613
1542728554568337195,,1114,,1542728554,539735424,"""/world""","""vicon/obstacle18/obstacle18""",,,0.413711022668,0.812249905914,0.773057342529,,-0.0260672743651,-0.0858307531594,-0.470726826308,0.877707145928
1542728554584353649,,1115,,1542728554,556464402,"""/world""","""vicon/obstacle18/obstacle18""",,,0.413718108901,0.812239449905,0.773053197205,,-0.0261221467368,-0.0857503370675,-0.470811734952,0.877667832027
1542728554601664761,,1116,,1542728554,573123763,"""/world""","""vicon/obstacle18/obstacle18""",,,0.413728926,0.812185186319,0.773056830939,,-0.0262407138568,-0.0859331917856,-0.470689249835,0.877712106317
1542728554617919874,,1117,,1542728554,589734233,"""/world""","""vicon/obstacle18/obstacle18""",,,0.41372769637,0.81216925534,0.77306756945,,-0.0262912043188,-0.0860546723809,-0.470590175078,0.877751817462
1542728554635610917,,1118,,1542728554,606473726,"""/world""","""vicon/obstacle18/obstacle18""",,,0.413724504565,0.812217831223,0.773070527817,,-0.0260922190679,-0.0859029274762,-0.470723427489,0.877701166667
1542728554652768354,,1119,,1542728554,623099005,"""/world""","""vicon/obstacle18/obstacle18""",,,0.413712504863,0.812252492404,0.773062034514,,-0.0259869132969,-0.0858410261666,-0.470769283772,0.877685752431
1542728554669264617,,1120,,1542728554,639748299,"""/world""","""vicon/obstacle18/obstacle18""",,,0.413709568515,0.812240210125,0.773049554249,,-0.0261776577883,-0.0857573786545,-0.470814760699,0.877663866949
1542728554685267238,,1121,,1542728554,656391693,"""/world""","""vicon/obstacle18/obstacle18""",,,0.413724495935,0.812202588235,0.773065760283,,-0.0261392251777,-0.0859291889628,-0.470671312051,0.877725145705
1542728554701458494,,1122,,1542728554,673085016,"""/world""","""vicon/obstacle18/obstacle18""",,,0.41372796443,0.812172135191,0.77306571973,,-0.0262475057966,-0.085977570884,-0.470695804837,0.877704041835
1542728554718334091,,1123,,1542728554,689693277,"""/world""","""vicon/obstacle18/obstacle18""",,,0.413729119206,0.812200684863,0.773058995975,,-0.0263146905121,-0.0859453369774,-0.470689087317,0.877708789517
1542728554735903225,,1124,,1542728554,706474687,"""/world""","""vicon/obstacle18/obstacle18""",,,0.413721650428,0.81224547061,0.773061975766,,-0.0260854802716,-0.0858461286406,-0.470763639879,0.877685356654
1542728554752540308,,1125,,1542728554,723086408,"""/world""","""vicon/obstacle18/obstacle18""",,,0.413712964455,0.812234699619,0.773051014486,,-0.0262257336951,-0.085874384441,-0.47077734386,0.877671062242
1542728554768741566,,1126,,1542728554,739742370,"""/world""","""vicon/obstacle18/obstacle18""",,,0.413715252346,0.812201368686,0.773060137229,,-0.0261096362977,-0.0858141582962,-0.470753138051,0.877693397573
1542728554785654106,,1127,,1542728554,756382027,"""/world""","""vicon/obstacle18/obstacle18""",,,0.413724568077,0.812187788839,0.773064603555,,-0.0262273706687,-0.0859668544962,-0.4706143324,0.877749380572
1542728554802272009,,1128,,1542728554,773070708,"""/world""","""vicon/obstacle18/obstacle18""",,,0.413724642581,0.812202463578,0.773053766181,,-0.0263291641425,-0.0859261333298,-0.470660435252,0.877725600296
1542728554818849254,,1129,,1542728554,789704235,"""/world""","""vicon/obstacle18/obstacle18""",,,0.413722471222,0.81223239853,0.773056593897,,-0.0261898467644,-0.0858981801031,-0.470742039213,0.877688741582
1542728554837458150,,1130,,1542728554,806423677,"""/world""","""vicon/obstacle18/obstacle18""",,,0.413721564178,0.812221249826,0.773058985639,,-0.0261502868195,-0.0857714003947,-0.470773008181,0.877685709205
1542728554854034663,,1131,,1542728554,823145413,"""/world""","""vicon/obstacle18/obstacle18""",,,0.413712661919,0.812199210902,0.773056697685,,-0.0262064141823,-0.0858860868285,-0.470714794336,0.877704042567
1542728554869821249,,1132,,1542728554,839803116,"""/world""","""vicon/obstacle18/obstacle18""",,,0.413721410585,0.812203424589,0.773058361954,,-0.0262075021445,-0.085920155594,-0.470683833714,0.877717279296
1542728554884782912,,1133,,1542728554,856436427,"""/world""","""vicon/obstacle18/obstacle18""",,,0.413730151058,0.81221668858,0.773051225996,,-0.026215104915,-0.0858912640452,-0.470653976804,0.877735890318
1542728554900753654,,1134,,1542728554,873037854,"""/world""","""vicon/obstacle18/obstacle18""",,,0.413728818454,0.812226301043,0.773048346757,,-0.0262140066527,-0.0859402751442,-0.470700900859,0.877705962663
1542728554922018417,,1135,,1542728554,889775767,"""/world""","""vicon/obstacle18/obstacle18""",,,0.413722616112,0.812213208077,0.773055329643,,-0.0262734891552,-0.0858816389546,-0.470745283164,0.877686120567
1542728554938065981,,1136,,1542728554,906422495,"""/world""","""vicon/obstacle18/obstacle18""",,,0.413719963692,0.812196030111,0.773058298104,,-0.0261735341407,-0.0858124207916,-0.4707898994,0.877671946214
1542728554953111211,,1137,,1542728554,923113972,"""/world""","""vicon/obstacle18/obstacle18""",,,0.413720606681,0.812220148244,0.77306038391,,-0.0260717385558,-0.085819072973,-0.470762161019,0.877689204055
1542728554969804931,,1138,,1542728554,939727898,"""/world""","""vicon/obstacle18/obstacle18""",,,0.413724891947,0.812231573621,0.773056798971,,-0.0262200378504,-0.0858462259178,-0.470745095889,0.877691283885
1542728554984945609,,1139,,1542728554,956442039,"""/world""","""vicon/obstacle18/obstacle18""",,,0.413730048863,0.812228834708,0.773048170707,,-0.0262779819764,-0.0859249538032,-0.470723873103,0.87769322959
1542728555003024104,,1140,,1542728554,972997624,"""/world""","""vicon/obstacle18/obstacle18""",,,0.413732997412,0.812200198791,0.773056294621,,-0.0261622371688,-0.085964133853,-0.47070880113,0.877700934018
1542728555018419997,,1141,,1542728554,989712222,"""/world""","""vicon/obstacle18/obstacle18""",,,0.413725231845,0.812189186911,0.773072003975,,-0.0260620523333,-0.0859216579606,-0.470747349731,0.877687399273
1542728555032922985,,1142,,1542728555,6450392,"""/world""","""vicon/obstacle18/obstacle18""",,,0.413722711771,0.812218080578,0.773056789764,,-0.0261425958496,-0.0858428959738,-0.470812084167,0.877657987655
1542728555049193659,,1143,,1542728555,23065859,"""/world""","""vicon/obstacle18/obstacle18""",,,0.413725329683,0.812249575158,0.773066259802,,-0.0260610411583,-0.0857669608199,-0.470773275449,0.877688654187
1542728555072757990,,1144,,1542728555,39733683,"""/world""","""vicon/obstacle18/obstacle18""",,,0.413724897573,0.81223469085,0.773069069823,,-0.0261836704072,-0.0857861999776,-0.470784376376,0.877677169726
1542728555087742543,,1145,,1542728555,56417435,"""/world""","""vicon/obstacle18/obstacle18""",,,0.413735745796,0.812204591927,0.773071008725,,-0.0261376682945,-0.0859098404418,-0.470714765792,0.877703783105
1542728555102831341,,1146,,1542728555,73048595,"""/world""","""vicon/obstacle18/obstacle18""",,,0.4137373819,0.812191280577,0.773069687455,,-0.0262336006928,-0.0858924198995,-0.470741460707,0.877688308894
1542728555117866571,,1147,,1542728555,89603876,"""/world""","""vicon/obstacle18/obstacle18""",,,0.413726850706,0.812220767633,0.773066033702,,-0.02606309307,-0.0858282296096,-0.470767824656,0.877685527652
1542728555135024037,,1148,,1542728555,106379151,"""/world""","""vicon/obstacle18/obstacle18""",,,0.41372646453,0.81224868725,0.773051256911,,-0.0261207770639,-0.0857777103208,-0.470786514761,0.877678726492
1542728555150689827,,1149,,1542728555,123054241,"""/world""","""vicon/obstacle18/obstacle18""",,,0.413723985036,0.812240477201,0.773070963868,,-0.0260438963475,-0.0857561010475,-0.470811353642,0.877669798887
1542728555168816311,,1150,,1542728555,139822902,"""/world""","""vicon/obstacle18/obstacle18""",,,0.413730462881,0.812201210954,0.773064442236,,-0.0262937280322,-0.0858655652459,-0.470769533593,0.877674080061
1542728555185530678,,1151,,1542728555,156410028,"""/world""","""vicon/obstacle18/obstacle18""",,,0.413732999944,0.812191118076,0.773070014649,,-0.02614698524,-0.0859046505764,-0.47074453813,0.877688045944
1542728555202499759,,1152,,1542728555,173112198,"""/world""","""vicon/obstacle18/obstacle18""",,,0.413729400828,0.812208980541,0.77305480748,,-0.0261280993045,-0.0858826811599,-0.470802784091,0.877659515983
1542728555219384671,,1153,,1542728555,189729835,"""/world""","""vicon/obstacle18/obstacle18""",,,0.413726319724,0.812235691999,0.77305545278,,-0.0260697131426,-0.0858567016686,-0.470702542778,0.877717558818
1542728555236227648,,1154,,1542728555,206427202,"""/world""","""vicon/obstacle18/obstacle18""",,,0.413722878627,0.812234931389,0.773057229536,,-0.0261143919417,-0.0858056015934,-0.470747904447,0.877696899691
1542728555253249192,,1155,,1542728555,223098409,"""/world""","""vicon/obstacle18/obstacle18""",,,0.413725112229,0.812205129921,0.773069079321,,-0.0261259317111,-0.0858756553428,-0.470702715971,0.877713940125
1542728555269999647,,1156,,1542728555,239772865,"""/world""","""vicon/obstacle18/obstacle18""",,,0.413730038127,0.812196954867,0.773059978121,,-0.0262270819109,-0.085901502575,-0.470702989794,0.877708247329
1542728555283462288,,1157,,1542728555,256543908,"""/world""","""vicon/obstacle18/obstacle18""",,,0.41373066335,0.812202130377,0.773047730206,,-0.0262260895032,-0.0860052351855,-0.470695763025,0.877701994085
1542728555298534052,,1158,,1542728555,273545868,"""/world""","""vicon/obstacle18/obstacle18""",,,0.4137272397,0.812223909651,0.773048658864,,-0.026194405187,-0.0858406576994,-0.470725691073,0.87770300124
1542728555315396312,,1159,,1542728555,289726692,"""/world""","""vicon/obstacle18/obstacle18""",,,0.413722316869,0.8122269835,0.773048232056,,-0.0261140394606,-0.0858771116584,-0.47066894137,0.87773226343
1542728555338891629,,1160,,1542728555,306454018,"""/world""","""vicon/obstacle18/obstacle18""",,,0.413725488066,0.812215609158,0.7730668424,,-0.0261076732277,-0.085881525703,-0.470704170387,0.877713129059
1542728555355037712,,1161,,1542728555,323142725,"""/world""","""vicon/obstacle18/obstacle18""",,,0.413727894835,0.812206100367,0.773058351649,,-0.0261954472483,-0.0858995022283,-0.47072608547,0.877697001543
1542728555371682888,,1162,,1542728555,339790733,"""/world""","""vicon/obstacle18/obstacle18""",,,0.413729274242,0.81221483139,0.77304796884,,-0.0262118158065,-0.0858877923697,-0.470735029697,0.877692861797
1542728555386088516,,1163,,1542728555,356403015,"""/world""","""vicon/obstacle18/obstacle18""",,,0.41373025567,0.812209720044,0.77304027921,,-0.0262616254083,-0.085937485458,-0.470689877462,0.877710723917
1542728555400065506,,1164,,1542728555,373071155,"""/world""","""vicon/obstacle18/obstacle18""",,,0.413725732582,0.812214643906,0.773051782029,,-0.0261466955879,-0.0859268320219,-0.470694408004,0.877712768577
1542728555416717259,,1165,,1542728555,389659416,"""/world""","""vicon/obstacle18/obstacle18""",,,0.413729245245,0.812217676772,0.773063945638,,-0.0261696359752,-0.0857308986001,-0.470759299929,0.877696442233
1542728555435105716,,1166,,1542728555,406405096,"""/world""","""vicon/obstacle18/obstacle18""",,,0.413718765044,0.812215788493,0.773064940931,,-0.0262334109091,-0.0857834702106,-0.470763541663,0.877687126618
1542728555451163480,,1167,,1542728555,423192766,"""/world""","""vicon/obstacle18/obstacle18""",,,0.413726203427,0.812223645753,0.773043338335,,-0.0261952966082,-0.0858559800834,-0.470740603332,0.877693478097
1542728555467612409,,1168,,1542728555,439736531,"""/world""","""vicon/obstacle18/obstacle18""",,,0.41372924915,0.812216742477,0.773054424352,,-0.0261189579554,-0.0858945621075,-0.470697768541,0.877714950839
1542728555485305487,,1169,,1542728555,456460151,"""/world""","""vicon/obstacle18/obstacle18""",,,0.413732044726,0.812196569317,0.773048009348,,-0.0263126897248,-0.0859722937609,-0.470672436578,0.877715138591
1542728555502140430,,1170,,1542728555,473182163,"""/world""","""vicon/obstacle18/obstacle18""",,,0.413724537512,0.812213455388,0.773064541019,,-0.0262351413426,-0.0858419211538,-0.470703142629,0.877713753709
1542728555518444981,,1171,,1542728555,489802443,"""/world""","""vicon/obstacle18/obstacle18""",,,0.413722640592,0.812226589562,0.773058441646,,-0.02616359136,-0.0857701989884,-0.470779120442,0.877682151584
1542728555535433266,,1172,,1542728555,506443971,"""/world""","""vicon/obstacle18/obstacle18""",,,0.413719165154,0.812230914101,0.773048554088,,-0.0261987138186,-0.085835349364,-0.470734056847,0.877698905046
1542728555551426504,,1173,,1542728555,523124034,"""/world""","""vicon/obstacle18/obstacle18""",,,0.413725445343,0.812216979968,0.773052656431,,-0.0262468844186,-0.0858176915936,-0.470764907966,0.877682645548
1542728555570065678,,1174,,1542728555,539727104,"""/world""","""vicon/obstacle18/obstacle18""",,,0.41372868038,0.812198415859,0.773060147567,,-0.0261920457664,-0.0859025360109,-0.470697215916,0.877712288836
1542728555588290780,,1175,,1542728555,556483062,"""/world""","""vicon/obstacle18/obstacle18""",,,0.413726865121,0.812199256488,0.773058987549,,-0.0262627723336,-0.0859009798198,-0.470700921853,0.877708340294
1542728555604968443,,1176,,1542728555,573103836,"""/world""","""vicon/obstacle18/obstacle18""",,,0.413723530931,0.812225744493,0.773053669838,,-0.02619284575,-0.0858477646278,-0.470748010459,0.877690382076
1542728555620953914,,1177,,1542728555,589735270,"""/world""","""vicon/obstacle18/obstacle18""",,,0.413718795915,0.812232745173,0.77304411852,,-0.026138488286,-0.0858854442726,-0.470714266017,0.877706414275
1542728555635453939,,1178,,1542728555,606458068,"""/world""","""vicon/obstacle18/obstacle18""",,,0.413722971956,0.812216736736,0.773053382289,,-0.0262287874927,-0.0858045194682,-0.470775340032,0.877678878841
1542728555651988548,,1179,,1542728555,623094660,"""/world""","""vicon/obstacle18/obstacle18""",,,0.413731988484,0.812194917933,0.773065421422,,-0.0261921074551,-0.0858756993621,-0.47074330489,0.877690195153
1542728555671363073,,1180,,1542728555,639746689,"""/world""","""vicon/obstacle18/obstacle18""",,,0.413728194058,0.812194001202,0.773057703348,,-0.0262399026625,-0.0859732844173,-0.470687493659,0.877709146123
1542728555688545728,,1181,,1542728555,656501156,"""/world""","""vicon/obstacle18/obstacle18""",,,0.413713331284,0.812221248831,0.773062084336,,-0.0261447776072,-0.0859073242829,-0.470766363511,0.877676143703
1542728555705064730,,1182,,1542728555,673135732,"""/world""","""vicon/obstacle18/obstacle18""",,,0.413691697813,0.812276289754,0.773127365222,,-0.0268273863399,-0.0866344720475,-0.470692906813,0.877623465429
1542728555721631809,,1183,,1542728555,689711088,"""/world""","""vicon/obstacle18/obstacle18""",,,0.413699294602,0.812260712216,0.773120080644,,-0.0268916571207,-0.0866463057879,-0.470707795312,0.87761234489
1542728555735960600,,1184,,1542728555,706442798,"""/world""","""vicon/obstacle18/obstacle18""",,,0.413709501881,0.812235722424,0.773123795762,,-0.0269554871995,-0.0866830377041,-0.47069907077,0.87761143877
1542728555751542469,,1185,,1542728555,723155558,"""/world""","""vicon/obstacle18/obstacle18""",,,0.413714895729,0.812233630912,0.773127174696,,-0.0268216975305,-0.0866962970142,-0.470656081847,0.877637283418
1542728555768317269,,1186,,1542728555,739745815,"""/world""","""vicon/obstacle18/obstacle18""",,,0.41373941588,0.812207789048,0.773011678044,,-0.0261652870124,-0.0857424309149,-0.470670081542,0.877743292562
1542728555785001612,,1187,,1542728555,756450468,"""/world""","""vicon/obstacle18/obstacle18""",,,0.413711403163,0.812248786194,0.773068787673,,-0.0265040212137,-0.086192153802,-0.470698302518,0.877673947141
1542728555801675124,,1188,,1542728555,773105107,"""/world""","""vicon/obstacle18/obstacle18""",,,0.413705273409,0.812246641332,0.773096696137,,-0.0265745724963,-0.0863281166346,-0.470716609717,0.877648632262
1542728555818521607,,1189,,1542728555,789736030,"""/world""","""vicon/obstacle18/obstacle18""",,,0.413704600585,0.812233605696,0.77311699108,,-0.0266040553523,-0.086463271285,-0.470668605872,0.877660179343
1542728555835752553,,1190,,1542728555,806505711,"""/world""","""vicon/obstacle18/obstacle18""",,,0.413711173083,0.812222422943,0.773103547971,,-0.0266390959024,-0.0864406714701,-0.470686396282,0.877651801821
1542728555852346445,,1191,,1542728555,823138771,"""/world""","""vicon/obstacle18/obstacle18""",,,0.41370567779,0.812230682936,0.773092312056,,-0.0266206120272,-0.0865309875965,-0.470586235266,0.877697172366
1542728555870504315,,1192,,1542728555,839757929,"""/world""","""vicon/obstacle18/obstacle18""",,,0.413710618497,0.812242805176,0.773087614289,,-0.0265654553273,-0.0864007045365,-0.470661460497,0.877671341928
1542728555888949794,,1193,,1542728555,856454441,"""/world""","""vicon/obstacle18/obstacle18""",,,0.413713397238,0.812242953306,0.773098819295,,-0.0265718243512,-0.0863696093838,-0.470723202166,0.877641097299
1542728555905053915,,1194,,1542728555,873160936,"""/world""","""vicon/obstacle18/obstacle18""",,,0.413712637176,0.812244127246,0.773109417243,,-0.0265222143968,-0.0863456347715,-0.470743457286,0.877634092844
1542728555920737868,,1195,,1542728555,889746828,"""/world""","""vicon/obstacle18/obstacle18""",,,0.413710723881,0.812243196322,0.773105976369,,-0.0266514689671,-0.086431488397,-0.470721941299,0.8776332668
1542728555937079852,,1196,,1542728555,906485325,"""/world""","""vicon/obstacle18/obstacle18""",,,0.413707693731,0.812238837755,0.773106906428,,-0.0264977530612,-0.0864190904097,-0.470669043787,0.877667511713
1542728555954328642,,1197,,1542728555,923140336,"""/world""","""vicon/obstacle18/obstacle18""",,,0.413712987227,0.81223962929,0.773097462565,,-0.0266724786648,-0.0863229237224,-0.470691856454,0.877659448756
1542728555967606815,,1198,,1542728555,939717391,"""/world""","""vicon/obstacle18/obstacle18""",,,0.413712079976,0.812237587839,0.773104476244,,-0.0265847192029,-0.0864212610123,-0.470659220752,0.877669935837
1542728555985629783,,1199,,1542728555,956443743,"""/world""","""vicon/obstacle18/obstacle18""",,,0.413709628539,0.812241286315,0.7731160029,,-0.0264914060843,-0.0863851571396,-0.470693694163,0.877657824158
1542728556003647701,,1200,,1542728555,973129616,"""/world""","""vicon/obstacle18/obstacle18""",,,0.413707674492,0.812250252273,0.773103484211,,-0.0264840504106,-0.0863027832888,-0.4707523158,0.877634708657
1542728556018870966,,1201,,1542728555,989728284,"""/world""","""vicon/obstacle18/obstacle18""",,,0.413706467112,0.812251291214,0.773097643491,,-0.0265197962125,-0.0863344984194,-0.470719417069,0.87764815569
1542728556035762238,,1202,,1542728556,6463221,"""/world""","""vicon/obstacle18/obstacle18""",,,0.413709216303,0.812231841855,0.77310372489,,-0.0268114784377,-0.0864583489174,-0.470655451245,0.877661406659
1542728556050367788,,1203,,1542728556,23160901,"""/world""","""vicon/obstacle18/obstacle18""",,,0.413713841524,0.812227763079,0.773095677167,,-0.0265682831912,-0.0863445227478,-0.470734221986,0.877637762389
1542728556069123785,,1204,,1542728556,39755001,"""/world""","""vicon/obstacle18/obstacle18""",,,0.413715129384,0.81222285416,0.773085137481,,-0.0263466057765,-0.08604568004,-0.470768511391,0.87765540276
1542728556083857139,,1205,,1542728556,56421679,"""/world""","""vicon/obstacle18/obstacle18""",,,0.413720108035,0.81221978009,0.773055469272,,-0.0262528377714,-0.0858840149781,-0.470735479956,0.877691763885
1542728556100531918,,1206,,1542728556,73235178,"""/world""","""vicon/obstacle18/obstacle18""",,,0.413719328875,0.812237930463,0.773058728118,,-0.0261037937287,-0.0857394753577,-0.470793118457,0.877679425492
1542728556118973199,,1207,,1542728556,89711608,"""/world""","""vicon/obstacle18/obstacle18""",,,0.413723981747,0.81221654265,0.773052389433,,-0.02620029277,-0.0859010943768,-0.470692575157,0.877714672508
1542728556136006380,,1208,,1542728556,106416738,"""/world""","""vicon/obstacle18/obstacle18""",,,0.413718500791,0.812200808314,0.773061315877,,-0.0262175966937,-0.0859642083252,-0.470663355384,0.877723645807
1542728556152099696,,1209,,1542728556,123062032,"""/world""","""vicon/obstacle18/obstacle18""",,,0.413731179969,0.812215593298,0.773060269866,,-0.0261206111851,-0.0857848372412,-0.470756327155,0.877694226832
1542728556169716763,,1210,,1542728556,139721680,"""/world""","""vicon/obstacle18/obstacle18""",,,0.413727303413,0.812215510241,0.773040292197,,-0.0261207219353,-0.0857704437868,-0.470815822653,0.87766371692
1542728556186209088,,1211,,1542728556,156437524,"""/world""","""vicon/obstacle18/obstacle18""",,,0.413726027967,0.812231832749,0.773032176673,,-0.0261775689119,-0.0857268960505,-0.470793652194,0.877678170648
1542728556202778848,,1212,,1542728556,173127558,"""/world""","""vicon/obstacle18/obstacle18""",,,0.413733164351,0.812221175577,0.773039628538,,-0.0262206467791,-0.0858579095015,-0.470679416525,0.877725346517
1542728556219731540,,1213,,1542728556,189764888,"""/world""","""vicon/obstacle18/obstacle18""",,,0.413730164671,0.812199199319,0.77304900224,,-0.0262091746663,-0.0858630128994,-0.470709053134,0.877709296679
1542728556236330500,,1214,,1542728556,206445859,"""/world""","""vicon/obstacle18/obstacle18""",,,0.413731491485,0.812204990139,0.773048802335,,-0.0261635118591,-0.0858308003121,-0.470705612728,0.877715654703
1542728556253582563,,1215,,1542728556,223142736,"""/world""","""vicon/obstacle18/obstacle18""",,,0.413725484,0.812218001057,0.773046967681,,-0.0260048130226,-0.0858332143845,-0.470747247599,0.877697805561
1542728556269525148,,1216,,1542728556,239711891,"""/world""","""vicon/obstacle18/obstacle18""",,,0.413730407642,0.812226125949,0.773030413892,,-0.0260958480253,-0.0858139324837,-0.47075800488,0.877691219364
1542728556285350573,,1217,,1542728556,256510998,"""/world""","""vicon/obstacle18/obstacle18""",,,0.413722619988,0.812226468759,0.773038928102,,-0.0261230303264,-0.0858039925849,-0.470689327326,0.87772821493
1542728556303942909,,1218,,1542728556,273111800,"""/world""","""vicon/obstacle18/obstacle18""",,,0.413733032252,0.812208940712,0.77303817367,,-0.0262180131757,-0.0858215503563,-0.470752812409,0.877689618765
1542728556319751975,,1219,,1542728556,289733901,"""/world""","""vicon/obstacle18/obstacle18""",,,0.413732621055,0.812202424772,0.773043363504,,-0.0261527744309,-0.0858412730738,-0.470719015404,0.877707762734
1542728556337684580,,1220,,1542728556,306437238,"""/world""","""vicon/obstacle18/obstacle18""",,,0.413740629796,0.812217179174,0.773027132034,,-0.0261866268791,-0.085839694392,-0.470773709831,0.877677572672
1542728556350229661,,1221,,1542728556,323093008,"""/world""","""vicon/obstacle18/obstacle18""",,,0.413734341888,0.812225898597,0.773024016013,,-0.0262960520344,-0.085774600978,-0.470773662806,0.877680690162
1542728556367095611,,1222,,1542728556,339727999,"""/world""","""vicon/obstacle18/obstacle18""",,,0.413731565713,0.812217835033,0.773016800608,,-0.0262291350642,-0.0858403175637,-0.470687698699,0.877722372193
1542728556383844024,,1223,,1542728556,356438219,"""/world""","""vicon/obstacle18/obstacle18""",,,0.413726084767,0.812222587558,0.773052790701,,-0.0260948145525,-0.0859069464258,-0.470639500349,0.877745702308
1542728556401141600,,1224,,1542728556,373066959,"""/world""","""vicon/obstacle18/obstacle18""",,,0.413733892152,0.812205916719,0.773048159661,,-0.026156854252,-0.0859747091704,-0.470697585855,0.877706073255
1542728556416892325,,1225,,1542728556,389661135,"""/world""","""vicon/obstacle18/obstacle18""",,,0.413737054569,0.812203714238,0.773029591723,,-0.0261885910727,-0.08589426945,-0.470785486245,0.877665857895
1542728556436124593,,1226,,1542728556,406405100,"""/world""","""vicon/obstacle18/obstacle18""",,,0.41373973509,0.812212882634,0.773021590893,,-0.0261555689976,-0.0857399602849,-0.470811539856,0.877667955071
1542728556452071737,,1227,,1542728556,423155957,"""/world""","""vicon/obstacle18/obstacle18""",,,0.413736301418,0.812217856596,0.773020578807,,-0.0262412347313,-0.0858453898391,-0.470701268984,0.877714237107
1542728556468541017,,1228,,1542728556,439799152,"""/world""","""vicon/obstacle18/obstacle18""",,,0.413736031832,0.812216993705,0.773019827548,,-0.0262391979545,-0.0858237712834,-0.470706086948,0.877713828354
1542728556487819543,,1229,,1542728556,456433528,"""/world""","""vicon/obstacle18/obstacle18""",,,0.413734864212,0.812216642638,0.773031833979,,-0.0262804115966,-0.0857855462637,-0.470759474853,0.877687698931
1542728556501046702,,1230,,1542728556,473163862,"""/world""","""vicon/obstacle18/obstacle18""",,,0.41373312021,0.812214432836,0.773031447364,,-0.0262045002886,-0.0857879586164,-0.470759102291,0.877689932682
1542728556520279733,,1231,,1542728556,489794149,"""/world""","""vicon/obstacle18/obstacle18""",,,0.413733585153,0.812215984343,0.773025100454,,-0.0261589935324,-0.0858569326814,-0.470743627976,0.877692845412
1542728556536048547,,1232,,1542728556,506466392,"""/world""","""vicon/obstacle18/obstacle18""",,,0.413734956263,0.812210339169,0.773023884178,,-0.0261584034243,-0.085844886734,-0.470661821861,0.87773791236
1542728556552923910,,1233,,1542728556,523089901,"""/world""","""vicon/obstacle18/obstacle18""",,,0.413731279259,0.812219215779,0.773019249868,,-0.0261886234015,-0.0859266533646,-0.470648867741,0.877735956618
1542728556568261861,,1234,,1542728556,539745031,"""/world""","""vicon/obstacle18/obstacle18""",,,0.41373621111,0.812225469016,0.77302909298,,-0.0261106531165,-0.0858949800401,-0.470677919587,0.877725801268
1542728556585749444,,1235,,1542728556,556382960,"""/world""","""vicon/obstacle18/obstacle18""",,,0.413733047859,0.812222465857,0.773038979021,,-0.0261444398566,-0.0858021652649,-0.47079601608,0.877670534964
1542728556602113602,,1236,,1542728556,573101416,"""/world""","""vicon/obstacle18/obstacle18""",,,0.413732195413,0.81221136168,0.773038280231,,-0.0261214251976,-0.085802461391,-0.470763899776,0.877688418195
1542728556618944011,,1237,,1542728556,589678970,"""/world""","""vicon/obstacle18/obstacle18""",,,0.413734861249,0.812202493395,0.773025720413,,-0.0262333413307,-0.0858708987333,-0.470700241219,0.877712528946
1542728556638861315,,1238,,1542728556,606394834,"""/world""","""vicon/obstacle18/obstacle18""",,,0.413729977725,0.812211208844,0.773030952277,,-0.0262299285262,-0.0859768291219,-0.470643526278,0.877732673925
1542728556651773540,,1239,,1542728556,623137297,"""/world""","""vicon/obstacle18/obstacle18""",,,0.413732818484,0.812224059326,0.773034618897,,-0.0261364550293,-0.0859063287245,-0.470706564797,0.877708561119
1542728556666873311,,1240,,1542728556,639702293,"""/world""","""vicon/obstacle18/obstacle18""",,,0.413727122319,0.812227801415,0.773041716503,,-0.0261038091978,-0.0857114903063,-0.470828019925,0.877663436192
1542728556684105864,,1241,,1542728556,656428513,"""/world""","""vicon/obstacle18/obstacle18""",,,0.413732443079,0.812219662064,0.77302434395,,-0.0262120333256,-0.0857931263564,-0.470818667398,0.877657251556
1542728556701092758,,1242,,1542728556,673059600,"""/world""","""vicon/obstacle18/obstacle18""",,,0.413736028623,0.81221291743,0.773030705062,,-0.0262399662414,-0.0857340144257,-0.470737537548,0.877705710182
1542728556719674180,,1243,,1542728556,689687998,"""/world""","""vicon/obstacle18/obstacle18""",,,0.413738059838,0.812203076129,0.773025964947,,-0.0263176180567,-0.0859333942002,-0.470655640683,0.877727806689
1542728556735761862,,1244,,1542728556,706361083,"""/world""","""vicon/obstacle18/obstacle18""",,,0.413734352022,0.812212428922,0.773028191813,,-0.0261872364205,-0.0858974413552,-0.470694601834,0.877714332811
1542728556752477196,,1245,,1542728556,723082945,"""/world""","""vicon/obstacle18/obstacle18""",,,0.413723940783,0.812226149443,0.773035834396,,-0.0261206403036,-0.0857241691042,-0.47081290222,0.87766980698
1542728556771462819,,1246,,1542728556,739698813,"""/world""","""vicon/obstacle18/obstacle18""",,,0.413718238193,0.812230902252,0.773039000074,,-0.0261193356331,-0.0857551604873,-0.470788920044,0.877679682754
1542728556790075356,,1247,,1542728556,756391638,"""/world""","""vicon/obstacle18/obstacle18""",,,0.413724025991,0.812225611154,0.773039452138,,-0.0261222693448,-0.0858274466403,-0.470690932975,0.877725083419
1542728556805781144,,1248,,1542728556,773103464,"""/world""","""vicon/obstacle18/obstacle18""",,,0.413735521935,0.812207441052,0.773035593625,,-0.0262347205772,-0.085837828551,-0.470662846878,0.877735775273
1542728556822398889,,1249,,1542728556,789876087,"""/world""","""vicon/obstacle18/obstacle18""",,,0.413738478088,0.812200770297,0.77303233565,,-0.0262237647124,-0.0858482955558,-0.470760300463,0.877682815043
1542728556839682385,,1250,,1542728556,806409390,"""/world""","""vicon/obstacle18/obstacle18""",,,0.413732415374,0.81222763578,0.773021921168,,-0.0260635946843,-0.0858589949831,-0.47075567012,0.877689022982
1542728556856756127,,1251,,1542728556,823074117,"""/world""","""vicon/obstacle18/obstacle18""",,,0.413720033657,0.812236390812,0.773038539697,,-0.0260699523494,-0.0856570249853,-0.470833778811,0.877666670431
1542728556870839472,,1252,,1542728556,839738457,"""/world""","""vicon/obstacle18/obstacle18""",,,0.413719140701,0.812229772106,0.773045445139,,-0.0261207069069,-0.0857792197662,-0.470763692068,0.87769082276
1542728556884581025,,1253,,1542728556,856537506,"""/world""","""vicon/obstacle18/obstacle18""",,,0.413724178361,0.812202892738,0.773040524991,,-0.0262719530148,-0.0858474634702,-0.470715204316,0.877705641959
1542728556900939809,,1254,,1542728556,873076294,"""/world""","""vicon/obstacle18/obstacle18""",,,0.413731017438,0.812188641574,0.773040578418,,-0.0262577593627,-0.0860233139447,-0.470616460634,0.877741799456
1542728556920108108,,1255,,1542728556,889704835,"""/world""","""vicon/obstacle18/obstacle18""",,,0.413727859519,0.812211720841,0.773029404552,,-0.026121208666,-0.0858824651244,-0.47071340297,0.877707683062
1542728556936545496,,1256,,1542728556,906323839,"""/world""","""vicon/obstacle18/obstacle18""",,,0.413723839708,0.812245138972,0.773029788399,,-0.0261249928594,-0.0857419717351,-0.470785094426,0.877682854964
1542728556955328532,,1257,,1542728556,923087140,"""/world""","""vicon/obstacle18/obstacle18""",,,0.41372280375,0.812236655735,0.773031742781,,-0.0261591697582,-0.0857851869625,-0.470734089804,0.877704971065
1542728556971343897,,1258,,1542728556,939698983,"""/world""","""vicon/obstacle18/obstacle18""",,,0.413730855714,0.812205624698,0.773034300998,,-0.0262623134857,-0.0858653912311,-0.470683428112,0.877721217688
1542728556987075885,,1259,,1542728556,956374516,"""/world""","""vicon/obstacle18/obstacle18""",,,0.413738357489,0.812191254714,0.773043916979,,-0.0263148554539,-0.0859266101587,-0.47060958755,0.877753246736
1542728557003471749,,1260,,1542728556,973069875,"""/world""","""vicon/obstacle18/obstacle18""",,,0.413730822361,0.81219966375,0.773020842096,,-0.0261942274389,-0.0858581818222,-0.470712761455,0.877708226729
1542728557018777887,,1261,,1542728556,989736560,"""/world""","""vicon/obstacle18/obstacle18""",,,0.413735394783,0.812234865315,0.773016919107,,-0.0261932735881,-0.0857337247738,-0.470648885513,0.877754673824
1542728557035281493,,1262,,1542728557,6435485,"""/world""","""vicon/obstacle18/obstacle18""",,,0.413721312855,0.81223931394,0.773032037119,,-0.0261275078072,-0.085745971405,-0.47075280494,0.877699708536
1542728557052950482,,1263,,1542728557,23062986,"""/world""","""vicon/obstacle18/obstacle18""",,,0.413723555923,0.812210668404,0.773045148273,,-0.0261582237564,-0.0858446498858,-0.470690938298,0.877722327402
1542728557069218133,,1264,,1542728557,39697876,"""/world""","""vicon/obstacle18/obstacle18""",,,0.413727755436,0.812193176166,0.773049577327,,-0.0262246814742,-0.085890822443,-0.47066372394,0.87773042084
1542728557086125613,,1265,,1542728557,56406204,"""/world""","""vicon/obstacle18/obstacle18""",,,0.413735214856,0.812203753007,0.773027358133,,-0.0262484200544,-0.0858793396915,-0.470682401162,0.877720819335
1542728557100166250,,1266,,1542728557,74751107,"""/world""","""vicon/obstacle18/obstacle18""",,,0.413739714587,0.812234936425,0.773013961671,,-0.0263833038496,-0.0858286245961,-0.47062133636,0.877754479476
1542728557117336367,,1267,,1542728557,89635007,"""/world""","""vicon/obstacle18/obstacle18""",,,0.413734422227,0.812238856358,0.773021481047,,-0.0261684380351,-0.0857562480008,-0.47079952526,0.877672425108
1542728557133292997,,1268,,1542728557,106328339,"""/world""","""vicon/obstacle18/obstacle18""",,,0.413734841457,0.8122102558,0.773035452775,,-0.0262251400667,-0.0858422951987,-0.470655126759,0.877739764417
1542728557150107893,,1269,,1542728557,122963516,"""/world""","""vicon/obstacle18/obstacle18""",,,0.413731377635,0.812195612595,0.773034017297,,-0.0263300442792,-0.0858030806191,-0.470707786439,0.877712219301
1542728557167568929,,1270,,1542728557,139791244,"""/world""","""vicon/obstacle18/obstacle18""",,,0.413730049584,0.812202722998,0.773020084214,,-0.0262694791889,-0.0858299016062,-0.470658843046,0.877737657798
1542728557187099797,,1271,,1542728557,156424029,"""/world""","""vicon/obstacle18/obstacle18""",,,0.413733272512,0.812233610919,0.77302378368,,-0.026284195856,-0.085872573412,-0.47067941311,0.877722013087
1542728557204504656,,1272,,1542728557,173043183,"""/world""","""vicon/obstacle18/obstacle18""",,,0.413721100087,0.812234212096,0.773028342639,,-0.0261950940489,-0.0858613715553,-0.470741000724,0.877692743595
1542728557219442570,,1273,,1542728557,189693382,"""/world""","""vicon/obstacle18/obstacle18""",,,0.413729925496,0.812206176835,0.773037214643,,-0.0261418440305,-0.0858681744219,-0.470733712199,0.877697574801
1542728557234574448,,1274,,1542728557,206376679,"""/world""","""vicon/obstacle18/obstacle18""",,,0.413732289926,0.812197444679,0.773030434091,,-0.026172765289,-0.0857182313046,-0.470752093359,0.877701451393
1542728557251024580,,1275,,1542728557,223159890,"""/world""","""vicon/obstacle18/obstacle18""",,,0.413736119327,0.81221514896,0.773014775021,,-0.0261490467062,-0.0857285923609,-0.470761926848,0.877695872178
1542728557267322604,,1276,,1542728557,239732707,"""/world""","""vicon/obstacle18/obstacle18""",,,0.41373481502,0.812226182368,0.773009474939,,-0.0262033373569,-0.0857812237791,-0.47072994971,0.877706261345
1542728557284175675,,1277,,1542728557,256373748,"""/world""","""vicon/obstacle18/obstacle18""",,,0.413733838527,0.812224813012,0.773018366414,,-0.0261248463147,-0.0858910973975,-0.470720917324,0.877702700114
1542728557300281909,,1278,,1542728557,273037331,"""/world""","""vicon/obstacle18/obstacle18""",,,0.413729064623,0.812204354387,0.773046501107,,-0.0260287474744,-0.0857879253657,-0.470782629048,0.877682546456
1542728557318618320,,1279,,1542728557,289723462,"""/world""","""vicon/obstacle18/obstacle18""",,,0.413730175203,0.812195389852,0.773033625074,,-0.0262626780035,-0.0857000102126,-0.470826654178,0.877660550389
1542728557334939007,,1280,,1542728557,306409804,"""/world""","""vicon/obstacle18/obstacle18""",,,0.413726515002,0.812223732719,0.773015145524,,-0.0261401750332,-0.0857568419107,-0.47074131753,0.87770443048
1542728557351659468,,1281,,1542728557,323125086,"""/world""","""vicon/obstacle18/obstacle18""",,,0.413725592102,0.812237875711,0.773016961337,,-0.0261689584662,-0.0857246755208,-0.470769791976,0.877691442697
1542728557368649175,,1282,,1542728557,339741782,"""/world""","""vicon/obstacle18/obstacle18""",,,0.413733214592,0.812216029681,0.773019082727,,-0.0261964072196,-0.0857972305902,-0.470743340379,0.877697721861
1542728557384754098,,1283,,1542728557,356504895,"""/world""","""vicon/obstacle18/obstacle18""",,,0.413736432663,0.812188583743,0.773030459143,,-0.0261802680695,-0.0857179599192,-0.470783315702,0.877684507422
1542728557401746794,,1284,,1542728557,373073469,"""/world""","""vicon/obstacle18/obstacle18""",,,0.413738476933,0.81219341492,0.773032318438,,-0.026046611597,-0.0856249136114,-0.470781593464,0.877698490057
1542728557420580609,,1285,,1542728557,389771177,"""/world""","""vicon/obstacle18/obstacle18""",,,0.413733268967,0.812216986426,0.773013324025,,-0.0259603351124,-0.0856305279051,-0.470759461273,0.877712369352
1542728557431981682,,1286,,1542728557,406392098,"""/world""","""vicon/obstacle18/obstacle18""",,,0.413730474484,0.812233936908,0.77300754999,,-0.0260945388441,-0.0855788498738,-0.470742123293,0.877722728915
1542728557448411888,,1287,,1542728557,423075100,"""/world""","""vicon/obstacle18/obstacle18""",,,0.413732160945,0.812208641706,0.77301904721,,-0.0260948702585,-0.085654912533,-0.470643218081,0.877768337877
1542728557468471941,,1288,,1542728557,439765450,"""/world""","""vicon/obstacle18/obstacle18""",,,0.413744255129,0.812182753585,0.773026693965,,-0.0260067899523,-0.085735703449,-0.470634018194,0.877767997223
1542728557487724027,,1289,,1542728557,456460312,"""/world""","""vicon/obstacle18/obstacle18""",,,0.413747817303,0.812190506171,0.773022074545,,-0.026011138657,-0.0856401371136,-0.470653634441,0.877766679687
1542728557504334801,,1290,,1542728557,473132023,"""/world""","""vicon/obstacle18/obstacle18""",,,0.413743647763,0.812212259748,0.772990941213,,-0.026088675709,-0.0854966053612,-0.470738436472,0.877732895532
1542728557522354802,,1291,,1542728557,489776497,"""/world""","""vicon/obstacle18/obstacle18""",,,0.413736738376,0.812237202178,0.7729914829,,-0.0260877542734,-0.0855475062692,-0.47069158744,0.877753087583
1542728557538401569,,1292,,1542728557,506429521,"""/world""","""vicon/obstacle18/obstacle18""",,,0.413739853757,0.812218328307,0.773020425954,,-0.0261086676209,-0.0855541196181,-0.470741971271,0.877724801162
1542728557551037186,,1293,,1542728557,523139264,"""/world""","""vicon/obstacle18/obstacle18""",,,0.413740665661,0.812175312453,0.773037818327,,-0.026221018265,-0.0856676052424,-0.470696268182,0.877734893195
1542728557567658206,,1294,,1542728557,539777793,"""/world""","""vicon/obstacle18/obstacle18""",,,0.413742481977,0.812182099393,0.773031521615,,-0.0261041049163,-0.085651762424,-0.470717073299,0.877728766878
1542728557584764761,,1295,,1542728557,556443330,"""/world""","""vicon/obstacle18/obstacle18""",,,0.413739888547,0.812213343625,0.773007271754,,-0.0261251517817,-0.0856524246922,-0.470732273254,0.877719924296
1542728557600642651,,1296,,1542728557,573095964,"""/world""","""vicon/obstacle18/obstacle18""",,,0.413728358316,0.812244723493,0.772998994837,,-0.0260896266653,-0.0856008790505,-0.470703348633,0.877741521447
1542728557617828653,,1297,,1542728557,589757864,"""/world""","""vicon/obstacle18/obstacle18""",,,0.413741913893,0.812214267347,0.773009254553,,-0.0262395270992,-0.0859203990634,-0.470722377022,0.877695628343
1542728557634882839,,1298,,1542728557,606507547,"""/world""","""vicon/obstacle18/obstacle18""",,,0.413731127086,0.812191684076,0.77305056693,,-0.0260801517675,-0.0856850936824,-0.470715437133,0.877727103176
1542728557651311340,,1299,,1542728557,623194901,"""/world""","""vicon/obstacle18/obstacle18""",,,0.413733460299,0.812188845448,0.773050135028,,-0.0260947395796,-0.0856642991549,-0.470758292673,0.877705715087
1542728557670422118,,1300,,1542728557,639795195,"""/world""","""vicon/obstacle18/obstacle18""",,,0.413733516147,0.812206834638,0.773018500296,,-0.0261333588858,-0.0856377383797,-0.470725403261,0.877724797441
1542728557688502386,,1301,,1542728557,656437556,"""/world""","""vicon/obstacle18/obstacle18""",,,0.413732947137,0.812230685293,0.772995165467,,-0.0260844483618,-0.085599014667,-0.470716455836,0.877734828092
1542728557702759139,,1302,,1542728557,673122557,"""/world""","""vicon/obstacle18/obstacle18""",,,0.413736154879,0.812228454211,0.773006620216,,-0.0260362236817,-0.0856707097885,-0.470685174112,0.877746040385
1542728557718556628,,1303,,1542728557,689756890,"""/world""","""vicon/obstacle18/obstacle18""",,,0.413740177714,0.812206404933,0.773034416385,,-0.0260388855347,-0.0856964842326,-0.47067421,0.877749324734
1542728557735613548,,1304,,1542728557,706430295,"""/world""","""vicon/obstacle18/obstacle18""",,,0.413747183573,0.812192440516,0.773031775808,,-0.0261107066886,-0.0856657151058,-0.470743660817,0.877712949689
1542728557751222860,,1305,,1542728557,723128136,"""/world""","""vicon/obstacle18/obstacle18""",,,0.413745602346,0.812216728899,0.773024310867,,-0.0260982185176,-0.0856580559387,-0.47073617719,0.877718082261
1542728557767954448,,1306,,1542728557,739795984,"""/world""","""vicon/obstacle18/obstacle18""",,,0.413734366213,0.812226782289,0.773010501188,,-0.0262385073994,-0.0856860617843,-0.470680182149,0.877741195158
1542728557784694530,,1307,,1542728557,756535432,"""/world""","""vicon/obstacle18/obstacle18""",,,0.413733501709,0.812225926375,0.773014219285,,-0.026150071732,-0.0857930267947,-0.470636527927,0.877756793698
1542728557801356048,,1308,,1542728557,773187201,"""/world""","""vicon/obstacle18/obstacle18""",,,0.413729419411,0.812214671473,0.773039196824,,-0.026210099673,-0.0857431106004,-0.470657648339,0.877748556091
1542728557820307381,,1309,,1542728557,789830593,"""/world""","""vicon/obstacle18/obstacle18""",,,0.413739029487,0.812196326406,0.773036587834,,-0.0260850644615,-0.0857389428639,-0.470647732686,0.877758004695
1542728557839290834,,1310,,1542728557,806524261,"""/world""","""vicon/obstacle18/obstacle18""",,,0.413746304178,0.812208430901,0.77302634271,,-0.0261831153455,-0.0857168655609,-0.470723206485,0.877716768842
1542728557853682900,,1311,,1542728557,823166922,"""/world""","""vicon/obstacle18/obstacle18""",,,0.413741835522,0.812222997669,0.773018568835,,-0.0261724806078,-0.0856613502679,-0.470708340918,0.877730478062
1542728557871272812,,1312,,1542728557,839825816,"""/world""","""vicon/obstacle18/obstacle18""",,,0.413732352087,0.812219348067,0.773013621929,,-0.0263417888803,-0.085774830632,-0.470682598807,0.877728135455
1542728557883674069,,1313,,1542728557,856486543,"""/world""","""vicon/obstacle18/obstacle18""",,,0.413728625806,0.812225572444,0.773029876656,,-0.0260822611181,-0.0858528936519,-0.47065552884,0.877742769539
1542728557900239801,,1314,,1542728557,873034242,"""/world""","""vicon/obstacle18/obstacle18""",,,0.413722501182,0.812221622823,0.773052022092,,-0.0260519147552,-0.0856008567574,-0.470820326869,0.87767990228
1542728557919745601,,1315,,1542728557,889800904,"""/world""","""vicon/obstacle18/obstacle18""",,,0.413727961597,0.812206984732,0.773024025375,,-0.0262163617144,-0.0857504975771,-0.470733569127,0.877706933686
1542728557935680113,,1316,,1542728557,906473610,"""/world""","""vicon/obstacle18/obstacle18""",,,0.413742299615,0.812226058361,0.773019219974,,-0.026118423381,-0.0857080425871,-0.470782946663,0.877687516447
1542728557951759864,,1317,,1542728557,923125585,"""/world""","""vicon/obstacle18/obstacle18""",,,0.413733538434,0.812219823449,0.773010519173,,-0.0262407265977,-0.0857526508665,-0.470688474855,0.8777301788
1542728557969503876,,1318,,1542728557,939838587,"""/world""","""vicon/obstacle18/obstacle18""",,,0.413728256799,0.812218308813,0.773022421593,,-0.026199711553,-0.0857340239538,-0.470703126668,0.877725366385
1542728557986489872,,1319,,1542728557,956489314,"""/world""","""vicon/obstacle18/obstacle18""",,,0.413730445058,0.812224352716,0.773041515533,,-0.0260398477776,-0.0857308691707,-0.470784387124,0.877686849189
1542728558002085332,,1320,,1542728557,973162512,"""/world""","""vicon/obstacle18/obstacle18""",,,0.413727989516,0.81222758732,0.773047677964,,-0.0261438668177,-0.0856218010158,-0.470851583688,0.877658356969
1542728558019230273,,1321,,1542728557,989816288,"""/world""","""vicon/obstacle18/obstacle18""",,,0.413721922601,0.812210368336,0.773029931868,,-0.0261332161495,-0.0857843477637,-0.470735719795,0.877704952021
1542728558035822642,,1322,,1542728558,6426016,"""/world""","""vicon/obstacle18/obstacle18""",,,0.413729388381,0.812218839726,0.773020929364,,-0.0262554772187,-0.0857772346925,-0.470735746008,0.877701984363
1542728558052694034,,1323,,1542728558,23117475,"""/world""","""vicon/obstacle18/obstacle18""",,,0.413729234452,0.812220487245,0.773040163231,,-0.0261927947557,-0.0856957627265,-0.470734626735,0.877712415855
1542728558069722212,,1324,,1542728558,39788510,"""/world""","""vicon/obstacle18/obstacle18""",,,0.41372946387,0.812219668184,0.773043780157,,-0.0261452738385,-0.0856955501599,-0.47074165838,0.877710082205
1542728558085837745,,1325,,1542728558,56496510,"""/world""","""vicon/obstacle18/obstacle18""",,,0.413727947072,0.812225040755,0.77303880093,,-0.0260491520099,-0.0857498975864,-0.470760868853,0.877697328867
1542728558104667256,,1326,,1542728558,73141957,"""/world""","""vicon/obstacle18/obstacle18""",,,0.413725247166,0.81223297654,0.773033643147,,-0.0261570142649,-0.0857008894548,-0.470766321158,0.877695983251
1542728558120730759,,1327,,1542728558,89798834,"""/world""","""vicon/obstacle18/obstacle18""",,,0.413724460412,0.812220699551,0.773019036309,,-0.0261359319281,-0.0857716100208,-0.470727888783,0.877710315935
1542728558136046257,,1328,,1542728558,106450762,"""/world""","""vicon/obstacle18/obstacle18""",,,0.413728153234,0.812212354914,0.773031963859,,-0.0262709417788,-0.085805634942,-0.470714146875,0.877710329529
1542728558151421325,,1329,,1542728558,123161981,"""/world""","""vicon/obstacle18/obstacle18""",,,0.413728413573,0.812224388097,0.773049817059,,-0.0261434091203,-0.0857086442134,-0.470781630566,0.87768741975
1542728558168576519,,1330,,1542728558,139806374,"""/world""","""vicon/obstacle18/obstacle18""",,,0.413726809103,0.812224884919,0.773044897888,,-0.0262087964213,-0.0854489653129,-0.470926632963,0.877632998287
1542728558182396176,,1331,,1542728558,156371766,"""/world""","""vicon/obstacle18/obstacle18""",,,0.413733164919,0.812237767414,0.773023511214,,-0.0260433087533,-0.0856272910967,-0.470840925551,0.877666528879
1542728558198970616,,1332,,1542728558,173791277,"""/world""","""vicon/obstacle18/obstacle18""",,,0.413723351748,0.812239478482,0.773013040891,,-0.0261399442537,-0.0856385657759,-0.470777733571,0.877696453758
1542728558217055674,,1333,,1542728558,189691891,"""/world""","""vicon/obstacle18/obstacle18""",,,0.413728942554,0.812213467184,0.773030195482,,-0.0262307797674,-0.0858083467828,-0.470690505627,0.877723943919
1542728558234508659,,1334,,1542728558,206446365,"""/world""","""vicon/obstacle18/obstacle18""",,,0.413732424114,0.812208160154,0.773062826157,,-0.0261360602742,-0.0857022315126,-0.470768410083,0.877695355995
1542728558252866540,,1335,,1542728558,223164480,"""/world""","""vicon/obstacle18/obstacle18""",,,0.413722941255,0.812219120586,0.773053653808,,-0.0260532340285,-0.0857250696737,-0.470730403375,0.877715972718
1542728558268696056,,1336,,1542728558,239795002,"""/world""","""vicon/obstacle18/obstacle18""",,,0.413715911419,0.812226637718,0.773030274768,,-0.0261992829128,-0.0856580134993,-0.470767363607,0.877698348899
1542728558285001303,,1337,,1542728558,256481450,"""/world""","""vicon/obstacle18/obstacle18""",,,0.413727742155,0.812237321725,0.773015438744,,-0.0260087342486,-0.0857559975227,-0.470751397476,0.877703011505
1542728558305310588,,1338,,1542728558,273131839,"""/world""","""vicon/obstacle18/obstacle18""",,,0.413728884576,0.812225340271,0.773027940914,,-0.0261634576108,-0.0858484899397,-0.470680564424,0.877727358885
1542728558321730226,,1339,,1542728558,289816073,"""/world""","""vicon/obstacle18/obstacle18""",,,0.413728431643,0.812202829921,0.773050830368,,-0.0262801756628,-0.0858507559196,-0.47064266961,0.877743970425
1542728558336076067,,1340,,1542728558,306508458,"""/world""","""vicon/obstacle18/obstacle18""",,,0.413734102843,0.81220723965,0.773055405373,,-0.0261456673827,-0.0857619979238,-0.47075235064,0.877697845591
1542728558351797039,,1341,,1542728558,323036608,"""/world""","""vicon/obstacle18/obstacle18""",,,0.413723958809,0.812235728556,0.773042868554,,-0.0259422901583,-0.0857184662205,-0.470821035915,0.877671290558
1542728558369848923,,1342,,1542728558,339750371,"""/world""","""vicon/obstacle18/obstacle18""",,,0.41371809884,0.812236452344,0.773015475647,,-0.0261207938903,-0.0857825208665,-0.470730302653,0.877708405682
1542728558387327262,,1343,,1542728558,356447932,"""/world""","""vicon/obstacle18/obstacle18""",,,0.413729136482,0.812225578114,0.773024104405,,-0.0262519148391,-0.0858636498391,-0.470716036647,0.87770421182
1542728558404540752,,1344,,1542728558,373166516,"""/world""","""vicon/obstacle18/obstacle18""",,,0.413734203093,0.812205486928,0.773048902603,,-0.0261759925185,-0.0857908984975,-0.470714260553,0.877714545888
1542728558420944997,,1345,,1542728558,389825111,"""/world""","""vicon/obstacle18/obstacle18""",,,0.413728343562,0.812190463985,0.773040840858,,-0.0262384468706,-0.085819598066,-0.470713415736,0.877710328491
1542728558438341604,,1346,,1542728558,406426440,"""/world""","""vicon/obstacle18/obstacle18""",,,0.413733618349,0.812226733536,0.773030059148,,-0.0260971292029,-0.0857433358853,-0.470773970716,0.877689517252
1542728558449942507,,1347,,1542728558,423029665,"""/world""","""vicon/obstacle18/obstacle18""",,,0.41373224118,0.812241246462,0.773022161725,,-0.0260327671981,-0.0856937179914,-0.470807748191,0.877678156258
1542728558466643143,,1348,,1542728558,439737015,"""/world""","""vicon/obstacle18/obstacle18""",,,0.413726163183,0.812220815212,0.773026163398,,-0.0261950226433,-0.0858299285224,-0.470664567797,0.877736810655
1542728558486411059,,1349,,1542728558,456438243,"""/world""","""vicon/obstacle18/obstacle18""",,,0.413731006366,0.812202382697,0.773048340437,,-0.0263129508131,-0.0858379285811,-0.470729668931,0.877697588822
1542728558502533777,,1350,,1542728558,473192559,"""/world""","""vicon/obstacle18/obstacle18""",,,0.413723200015,0.812204107726,0.773070281289,,-0.0261462306605,-0.0857573786581,-0.470776472024,0.877685342259
1542728558518405245,,1351,,1542728558,489768552,"""/world""","""vicon/obstacle18/obstacle18""",,,0.413717985431,0.812221249203,0.773047821078,,-0.0260500541466,-0.085739349972,-0.470782562363,0.877686696675
1542728558535306037,,1352,,1542728558,506436672,"""/world""","""vicon/obstacle18/obstacle18""",,,0.413729987478,0.812248456075,0.773023129337,,-0.0260923822527,-0.0857449688521,-0.470825297011,0.877661966591
1542728558551637752,,1353,,1542728558,523079424,"""/world""","""vicon/obstacle18/obstacle18""",,,0.413730932333,0.812231036926,0.773026051731,,-0.026162792179,-0.0858464100203,-0.470656341282,0.877740571355
1542728558567659471,,1354,,1542728558,539721635,"""/world""","""vicon/obstacle18/obstacle18""",,,0.413736369218,0.812196234453,0.773028924075,,-0.0262211226738,-0.0858666165821,-0.470675367136,0.877726652013
1542728558584579940,,1355,,1542728558,556487023,"""/world""","""vicon/obstacle18/obstacle18""",,,0.413732871603,0.812214304797,0.77304711334,,-0.0261569134224,-0.0858217141961,-0.470685964355,0.877727276671
1542728558603369574,,1356,,1542728558,573148119,"""/world""","""vicon/obstacle18/obstacle18""",,,0.41371862143,0.81222481723,0.773048919712,,-0.0261684330137,-0.0856635058961,-0.470848034543,0.877655459299
1542728558620200537,,1357,,1542728558,589812068,"""/world""","""vicon/obstacle18/obstacle18""",,,0.413718652409,0.812230773679,0.773036187145,,-0.0260519812915,-0.0858412486667,-0.470742214335,0.877698320576
1542728558634588508,,1358,,1542728558,606498678,"""/world""","""vicon/obstacle18/obstacle18""",,,0.413724282424,0.812230413123,0.773044754927,,-0.0261572573552,-0.0858096090132,-0.470674659015,0.877734512395
1542728558651196921,,1359,,1542728558,623155460,"""/world""","""vicon/obstacle18/obstacle18""",,,0.413726064013,0.81220021094,0.773048663481,,-0.0261611992733,-0.0858612724342,-0.470688620705,0.877721855651
1542728558668748481,,1360,,1542728558,639876719,"""/world""","""vicon/obstacle18/obstacle18""",,,0.413728092109,0.81220968586,0.773048914706,,-0.0261502789577,-0.0857695073598,-0.470733185401,0.877707253405
1542728558685191788,,1361,,1542728558,656423588,"""/world""","""vicon/obstacle18/obstacle18""",,,0.413727521011,0.81222999152,0.773051099174,,-0.0261561273549,-0.0856975908095,-0.4708202515,0.877667403239
1542728558701002105,,1362,,1542728558,673135939,"""/world""","""vicon/obstacle18/obstacle18""",,,0.413720396747,0.812235580565,0.773042174925,,-0.0261702009384,-0.085803489444,-0.470803847671,0.877665436713
1542728558718832420,,1363,,1542728558,689806197,"""/world""","""vicon/obstacle18/obstacle18""",,,0.413722942177,0.812215266163,0.773037452864,,-0.0262104990218,-0.0858062643161,-0.470717769716,0.877710132116
1542728558738447023,,1364,,1542728558,706532078,"""/world""","""vicon/obstacle18/obstacle18""",,,0.413733379285,0.812200399279,0.773045666684,,-0.0261658606562,-0.0857974256859,-0.470687176213,0.87772873465
1542728558751859065,,1365,,1542728558,723145103,"""/world""","""vicon/obstacle18/obstacle18""",,,0.413728412605,0.812216942309,0.77304663622,,-0.0261080806902,-0.0858698410723,-0.470659364206,0.877738287534
1542728558767904851,,1366,,1542728558,739810857,"""/world""","""vicon/obstacle18/obstacle18""",,,0.413724912245,0.812227488344,0.773044173247,,-0.026164119376,-0.0858268801713,-0.470774509188,0.877679068337
1542728558786471836,,1367,,1542728558,756491695,"""/world""","""vicon/obstacle18/obstacle18""",,,0.413726405436,0.812233011442,0.773047234088,,-0.0261454565033,-0.0857596270917,-0.470794554007,0.877675446497
1542728558802314222,,1368,,1542728558,773137238,"""/world""","""vicon/obstacle18/obstacle18""",,,0.413720885075,0.812212096791,0.773045183756,,-0.0261403700587,-0.0857565298417,-0.470791263288,0.877677665806
1542728558818028316,,1369,,1542728558,789831967,"""/world""","""vicon/obstacle18/obstacle18""",,,0.413722470348,0.812202759392,0.773044209234,,-0.0261244651036,-0.0858815793379,-0.470700715292,0.877714477081
1542728558835641773,,1370,,1542728558,806470365,"""/world""","""vicon/obstacle18/obstacle18""",,,0.413733056036,0.812211729404,0.773040433047,,-0.0262026190471,-0.0857477414959,-0.470744815181,0.877701581725
1542728558851846591,,1371,,1542728558,823126764,"""/world""","""vicon/obstacle18/obstacle18""",,,0.413734264002,0.812224625579,0.773038204451,,-0.0261767373799,-0.0858597681468,-0.470732899386,0.877697793132
1542728558868678363,,1372,,1542728558,839782443,"""/world""","""vicon/obstacle18/obstacle18""",,,0.413725882122,0.81222084768,0.773039750826,,-0.0261496389004,-0.0858322390188,-0.470700394157,0.877718726057
1542728558883732354,,1373,,1542728558,856402627,"""/world""","""vicon/obstacle18/obstacle18""",,,0.413727389569,0.812199406677,0.773032349515,,-0.0262337230939,-0.0858390640102,-0.470735194572,0.877696885863
1542728558902068121,,1374,,1542728558,873183411,"""/world""","""vicon/obstacle18/obstacle18""",,,0.413725200631,0.812207679345,0.773048863136,,-0.0261076316524,-0.0857680025476,-0.470710922991,0.877720609468
1542728558918487049,,1375,,1542728558,889840221,"""/world""","""vicon/obstacle18/obstacle18""",,,0.413724055797,0.812220511836,0.773050071702,,-0.0260401128486,-0.08575865157,-0.470723131364,0.877716981608
1542728558935060033,,1376,,1542728558,906491483,"""/world""","""vicon/obstacle18/obstacle18""",,,0.413728795478,0.812232128067,0.773044543732,,-0.0261929891686,-0.0858498398591,-0.470738831324,0.877695097969
1542728558951481360,,1377,,1542728558,923066671,"""/world""","""vicon/obstacle18/obstacle18""",,,0.413724494523,0.812225329521,0.773048451287,,-0.0261054474999,-0.085834461241,-0.470770982331,0.877681965788
1542728558968692904,,1378,,1542728558,939813230,"""/world""","""vicon/obstacle18/obstacle18""",,,0.413722177762,0.812196383547,0.773033835807,,-0.0261967521926,-0.0859419552656,-0.470664480026,0.877725844294
1542728558985041648,,1379,,1542728558,956499242,"""/world""","""vicon/obstacle18/obstacle18""",,,0.413728135746,0.812207309771,0.773036894492,,-0.0261571903577,-0.0858215375711,-0.47072898108,0.877704216381
1542728559001632344,,1380,,1542728558,973130494,"""/world""","""vicon/obstacle18/obstacle18""",,,0.413733579975,0.812229087103,0.773039002123,,-0.0260700161093,-0.0857899316814,-0.470723802694,0.877712677053
1542728559020155511,,1381,,1542728558,989895180,"""/world""","""vicon/obstacle18/obstacle18""",,,0.413730201161,0.812234830578,0.773047201506,,-0.0260615137519,-0.0858445187149,-0.470707822053,0.877716162757
1542728559037789208,,1382,,1542728559,6478766,"""/world""","""vicon/obstacle18/obstacle18""",,,0.413730184069,0.812213615793,0.773037094298,,-0.0261793983119,-0.085939200978,-0.470680097097,0.877718257208
1542728559051206433,,1383,,1542728559,23130130,"""/world""","""vicon/obstacle18/obstacle18""",,,0.413726521116,0.812197902091,0.773045298175,,-0.0261503344897,-0.0858184434934,-0.470744518889,0.877696389818
1542728559066904765,,1384,,1542728559,39760283,"""/world""","""vicon/obstacle18/obstacle18""",,,0.413723168135,0.81220752098,0.773040687385,,-0.0262070011003,-0.0858248680974,-0.470771630863,0.877679529603
1542728559084102540,,1385,,1542728559,56405999,"""/world""","""vicon/obstacle18/obstacle18""",,,0.413726437008,0.812227719933,0.773033860884,,-0.0262300881654,-0.0858086181525,-0.470688689923,0.877724911749
1542728559100021935,,1386,,1542728559,73078847,"""/world""","""vicon/obstacle18/obstacle18""",,,0.413731513857,0.812224850297,0.773044990673,,-0.0261910019713,-0.0858119525768,-0.470707995595,0.877715399827
1542728559118454413,,1387,,1542728559,89785549,"""/world""","""vicon/obstacle18/obstacle18""",,,0.41373015718,0.812204801429,0.773041064987,,-0.0262476122808,-0.0859320936116,-0.470669330975,0.877722689132
1542728559135553870,,1388,,1542728559,106441616,"""/world""","""vicon/obstacle18/obstacle18""",,,0.413733420756,0.812199577119,0.77304496419,,-0.0262747096198,-0.0858662265206,-0.470752590928,0.877683672465
1542728559150966254,,1389,,1542728559,123134202,"""/world""","""vicon/obstacle18/obstacle18""",,,0.413724674026,0.812206858365,0.773035992701,,-0.0261795135819,-0.0858582697531,-0.470715094205,0.877707406071
1542728559170580726,,1390,,1542728559,139817233,"""/world""","""vicon/obstacle18/obstacle18""",,,0.413729193254,0.812227975888,0.773028178073,,-0.0260574005856,-0.0858209794854,-0.470678893492,0.877734100155
1542728559187158114,,1391,,1542728559,156403961,"""/world""","""vicon/obstacle18/obstacle18""",,,0.413728890303,0.812228567494,0.773041692152,,-0.026199405174,-0.0858537333574,-0.470660544292,0.877736509258
1542728559201313328,,1392,,1542728559,173141775,"""/world""","""vicon/obstacle18/obstacle18""",,,0.413732194557,0.812214746226,0.77305609154,,-0.0261437216022,-0.085719061854,-0.470757217939,0.877699487304
1542728559216419612,,1393,,1542728559,189795651,"""/world""","""vicon/obstacle18/obstacle18""",,,0.413732128471,0.81220043817,0.773034084127,,-0.0261775709962,-0.0858362238246,-0.470755780114,0.877687799246
1542728559233807763,,1394,,1542728559,206360918,"""/world""","""vicon/obstacle18/obstacle18""",,,0.413727343762,0.812204656671,0.77303834129,,-0.0262485626227,-0.0858942594604,-0.470687588026,0.877716573633
1542728559249797030,,1395,,1542728559,223103713,"""/world""","""vicon/obstacle18/obstacle18""",,,0.413726776525,0.812217668082,0.773044857443,,-0.0261298410902,-0.0858899052249,-0.470707897903,0.877709650418
1542728559267793630,,1396,,1542728559,239749955,"""/world""","""vicon/obstacle18/obstacle18""",,,0.41372626971,0.812219550269,0.77305529574,,-0.0261966349088,-0.0857347381634,-0.470711567279,0.877720861904
1542728559284334163,,1397,,1542728559,256342520,"""/world""","""vicon/obstacle18/obstacle18""",,,0.413722301064,0.812205431228,0.773056610128,,-0.0262558298285,-0.0857860840163,-0.470736725196,0.877700583765
1542728559301823464,,1398,,1542728559,273067329,"""/world""","""vicon/obstacle18/obstacle18""",,,0.41372449882,0.812215437167,0.773046695077,,-0.0261248773547,-0.0857842930468,-0.470748766764,0.877698208065
1542728559320530024,,1399,,1542728559,289767092,"""/world""","""vicon/obstacle18/obstacle18""",,,0.413730240691,0.812218401266,0.773031015121,,-0.0261337559841,-0.0858992422314,-0.470700088117,0.8777128084
1542728559337760201,,1400,,1542728559,306471855,"""/world""","""vicon/obstacle18/obstacle18""",,,0.41373412263,0.812215939652,0.773037088095,,-0.0262246720737,-0.0858242597105,-0.470694413841,0.877720474752
1542728559348760204,,1401,,1542728559,323815261,"""/world""","""vicon/obstacle18/obstacle18""",,,0.413736809815,0.812212923389,0.773049333036,,-0.0261931023798,-0.0858542324979,-0.470663308795,0.877735166154
1542728559365490445,,1402,,1542728559,339720213,"""/world""","""vicon/obstacle18/obstacle18""",,,0.413731319743,0.812204858131,0.773059507221,,-0.0261661007519,-0.0858386595677,-0.470699791706,0.877717930649
1542728559385362235,,1403,,1542728559,356446251,"""/world""","""vicon/obstacle18/obstacle18""",,,0.413725724743,0.812217615051,0.773042924257,,-0.0261326906187,-0.0857800970714,-0.470750975068,0.877697201146
1542728559402761046,,1404,,1542728559,373186311,"""/world""","""vicon/obstacle18/obstacle18""",,,0.413725178199,0.812234661754,0.773036740734,,-0.0261984821069,-0.0857474989379,-0.470846906017,0.877646966072
1542728559418285300,,1405,,1542728559,389800448,"""/world""","""vicon/obstacle18/obstacle18""",,,0.41372810467,0.812224070412,0.773042219199,,-0.0262334476553,-0.0857930978119,-0.470758368726,0.877688959066
1542728559433828894,,1406,,1542728559,406435733,"""/world""","""vicon/obstacle18/obstacle18""",,,0.413737666881,0.812196348775,0.77304737859,,-0.0261863013812,-0.0859221368356,-0.470644508902,0.877738805261
1542728559452085050,,1407,,1542728559,423091458,"""/world""","""vicon/obstacle18/obstacle18""",,,0.413731920082,0.812199080277,0.773055395162,,-0.0262452259691,-0.0858118790925,-0.470687987361,0.877724517189
1542728559469740045,,1408,,1542728559,439756886,"""/world""","""vicon/obstacle18/obstacle18""",,,0.413725373356,0.812218075397,0.773047417286,,-0.0261311756534,-0.0858627610219,-0.470712878111,0.877709595657
1542728559486330692,,1409,,1542728559,456512918,"""/world""","""vicon/obstacle18/obstacle18""",,,0.413717599727,0.812241941954,0.773041141693,,-0.0261589800741,-0.085727763769,-0.470811297058,0.877669175056
1542728559501375286,,1410,,1542728559,473100356,"""/world""","""vicon/obstacle18/obstacle18""",,,0.413726378455,0.812232972446,0.773050092933,,-0.0261427432464,-0.0858046285249,-0.470728155974,0.877706742524
1542728559520623637,,1411,,1542728559,489912794,"""/world""","""vicon/obstacle18/obstacle18""",,,0.413731939732,0.812198867487,0.773055114294,,-0.0261129517496,-0.0859102471802,-0.470681511002,0.877722312797
1542728559533187250,,1412,,1542728559,506444237,"""/world""","""vicon/obstacle18/obstacle18""",,,0.413739025298,0.812193865078,0.773051645389,,-0.0261925529221,-0.0858277162019,-0.470723811451,0.877705330185
1542728559548866421,,1413,,1542728559,523046479,"""/world""","""vicon/obstacle18/obstacle18""",,,0.413733833937,0.812222233351,0.773050683297,,-0.0261547952494,-0.0857663178523,-0.470730120127,0.877709074473
1542728559565606752,,1414,,1542728559,539697240,"""/world""","""vicon/obstacle18/obstacle18""",,,0.41372292469,0.812239354747,0.773027756298,,-0.0261324312967,-0.0857663344185,-0.470764683663,0.877691201124
1542728559582498989,,1415,,1542728559,556841435,"""/world""","""vicon/obstacle18/obstacle18""",,,0.4137264127,0.81223527327,0.773040729844,,-0.026141394894,-0.0858088039644,-0.470739247817,0.877700425658
1542728559599043802,,1416,,1542728559,573042304,"""/world""","""vicon/obstacle18/obstacle18""",,,0.413731497469,0.81221333563,0.773061969292,,-0.0261475150448,-0.0857771865946,-0.470727289777,0.877709747226
1542728559618721070,,1417,,1542728559,589815906,"""/world""","""vicon/obstacle18/obstacle18""",,,0.413732757122,0.812192981835,0.773056681522,,-0.0261515702302,-0.0858489570695,-0.470649732284,0.877744200463
1542728559639245953,,1418,,1542728559,606431063,"""/world""","""vicon/obstacle18/obstacle18""",,,0.41373263732,0.812210697591,0.773049484297,,-0.0260992330381,-0.0858623204952,-0.470701814926,0.877716522221
1542728559652693005,,1419,,1542728559,623066804,"""/world""","""vicon/obstacle18/obstacle18""",,,0.413725190624,0.812233069158,0.773034096286,,-0.0260675535945,-0.0857826265467,-0.470736050646,0.877706895412
1542728559668958215,,1420,,1542728559,639746864,"""/world""","""vicon/obstacle18/obstacle18""",,,0.413721779181,0.812225400067,0.773037949293,,-0.026111095672,-0.0858465591572,-0.470708588356,0.877714078622
1542728559685432117,,1421,,1542728559,656468294,"""/world""","""vicon/obstacle18/obstacle18""",,,0.413732352224,0.81221335266,0.773054446102,,-0.0261603710231,-0.0857305295415,-0.470746949765,0.877703378471
1542728559702217321,,1422,,1542728559,673104403,"""/world""","""vicon/obstacle18/obstacle18""",,,0.413737519986,0.812207895327,0.773062413769,,-0.0261109600391,-0.0857992976876,-0.47068953004,0.877728924323
1542728559722038118,,1423,,1542728559,689791724,"""/world""","""vicon/obstacle18/obstacle18""",,,0.4137356728,0.812201995649,0.773044961712,,-0.0262109353443,-0.0859041591119,-0.470678079134,0.87772182845
1542728559737922959,,1424,,1542728559,706431036,"""/world""","""vicon/obstacle18/obstacle18""",,,0.413728910003,0.812219952549,0.773045123167,,-0.0262435145118,-0.0857520441037,-0.470801246471,0.87766967089
1542728559754986660,,1425,,1542728559,723097712,"""/world""","""vicon/obstacle18/obstacle18""",,,0.413719543055,0.812229577229,0.77303738186,,-0.0261507373259,-0.0857702333639,-0.470791878361,0.877675687982
1542728559770831137,,1426,,1542728559,739876555,"""/world""","""vicon/obstacle18/obstacle18""",,,0.413725757703,0.812226221592,0.773046585684,,-0.0261962774163,-0.0857807786843,-0.470745618034,0.8776981122
1542728559787292539,,1427,,1542728559,756447131,"""/world""","""vicon/obstacle18/obstacle18""",,,0.413734946655,0.812212652818,0.773049482269,,-0.0262689435927,-0.0857568358149,-0.470718064004,0.877713057858
1542728559803920526,,1428,,1542728559,773166019,"""/world""","""vicon/obstacle18/obstacle18""",,,0.413745959909,0.812209226472,0.773041848071,,-0.0261830678801,-0.0858532288149,-0.470716907665,0.877706820582
1542728559820460571,,1429,,1542728559,789802236,"""/world""","""vicon/obstacle18/obstacle18""",,,0.413734940223,0.812207281713,0.773030149764,,-0.026275011969,-0.0858299223354,-0.470765427462,0.877680329325
1542728559836877468,,1430,,1542728559,806534643,"""/world""","""vicon/obstacle18/obstacle18""",,,0.413725476847,0.81221161252,0.773035400065,,-0.0261749322886,-0.0858036300864,-0.47076972995,0.877683582703
1542728559851193511,,1431,,1542728559,823140263,"""/world""","""vicon/obstacle18/obstacle18""",,,0.413722693502,0.812226026829,0.773042932897,,-0.0260989650944,-0.0856811489646,-0.470824719643,0.877668313263
1542728559869422364,,1432,,1542728559,839866998,"""/world""","""vicon/obstacle18/obstacle18""",,,0.41372404504,0.812228004266,0.773071623243,,-0.0260256018667,-0.0857794698834,-0.470706216294,0.877724449093
1542728559886329105,,1433,,1542728559,856508059,"""/world""","""vicon/obstacle18/obstacle18""",,,0.41372907774,0.812210415791,0.773056795332,,-0.0262682931765,-0.0858599671865,-0.470686208488,0.877720078355
1542728559903215972,,1434,,1542728559,873149406,"""/world""","""vicon/obstacle18/obstacle18""",,,0.413733242894,0.81220753479,0.773044700769,,-0.0261003246267,-0.0858449810952,-0.470746098029,0.877694436274
1542728559919915584,,1435,,1542728559,889839810,"""/world""","""vicon/obstacle18/obstacle18""",,,0.413727195055,0.812207682764,0.773032267689,,-0.0262657446693,-0.0858708696327,-0.470729488461,0.87769587734
1542728559936879481,,1436,,1542728559,906473218,"""/world""","""vicon/obstacle18/obstacle18""",,,0.413725513296,0.812230681829,0.77304944812,,-0.026024040622,-0.0858445031002,-0.470732612568,0.877703980886
1542728559953398241,,1437,,1542728559,923156613,"""/world""","""vicon/obstacle18/obstacle18""",,,0.413732936322,0.812234172069,0.773052241867,,-0.0260128048823,-0.0857407820814,-0.47073760112,0.877711776816
1542728559969654259,,1438,,1542728559,939812332,"""/world""","""vicon/obstacle18/obstacle18""",,,0.413731953908,0.81221435171,0.77305152674,,-0.0261165199098,-0.0858155562285,-0.47072611894,0.877707547333
1542728559989069114,,1439,,1542728559,956475695,"""/world""","""vicon/obstacle18/obstacle18""",,,0.413727315214,0.812204682995,0.773036418048,,-0.0262070721217,-0.0858692768699,-0.470678520572,0.877725120373
1542728560003178310,,1440,,1542728559,973044239,"""/world""","""vicon/obstacle18/obstacle18""",,,0.413725318566,0.812219768368,0.773034154477,,-0.0261507719131,-0.0858806984867,-0.470721174746,0.877702807561
1542728560017017653,,1441,,1542728559,989739681,"""/world""","""vicon/obstacle18/obstacle18""",,,0.413722098043,0.812231235367,0.773054057363,,-0.0260803954681,-0.0857398134804,-0.470790918058,0.87768126836
1542728560035837112,,1442,,1542728560,6523557,"""/world""","""vicon/obstacle18/obstacle18""",,,0.4137292393,0.812225431668,0.773048581434,,-0.0261251540599,-0.0858708711895,-0.470678929078,0.877727187416
1542728560052490353,,1443,,1542728560,23089638,"""/world""","""vicon/obstacle18/obstacle18""",,,0.413735720998,0.812217503055,0.773057113022,,-0.0260929908887,-0.0857558716676,-0.470734229666,0.877709730675
1542728560070567546,,1444,,1542728560,39827384,"""/world""","""vicon/obstacle18/obstacle18""",,,0.413727591838,0.812202630428,0.773040980894,,-0.0262197528526,-0.0858027091783,-0.470687707384,0.877726325101
1542728560086261497,,1445,,1542728560,56518680,"""/world""","""vicon/obstacle18/obstacle18""",,,0.413728244217,0.812210903734,0.773028497185,,-0.0262399584521,-0.0858479937943,-0.470723421902,0.877702140031
1542728560103282272,,1446,,1542728560,73099585,"""/world""","""vicon/obstacle18/obstacle18""",,,0.413730796526,0.812221413676,0.773047452128,,-0.0260400393026,-0.0859320955273,-0.470713153068,0.877705371318
1542728560119202534,,1447,,1542728560,89803933,"""/world""","""vicon/obstacle18/obstacle18""",,,0.413723047609,0.81221905517,0.773065097078,,-0.0260752982308,-0.0857288402368,-0.470813282304,0.877670495106
1542728560136378040,,1448,,1542728560,106505730,"""/world""","""vicon/obstacle18/obstacle18""",,,0.413724531681,0.81220813525,0.773061096236,,-0.0260342903253,-0.0858532003523,-0.470700065004,0.87772028148
1542728560151726338,,1449,,1542728560,123113790,"""/world""","""vicon/obstacle18/obstacle18""",,,0.413725037586,0.812213278758,0.773060522026,,-0.0261151674406,-0.0857980568879,-0.470729828912,0.877707308638
1542728560172528666,,1450,,1542728560,139783089,"""/world""","""vicon/obstacle18/obstacle18""",,,0.413724921066,0.812224452171,0.77303471826,,-0.0262510586771,-0.0858406078216,-0.470778118145,0.877673193987
1542728560191167548,,1451,,1542728560,156439639,"""/world""","""vicon/obstacle18/obstacle18""",,,0.413729084684,0.812224004877,0.773043687587,,-0.0261569242935,-0.0858790195799,-0.470712486681,0.877707447952
1542728560202987932,,1452,,1542728560,173056417,"""/world""","""vicon/obstacle18/obstacle18""",,,0.413737326363,0.812208271923,0.773056343993,,-0.0261579120113,-0.0858798229924,-0.470730993729,0.877697414366
1542728560218351825,,1453,,1542728560,189762780,"""/world""","""vicon/obstacle18/obstacle18""",,,0.413723913726,0.812213161075,0.773069879167,,-0.0260520406331,-0.0857520728656,-0.470762295357,0.877696265486
1542728560233461937,,1454,,1542728560,206479619,"""/world""","""vicon/obstacle18/obstacle18""",,,0.4137189746,0.812220680064,0.773053524591,,-0.0260908156604,-0.0858003357794,-0.470762823155,0.877690113909
1542728560253697446,,1455,,1542728560,223043722,"""/world""","""vicon/obstacle18/obstacle18""",,,0.413721568944,0.812238364306,0.773046128717,,-0.026107441395,-0.0858141877676,-0.47077918487,0.877679489207
1542728560270551803,,1456,,1542728560,239870839,"""/world""","""vicon/obstacle18/obstacle18""",,,0.413728426035,0.812226231763,0.773051031082,,-0.0262156787022,-0.0858333119706,-0.470723558965,0.877704227962
1542728560282663900,,1457,,1542728560,256442080,"""/world""","""vicon/obstacle18/obstacle18""",,,0.413732409346,0.812194633923,0.773068120845,,-0.0261740855184,-0.085907070775,-0.470708632022,0.877706258482
1542728560299112038,,1458,,1542728560,273014005,"""/world""","""vicon/obstacle18/obstacle18""",,,0.413730531904,0.812198534037,0.773061707405,,-0.0262356741743,-0.0858520597404,-0.470743337963,0.87769118886
1542728560321765225,,1459,,1542728560,289755720,"""/world""","""vicon/obstacle18/obstacle18""",,,0.413723657744,0.812230271307,0.773044735467,,-0.0261544479862,-0.0857276950741,-0.470794340977,0.877678412434
1542728560338773058,,1460,,1542728560,306444815,"""/world""","""vicon/obstacle18/obstacle18""",,,0.413715623344,0.812252550868,0.773050301493,,-0.0261076909241,-0.0857239759922,-0.470736129278,0.877711390496
1542728560351637659,,1461,,1542728560,323131557,"""/world""","""vicon/obstacle18/obstacle18""",,,0.413729888812,0.81222588427,0.773045405739,,-0.0261749392539,-0.0859055463858,-0.470716937253,0.877701928127
1542728560367892147,,1462,,1542728560,339834852,"""/world""","""vicon/obstacle18/obstacle18""",,,0.413732958647,0.812195438902,0.773072403239,,-0.0262275881746,-0.0858311275345,-0.470757572222,0.877685843204
1542728560384011652,,1463,,1542728560,356504209,"""/world""","""vicon/obstacle18/obstacle18""",,,0.413730732595,0.812178577232,0.773062110903,,-0.0262624645461,-0.0858606207079,-0.4707147426,0.877704886546
1542728560403645654,,1464,,1542728560,373144592,"""/world""","""vicon/obstacle18/obstacle18""",,,0.413728659277,0.812230934129,0.773045657998,,-0.0261182276854,-0.0858257141513,-0.470727040844,0.877706008861
1542728560422579068,,1465,,1542728560,389828070,"""/world""","""vicon/obstacle18/obstacle18""",,,0.413719950062,0.812271104185,0.773048337808,,-0.0260166024204,-0.0856838088046,-0.470813661502,0.877676430953
1542728560435248177,,1466,,1542728560,406532207,"""/world""","""vicon/obstacle18/obstacle18""",,,0.413722162642,0.812230565221,0.773045167172,,-0.0262524633206,-0.0858983152307,-0.470732584101,0.877691928797
1542728560451760433,,1467,,1542728560,423051631,"""/world""","""vicon/obstacle18/obstacle18""",,,0.413736422637,0.812185161282,0.7730602157,,-0.026221867837,-0.0859307783385,-0.470662288931,0.87772736357
1542728560470499074,,1468,,1542728560,439809963,"""/world""","""vicon/obstacle18/obstacle18""",,,0.413736093799,0.812178579491,0.773066256589,,-0.0261407872469,-0.0858799793969,-0.470761945707,0.877681308252
1542728560485376346,,1469,,1542728560,456411674,"""/world""","""vicon/obstacle18/obstacle18""",,,0.413725011173,0.812218755442,0.773040932955,,-0.0261155519484,-0.0858912922563,-0.47067723627,0.877726382831
1542728560500885899,,1470,,1542728560,473100581,"""/world""","""vicon/obstacle18/obstacle18""",,,0.413728181847,0.812260795711,0.773045720897,,-0.026121572342,-0.0857598435324,-0.470846463408,0.877648289801
1542728560517964051,,1471,,1542728560,489814829,"""/world""","""vicon/obstacle18/obstacle18""",,,0.413726526045,0.812243160245,0.773052613859,,-0.0260067431743,-0.0858946852808,-0.470713329807,0.877709925597
1542728560535089409,,1472,,1542728560,506514084,"""/world""","""vicon/obstacle18/obstacle18""",,,0.413728312322,0.81218849382,0.773059278603,,-0.0262099559338,-0.0859327170234,-0.470698892484,0.87770790071
1542728560550928501,,1473,,1542728560,523089960,"""/world""","""vicon/obstacle18/obstacle18""",,,0.413742050783,0.812180924123,0.773057365969,,-0.02620876706,-0.0860165884942,-0.470674635209,0.877712729088
1542728560570397055,,1474,,1542728560,539806663,"""/world""","""vicon/obstacle18/obstacle18""",,,0.413734176586,0.81222060325,0.773044164728,,-0.0261668242402,-0.0859053477365,-0.470698581672,0.8777120335
1542728560587342069,,1475,,1542728560,556440070,"""/world""","""vicon/obstacle18/obstacle18""",,,0.413721610094,0.812248380507,0.773031831076,,-0.0260973043876,-0.0859126488704,-0.470682280254,0.877722130587
1542728560603213917,,1476,,1542728560,573085798,"""/world""","""vicon/obstacle18/obstacle18""",,,0.413727068362,0.81224067317,0.773056467593,,-0.0260497085013,-0.085873080127,-0.470728714932,0.877702514372
1542728560615922255,,1477,,1542728560,589770705,"""/world""","""vicon/obstacle18/obstacle18""",,,0.413731747687,0.812199386205,0.773072046413,,-0.0261648849723,-0.0858309967662,-0.470763427591,0.877684586871
1542728560632571253,,1478,,1542728560,606398242,"""/world""","""vicon/obstacle18/obstacle18""",,,0.413731840739,0.812185943075,0.773063329036,,-0.0262716040135,-0.0860109225097,-0.470637999295,0.877731050864
1542728560653001805,,1479,,1542728560,623117124,"""/world""","""vicon/obstacle18/obstacle18""",,,0.413731961374,0.812220972423,0.773045651286,,-0.0261841442332,-0.0859648485927,-0.470640608747,0.877736778764
1542728560672413388,,1480,,1542728560,639814965,"""/world""","""vicon/obstacle18/obstacle18""",,,0.41373054972,0.812249548577,0.773043922525,,-0.0260908412939,-0.0859120838054,-0.470733025472,0.877695163816
1542728560688913488,,1481,,1542728560,656469406,"""/world""","""vicon/obstacle18/obstacle18""",,,0.413720439204,0.812230031795,0.773053599519,,-0.0260929231485,-0.08585964846,-0.470697959351,0.877719038868
1542728560700258643,,1482,,1542728560,673103987,"""/world""","""vicon/obstacle18/obstacle18""",,,0.413723999172,0.81220027558,0.773072852514,,-0.0261867967747,-0.0857811369347,-0.470751881312,0.877695000819
1542728560717960936,,1483,,1542728560,689774945,"""/world""","""vicon/obstacle18/obstacle18""",,,0.413730954971,0.812206485503,0.773071679816,,-0.0260711522002,-0.0858829709438,-0.470744126162,0.877692644386
1542728560733517385,,1484,,1542728560,706435878,"""/world""","""vicon/obstacle18/obstacle18""",,,0.413730956538,0.812225203037,0.773044886526,,-0.0262706526782,-0.0858832859878,-0.470714947334,0.8777023142
1542728560750991173,,1485,,1542728560,723080805,"""/world""","""vicon/obstacle18/obstacle18""",,,0.413728742886,0.812230296201,0.773039982812,,-0.0261746867419,-0.0858424976524,-0.470712213175,0.877710637818
1542728560768775810,,1486,,1542728560,739859276,"""/world""","""vicon/obstacle18/obstacle18""",,,0.41372690475,0.812220230987,0.773056559901,,-0.0260877765116,-0.0858049273751,-0.470723994076,0.877710580861
1542728560785650786,,1487,,1542728560,756473903,"""/world""","""vicon/obstacle18/obstacle18""",,,0.41372477745,0.81219660215,0.773076568515,,-0.0261397837475,-0.0857591922562,-0.470762493953,0.877692854555
1542728560805752222,,1488,,1542728560,773109942,"""/world""","""vicon/obstacle18/obstacle18""",,,0.413726859726,0.812205052513,0.773064486158,,-0.0261602036935,-0.0859334931334,-0.470678074883,0.877720472773
1542728560821841613,,1489,,1542728560,789783824,"""/world""","""vicon/obstacle18/obstacle18""",,,0.413726816807,0.812246200869,0.773049047163,,-0.026045588855,-0.0858497523223,-0.470767359917,0.877684191588
1542728560839217011,,1490,,1542728560,806413586,"""/world""","""vicon/obstacle18/obstacle18""",,,0.413723887576,0.812233938231,0.773043395262,,-0.0262698255693,-0.085830012149,-0.470753610786,0.877686813853
1542728560851069736,,1491,,1542728560,822995605,"""/world""","""vicon/obstacle18/obstacle18""",,,0.413729766341,0.812203443526,0.77305435221,,-0.0262014359773,-0.0858704823864,-0.470705299988,0.87771080976
1542728560867997125,,1492,,1542728560,839709952,"""/world""","""vicon/obstacle18/obstacle18""",,,0.413730292092,0.812194083716,0.773073961573,,-0.0261610408862,-0.0858506718144,-0.470779103574,0.877674368845
1542728560886067753,,1493,,1542728560,856396555,"""/world""","""vicon/obstacle18/obstacle18""",,,0.413729416561,0.812203255686,0.773063178471,,-0.0261244557626,-0.0859071819361,-0.470715385498,0.87770410433
1542728560902518855,,1494,,1542728560,873050839,"""/world""","""vicon/obstacle18/obstacle18""",,,0.413722788464,0.812239953889,0.773036162014,,-0.0261437366335,-0.0858848124043,-0.470721203863,0.877702598986
1542728560919081687,,1495,,1542728560,889738862,"""/world""","""vicon/obstacle18/obstacle18""",,,0.413725924808,0.81224352509,0.773041684757,,-0.0260789206291,-0.0858756857027,-0.47071558102,0.877708435808
1542728560936359150,,1496,,1542728560,906515316,"""/world""","""vicon/obstacle18/obstacle18""",,,0.413725621433,0.81219343045,0.773059013981,,-0.0261836797383,-0.0859484616489,-0.470694394144,0.877709555706
1542728560953541677,,1497,,1542728560,923118483,"""/world""","""vicon/obstacle18/obstacle18""",,,0.413732916886,0.812183494476,0.773073064447,,-0.0262151286979,-0.085832249758,-0.470707971409,0.877712707884
1542728560970411817,,1498,,1542728560,939798482,"""/world""","""vicon/obstacle18/obstacle18""",,,0.413727520094,0.81222087311,0.773075490533,,-0.0260777098725,-0.0857787160447,-0.47077451792,0.87768634386
1542728560986473268,,1499,,1542728560,956477754,"""/world""","""vicon/obstacle18/obstacle18""",,,0.413719461807,0.812246123062,0.773040894073,,-0.0260514169713,-0.0859148299429,-0.470689546502,0.877719383677
1542728561003458517,,1500,,1542728560,973070342,"""/world""","""vicon/obstacle18/obstacle18""",,,0.413722499026,0.812245302615,0.773037587628,,-0.0261035288325,-0.0857422350724,-0.470813413323,0.877668277165
1542728561020206567,,1501,,1542728560,989757821,"""/world""","""vicon/obstacle18/obstacle18""",,,0.413727101115,0.812209605418,0.773053961075,,-0.0262210111948,-0.0858759003628,-0.470741136853,0.877690475272
1542728561035999832,,1502,,1542728561,6417439,"""/world""","""vicon/obstacle18/obstacle18""",,,0.413725704025,0.81217979896,0.773070958829,,-0.0262278304127,-0.0858650181399,-0.470691327571,0.877718049103
1542728561053216023,,1503,,1542728561,23093091,"""/world""","""vicon/obstacle18/obstacle18""",,,0.413731285022,0.812203875848,0.77306623945,,-0.0260118726914,-0.0859165557244,-0.470674290053,0.877728568872
1542728561069895029,,1504,,1542728561,39798761,"""/world""","""vicon/obstacle18/obstacle18""",,,0.41371959286,0.812248536187,0.77305206422,,-0.0259902587477,-0.0857842272647,-0.470726115217,0.877714359718
1542728561086895334,,1505,,1542728561,56503699,"""/world""","""vicon/obstacle18/obstacle18""",,,0.413718364617,0.812250519368,0.773032491352,,-0.0260353773951,-0.0859311160145,-0.470709658412,0.877707479689
1542728561101115360,,1506,,1542728561,73066762,"""/world""","""vicon/obstacle18/obstacle18""",,,0.413724393851,0.812216068616,0.773055662625,,-0.0261509605853,-0.0857544542166,-0.470752022675,0.877698600882
1542728561119841899,,1507,,1542728561,89822013,"""/world""","""vicon/obstacle18/obstacle18""",,,0.413728992646,0.812189137735,0.773077526036,,-0.0261673839766,-0.0858335434781,-0.470770100534,0.877680684118
1542728561138516242,,1508,,1542728561,106499849,"""/world""","""vicon/obstacle18/obstacle18""",,,0.413725803179,0.812198541698,0.773067974295,,-0.0262257879653,-0.0858808037431,-0.470689555415,0.877717516071
1542728561155586844,,1509,,1542728561,123101603,"""/world""","""vicon/obstacle18/obstacle18""",,,0.413724311304,0.812239481668,0.773057410986,,-0.0261084760687,-0.0857887889563,-0.470783594426,0.877679576147
1542728561172403001,,1510,,1542728561,139859888,"""/world""","""vicon/obstacle18/obstacle18""",,,0.413717151307,0.812252454131,0.773044741094,,-0.0260501027718,-0.0858413647632,-0.470763128132,0.877687147811
1542728561187819354,,1511,,1542728561,156583854,"""/world""","""vicon/obstacle18/obstacle18""",,,0.413716632063,0.812229792066,0.773052028761,,-0.0261902071848,-0.0858150787578,-0.470719191575,0.877709113539
1542728561201986572,,1512,,1542728561,173121939,"""/world""","""vicon/obstacle18/obstacle18""",,,0.413727987621,0.812199565513,0.773071688492,,-0.0261180496036,-0.0858040992615,-0.470782320577,0.877678477956
1542728561217876137,,1513,,1542728561,189807529,"""/world""","""vicon/obstacle18/obstacle18""",,,0.413731971321,0.812201869995,0.773074959146,,-0.0262197080401,-0.0858169357452,-0.470722814096,0.87770610841
1542728561235310147,,1514,,1542728561,206456818,"""/world""","""vicon/obstacle18/obstacle18""",,,0.413720846563,0.812221267874,0.77305679697,,-0.0261565779459,-0.0858436740578,-0.470704027381,0.87771545256
1542728561251375037,,1515,,1542728561,222998907,"""/world""","""vicon/obstacle18/obstacle18""",,,0.413719275687,0.812239675928,0.773035009762,,-0.0260857350388,-0.0858227402127,-0.470756115961,0.87769167193
1542728561268816053,,1516,,1542728561,239771934,"""/world""","""vicon/obstacle18/obstacle18""",,,0.413721035982,0.812244695255,0.77305045557,,-0.0261089921002,-0.0857179037631,-0.470812608316,0.877670923158
1542728561285295614,,1517,,1542728561,256447110,"""/world""","""vicon/obstacle18/obstacle18""",,,0.413725504129,0.812203059877,0.773067770361,,-0.0261969817553,-0.0858633665592,-0.470716579725,0.877705589592
1542728561299173527,,1518,,1542728561,274055458,"""/world""","""vicon/obstacle18/obstacle18""",,,0.413731736218,0.812193901031,0.773074540652,,-0.0262479887347,-0.0858264078939,-0.470739770403,0.87769524287
1542728561315257331,,1519,,1542728561,289681904,"""/world""","""vicon/obstacle18/obstacle18""",,,0.41372588017,0.81221382727,0.773064052015,,-0.0261389841611,-0.0858835827163,-0.470744450601,0.877690392995
1542728561332375381,,1520,,1542728561,306360641,"""/world""","""vicon/obstacle18/obstacle18""",,,0.413715925996,0.812228643746,0.773043965561,,-0.0261622841824,-0.0858247039622,-0.470728193118,0.877704177545
1542728561348935871,,1521,,1542728561,323038352,"""/world""","""vicon/obstacle18/obstacle18""",,,0.413717504498,0.812236441582,0.773047548361,,-0.0261805211343,-0.0857873320382,-0.470771327945,0.87768415205
1542728561367358326,,1522,,1542728561,339783397,"""/world""","""vicon/obstacle18/obstacle18""",,,0.413728325242,0.81221686702,0.773054753573,,-0.0261539312866,-0.0858361346604,-0.470713738343,0.877711060885
1542728561384840596,,1523,,1542728561,356519026,"""/world""","""vicon/obstacle18/obstacle18""",,,0.413729212873,0.812195168524,0.773068631051,,-0.0262347376287,-0.0857653620096,-0.4707878482,0.877675818972
1542728561404476544,,1524,,1542728561,373130288,"""/world""","""vicon/obstacle18/obstacle18""",,,0.413730382773,0.812203017678,0.773047856325,,-0.0262356265515,-0.0858956946027,-0.470715038091,0.877702098928
1542728561422166343,,1525,,1542728561,389808124,"""/world""","""vicon/obstacle18/obstacle18""",,,0.413720906047,0.812233002992,0.773043757671,,-0.0260395561933,-0.085808216168,-0.470757054181,0.877693960039
1542728561438553647,,1526,,1542728561,406461132,"""/world""","""vicon/obstacle18/obstacle18""",,,0.413717174069,0.812229862325,0.773046753887,,-0.0261634891148,-0.0857281800234,-0.470816964557,0.877665959732
1542728561451828487,,1527,,1542728561,423082008,"""/world""","""vicon/obstacle18/obstacle18""",,,0.41372640321,0.812214509582,0.773061654524,,-0.0261463831077,-0.0858397237752,-0.470733575493,0.877700295874
1542728561468094303,,1528,,1542728561,439834694,"""/world""","""vicon/obstacle18/obstacle18""",,,0.413728881694,0.812204231739,0.773068072904,,-0.0261403455583,-0.0858630554773,-0.470679879705,0.877726989946
1542728561485056399,,1529,,1542728561,456462618,"""/world""","""vicon/obstacle18/obstacle18""",,,0.413717480384,0.8122084703,0.77305268043,,-0.0261142777953,-0.0858755451082,-0.470723833437,0.87770297247
1542728561501639994,,1530,,1542728561,473079400,"""/world""","""vicon/obstacle18/obstacle18""",,,0.413722222877,0.812235797929,0.773042369129,,-0.0260442581631,-0.08579932178,-0.47075879088,0.877693758556
1542728561519047465,,1531,,1542728561,489840144,"""/world""","""vicon/obstacle18/obstacle18""",,,0.413726762877,0.812229298695,0.773047549224,,-0.0261397829682,-0.0858285721506,-0.47072887777,0.877704102521
1542728561535625173,,1532,,1542728561,506538822,"""/world""","""vicon/obstacle18/obstacle18""",,,0.41372491422,0.8122018005,0.773064034649,,-0.0262045886769,-0.085829861546,-0.470749104259,0.87769119583
1542728561552543728,,1533,,1542728561,523109282,"""/world""","""vicon/obstacle18/obstacle18""",,,0.413728281508,0.812200529674,0.773066778746,,-0.0260213051424,-0.0857796162473,-0.470693716441,0.87773126549
1542728561569653477,,1534,,1542728561,539833820,"""/world""","""vicon/obstacle18/obstacle18""",,,0.413726909225,0.812221858441,0.773053966527,,-0.0260704245528,-0.0857385489578,-0.470795892698,0.87767901969
1542728561587680144,,1535,,1542728561,556453228,"""/world""","""vicon/obstacle18/obstacle18""",,,0.413716291942,0.812244546906,0.773039796782,,-0.0261675206864,-0.0857681693217,-0.470749379067,0.877698185085
1542728561600006158,,1536,,1542728561,573090821,"""/world""","""vicon/obstacle18/obstacle18""",,,0.413725421333,0.812224605968,0.77305097338,,-0.0261549450354,-0.0858520534063,-0.47072712145,0.877702296287
1542728561618077834,,1537,,1542728561,589794913,"""/world""","""vicon/obstacle18/obstacle18""",,,0.41372946413,0.812191934862,0.773072610192,,-0.0262363548128,-0.0858926064985,-0.470723974724,0.877697586561
1542728561634808388,,1538,,1542728561,606456087,"""/world""","""vicon/obstacle18/obstacle18""",,,0.413727214642,0.812192746094,0.773063658633,,-0.0261307818495,-0.0857885869896,-0.470726660273,0.877709468953
1542728561650030056,,1539,,1542728561,623050528,"""/world""","""vicon/obstacle18/obstacle18""",,,0.41372384505,0.812228322298,0.7730446479,,-0.0260920739338,-0.0857925585349,-0.470787851531,0.877677411939
1542728561666367571,,1540,,1542728561,639731083,"""/world""","""vicon/obstacle18/obstacle18""",,,0.41372467021,0.812252189464,0.773040949099,,-0.0260696440654,-0.0858355672771,-0.470751259391,0.877693500506
1542728561684455560,,1541,,1542728561,656439932,"""/world""","""vicon/obstacle18/obstacle18""",,,0.413727901379,0.812223566679,0.77305462078,,-0.0261346530195,-0.0858798585808,-0.470729590918,0.877698856121
1542728561699087477,,1542,,1542728561,673011389,"""/world""","""vicon/obstacle18/obstacle18""",,,0.413725242331,0.812176162789,0.773079560939,,-0.026263331791,-0.0859443538627,-0.470611646444,0.877751948829
1542728561715320174,,1543,,1542728561,689728408,"""/world""","""vicon/obstacle18/obstacle18""",,,0.413733153226,0.812184848099,0.773065464428,,-0.0262047636886,-0.0858025380466,-0.47076130972,0.877687315674
1542728561732511445,,1544,,1542728561,706436868,"""/world""","""vicon/obstacle18/obstacle18""",,,0.413722077014,0.812237824987,0.773046704474,,-0.0260489591202,-0.0857172849643,-0.470816239348,0.877670819586
1542728561755623214,,1545,,1542728561,723118852,"""/world""","""vicon/obstacle18/obstacle18""",,,0.413719459732,0.812258583145,0.773035762915,,-0.0260494560941,-0.085901181438,-0.470697108241,0.877716722615
1542728561770319232,,1546,,1542728561,739871709,"""/world""","""vicon/obstacle18/obstacle18""",,,0.413726108192,0.812226083514,0.7730530495,,-0.0262088856001,-0.0858833820175,-0.470701721071,0.877711244539
1542728561784206265,,1547,,1542728561,756448102,"""/world""","""vicon/obstacle18/obstacle18""",,,0.413728778022,0.812175173065,0.773083670449,,-0.0261441176006,-0.085905609846,-0.47069440445,0.877714924637
1542728561801330546,,1548,,1542728561,773094227,"""/world""","""vicon/obstacle18/obstacle18""",,,0.413730959675,0.81216962491,0.773072396548,,-0.0262935143048,-0.0858165873142,-0.470769720302,0.8776787766
1542728561817937997,,1549,,1542728561,789787388,"""/world""","""vicon/obstacle18/obstacle18""",,,0.413730854261,0.812234192868,0.773045429798,,-0.0261347366703,-0.0857481411537,-0.470808314201,0.877669506766
1542728561834474701,,1550,,1542728561,806482728,"""/world""","""vicon/obstacle18/obstacle18""",,,0.413717664432,0.812267080043,0.773034013793,,-0.0260403738927,-0.0857510514949,-0.470774527581,0.877690150495
1542728561850947540,,1551,,1542728561,823132794,"""/world""","""vicon/obstacle18/obstacle18""",,,0.413721233732,0.81223838029,0.773048525915,,-0.0261055362134,-0.0858276292449,-0.470718699869,0.877710672506
1542728561867469382,,1552,,1542728561,839776690,"""/world""","""vicon/obstacle18/obstacle18""",,,0.413728249694,0.812179969086,0.773082588372,,-0.026219981944,-0.0858322011219,-0.470691745976,0.877721269007
1542728561886696931,,1553,,1542728561,856447402,"""/world""","""vicon/obstacle18/obstacle18""",,,0.413735324154,0.812173123625,0.773080998227,,-0.0261153173896,-0.0859276073345,-0.470735613443,0.877691528233
1542728561901899923,,1554,,1542728561,873073915,"""/world""","""vicon/obstacle18/obstacle18""",,,0.413733282183,0.81222292764,0.773042735709,,-0.0260632059491,-0.085924152716,-0.470720228725,0.877701666596
1542728561919062319,,1555,,1542728561,889763429,"""/world""","""vicon/obstacle18/obstacle18""",,,0.413724131103,0.812262523833,0.773027368572,,-0.0261462257907,-0.0857988045904,-0.470735756973,0.87770313154
1542728561933995246,,1556,,1542728561,906337065,"""/world""","""vicon/obstacle18/obstacle18""",,,0.413720558234,0.812243658457,0.773055060472,,-0.0261653611568,-0.0857101626324,-0.470787922293,0.877683242474
1542728561951073361,,1557,,1542728561,923053107,"""/world""","""vicon/obstacle18/obstacle18""",,,0.413725713385,0.812190857666,0.773075021245,,-0.0261886439511,-0.0858371453132,-0.47071173381,0.877711002019
1542728561967708133,,1558,,1542728561,939774153,"""/world""","""vicon/obstacle18/obstacle18""",,,0.413734241028,0.812179166128,0.77308333771,,-0.0261403613495,-0.085875994074,-0.470715775958,0.877706473381
1542728561984032980,,1559,,1542728561,956431201,"""/world""","""vicon/obstacle18/obstacle18""",,,0.413734664045,0.812216496458,0.773053528801,,-0.0262122855891,-0.085775719452,-0.470788790577,0.87767497213
1542728562000818567,,1560,,1542728561,973068051,"""/world""","""vicon/obstacle18/obstacle18""",,,0.413727914768,0.812248574992,0.773022060738,,-0.0261927581678,-0.0858099328614,-0.470718706056,0.877709800909
1542728562017629313,,1561,,1542728561,989785949,"""/world""","""vicon/obstacle18/obstacle18""",,,0.413718086851,0.812241666391,0.773046980368,,-0.0262141964206,-0.0857169106076,-0.470768588115,0.877691496818
1542728562034570173,,1562,,1542728562,6485099,"""/world""","""vicon/obstacle18/obstacle18""",,,0.413725606596,0.812206061527,0.773077749208,,-0.0261490553447,-0.0858017575477,-0.470726202824,0.877707882659
1542728562050979481,,1563,,1542728562,23172391,"""/world""","""vicon/obstacle18/obstacle18""",,,0.413728703846,0.812192082307,0.773092014458,,-0.0260695776681,-0.0858445445268,-0.470695795929,0.877722370109
1542728562067958865,,1564,,1542728562,39840570,"""/world""","""vicon/obstacle18/obstacle18""",,,0.413731508803,0.812215684217,0.77306418687,,-0.0261474774389,-0.0858793867343,-0.470736888152,0.87769460662
1542728562085168274,,1565,,1542728562,56530592,"""/world""","""vicon/obstacle18/obstacle18""",,,0.413722618279,0.812239288749,0.773024714864,,-0.0262539344742,-0.0858464857118,-0.47076534941,0.877679382013
1542728562101517591,,1566,,1542728562,73165101,"""/world""","""vicon/obstacle18/obstacle18""",,,0.413718405681,0.81223191853,0.773041580088,,-0.0261359005626,-0.0858881655217,-0.470691128918,0.877718633095
1542728562117984583,,1567,,1542728562,89867198,"""/world""","""vicon/obstacle18/obstacle18""",,,0.413725779603,0.812210986202,0.773070451138,,-0.0260750158541,-0.0858339839366,-0.470720520276,0.877709982022
1542728562134690733,,1568,,1542728562,106536988,"""/world""","""vicon/obstacle18/obstacle18""",,,0.413728133285,0.81221051601,0.773085957366,,-0.0261079450588,-0.0857973882833,-0.470753875905,0.877694691615
1542728562151016554,,1569,,1542728562,123176537,"""/world""","""vicon/obstacle18/obstacle18""",,,0.413728494476,0.812214504038,0.773064563215,,-0.0262276898898,-0.085819142674,-0.470783102211,0.877673318329
1542728562168243559,,1570,,1542728562,139849210,"""/world""","""vicon/obstacle18/obstacle18""",,,0.413718493745,0.812231020161,0.773045357161,,-0.0261715848605,-0.0858542587701,-0.470720907067,0.877704917411
1542728562184457788,,1571,,1542728562,156509047,"""/world""","""vicon/obstacle18/obstacle18""",,,0.413721123884,0.812227574387,0.77303486002,,-0.0262208691165,-0.0858833136284,-0.470679352044,0.877722889084
1542728562201760449,,1572,,1542728562,173186501,"""/world""","""vicon/obstacle18/obstacle18""",,,0.413719181821,0.812215592209,0.773071488315,,-0.0261865295474,-0.0857508542188,-0.470726090017,0.877711800563
1542728562218354974,,1573,,1542728562,189898538,"""/world""","""vicon/obstacle18/obstacle18""",,,0.413722887577,0.812219425734,0.773087300864,,-0.0259841796985,-0.0857214050692,-0.47074355673,0.877711323224
1542728562234566484,,1574,,1542728562,206530332,"""/world""","""vicon/obstacle18/obstacle18""",,,0.413727964781,0.812231562809,0.773069801563,,-0.0260994142402,-0.0857092136513,-0.470814151217,0.877671229041
1542728562250830208,,1575,,1542728562,223138533,"""/world""","""vicon/obstacle18/obstacle18""",,,0.41371919526,0.812222176947,0.773041185985,,-0.0262411058619,-0.0859538013865,-0.47063689642,0.877738150087
1542728562267081159,,1576,,1542728562,239820136,"""/world""","""vicon/obstacle18/obstacle18""",,,0.413720954573,0.812213766121,0.773037995575,,-0.0263642210365,-0.085917203099,-0.470695618656,0.877706554971
1542728562283295848,,1577,,1542728562,256429807,"""/world""","""vicon/obstacle18/obstacle18""",,,0.413723965779,0.812211670857,0.773070255464,,-0.0261402650795,-0.0858071730988,-0.470761764424,0.877688541991
1542728562301817758,,1578,,1542728562,273159588,"""/world""","""vicon/obstacle18/obstacle18""",,,0.413722396534,0.812216730072,0.773082892752,,-0.0261642709127,-0.0857428225344,-0.470788272264,0.877679897235
1542728562319387708,,1579,,1542728562,289872919,"""/world""","""vicon/obstacle18/obstacle18""",,,0.413718953274,0.812235678147,0.773069461888,,-0.0260141801914,-0.085685622039,-0.470810643592,0.877677944627
1542728562338466648,,1580,,1542728562,306489567,"""/world""","""vicon/obstacle18/obstacle18""",,,0.413723670528,0.812229773989,0.773046663371,,-0.0261729308658,-0.0857961285554,-0.470746304317,0.877696940286
1542728562351749589,,1581,,1542728562,323138550,"""/world""","""vicon/obstacle18/obstacle18""",,,0.413726011584,0.812204935911,0.773042733738,,-0.0263420961122,-0.0859017311925,-0.470682036105,0.877716017535
1542728562370348191,,1582,,1542728562,339950107,"""/world""","""vicon/obstacle18/obstacle18""",,,0.413722145882,0.812201758275,0.773060607512,,-0.0261761062184,-0.0859362184185,-0.470677041471,0.877720286002
1542728562382935540,,1583,,1542728562,356438051,"""/world""","""vicon/obstacle18/obstacle18""",,,0.413729106589,0.812208168809,0.773064417103,,-0.0261983094531,-0.0858650523449,-0.470758159834,0.877683084215
1542728562398891919,,1584,,1542728562,373108369,"""/world""","""vicon/obstacle18/obstacle18""",,,0.413723256872,0.812235496888,0.773070839646,,-0.0260351516281,-0.0856962451306,-0.470847633707,0.877656442056
1542728562420120825,,1585,,1542728562,389753157,"""/world""","""vicon/obstacle18/obstacle18""",,,0.413722031975,0.812235701494,0.773046609356,,-0.0260784858248,-0.0858377384904,-0.470691939501,0.877724839182
1542728562436724175,,1586,,1542728562,406503924,"""/world""","""vicon/obstacle18/obstacle18""",,,0.413724559871,0.812212110221,0.773043658259,,-0.026367899168,-0.0859217490916,-0.470674784836,0.877717171899
1542728562453168360,,1587,,1542728562,423171280,"""/world""","""vicon/obstacle18/obstacle18""",,,0.413733683147,0.812196790063,0.773054307906,,-0.0263215693635,-0.0858345044393,-0.470739660427,0.877692306526
1542728562468258494,,1588,,1542728562,439783701,"""/world""","""vicon/obstacle18/obstacle18""",,,0.413730705234,0.812205129586,0.773073677033,,-0.0261717566006,-0.0858263193717,-0.470764937911,0.877684029303
1542728562484039924,,1589,,1542728562,456481317,"""/world""","""vicon/obstacle18/obstacle18""",,,0.41372642038,0.812228381187,0.773063231224,,-0.0260665033664,-0.0858915503487,-0.470749678012,0.877688965199
1542728562502125289,,1590,,1542728562,473132081,"""/world""","""vicon/obstacle18/obstacle18""",,,0.413728379659,0.812242552384,0.77304491347,,-0.0260785646791,-0.0858091393012,-0.470774232024,0.87768349793
1542728562518065435,,1591,,1542728562,489789430,"""/world""","""vicon/obstacle18/obstacle18""",,,0.413723312618,0.812221134109,0.773047991798,,-0.0262196845085,-0.0858773804917,-0.470686520258,0.877719661003
1542728562534834770,,1592,,1542728562,506442754,"""/world""","""vicon/obstacle18/obstacle18""",,,0.413728169028,0.812195712543,0.773061114323,,-0.0262198061521,-0.085930153582,-0.470682739808,0.877716519679
1542728562551306224,,1593,,1542728562,523172210,"""/world""","""vicon/obstacle18/obstacle18""",,,0.413731414118,0.812193234094,0.773070885758,,-0.0261928360555,-0.0859371697938,-0.470705901888,0.877704216758
1542728562568526107,,1594,,1542728562,539851949,"""/world""","""vicon/obstacle18/obstacle18""",,,0.413724710958,0.812219890219,0.77307892233,,-0.0260997799838,-0.0857290410543,-0.470782893662,0.877686048676
1542728562586492918,,1595,,1542728562,556500280,"""/world""","""vicon/obstacle18/obstacle18""",,,0.413723098276,0.812241163075,0.773052565111,,-0.0261171711674,-0.0858022528973,-0.470791281501,0.877673877947
1542728562602851525,,1596,,1542728562,573132552,"""/world""","""vicon/obstacle18/obstacle18""",,,0.413724365843,0.812233189554,0.773042556363,,-0.0261523287439,-0.0857970660683,-0.470737343806,0.877702268598
1542728562618328209,,1597,,1542728562,589831090,"""/world""","""vicon/obstacle18/obstacle18""",,,0.413718172669,0.812196315115,0.773063412883,,-0.0262606488383,-0.0857621507179,-0.470774187441,0.877682685409
1542728562636288137,,1598,,1542728562,606485806,"""/world""","""vicon/obstacle18/obstacle18""",,,0.413723902984,0.812185832168,0.773070314579,,-0.0262299196209,-0.0859540211181,-0.470629455204,0.87774245281
1542728562651827569,,1599,,1542728562,623144979,"""/world""","""vicon/obstacle18/obstacle18""",,,0.413730111563,0.812217056934,0.773085793489,,-0.0259738712929,-0.085830165009,-0.470789324506,0.877676451043
1542728562669589250,,1600,,1542728562,639852230,"""/world""","""vicon/obstacle18/obstacle18""",,,0.413716002872,0.812237383813,0.773057285825,,-0.0260485390808,-0.0857941072951,-0.470802374997,0.877670763135
1542728562684944880,,1601,,1542728562,656497994,"""/world""","""vicon/obstacle18/obstacle18""",,,0.413716076726,0.812240002237,0.773039505955,,-0.026125264305,-0.0857810679037,-0.470796491916,0.877672912966
1542728562701860929,,1602,,1542728562,673139409,"""/world""","""vicon/obstacle18/obstacle18""",,,0.413723690657,0.812206153845,0.77305295311,,-0.0261737924307,-0.0858630677789,-0.470694802668,0.877717989404
1542728562718838374,,1603,,1542728562,689822087,"""/world""","""vicon/obstacle18/obstacle18""",,,0.413726026542,0.812183097319,0.773074638064,,-0.0262239320194,-0.0858821282619,-0.470704126794,0.877709627641
1542728562734516226,,1604,,1542728562,706499980,"""/world""","""vicon/obstacle18/obstacle18""",,,0.41373033376,0.812192589855,0.773073196041,,-0.0261115523671,-0.0859336785854,-0.470720658771,0.87769906638
1542728562751943056,,1605,,1542728562,723135710,"""/world""","""vicon/obstacle18/obstacle18""",,,0.413722301007,0.81223409936,0.77305842229,,-0.0260904270809,-0.0857316959417,-0.470785670454,0.877684577978
1542728562768293759,,1606,,1542728562,739840378,"""/world""","""vicon/obstacle18/obstacle18""",,,0.413711587524,0.812244019134,0.773033600117,,-0.0260274161962,-0.0858877461942,-0.470757557081,0.877686271461
1542728562784727636,,1607,,1542728562,756482551,"""/world""","""vicon/obstacle18/obstacle18""",,,0.413710149988,0.812214949818,0.773051989289,,-0.0261472723058,-0.0858866919423,-0.470680366924,0.877724209812
1542728562801386729,,1608,,1542728562,773200057,"""/world""","""vicon/obstacle18/obstacle18""",,,0.413728449573,0.812187134991,0.773084393558,,-0.0262298354715,-0.0858613919337,-0.470718108204,0.877703981827
1542728562818309991,,1609,,1542728562,789866528,"""/world""","""vicon/obstacle18/obstacle18""",,,0.413727521625,0.812192389449,0.773092234665,,-0.0261058688746,-0.0858922168604,-0.47067665735,0.877726890849
1542728562835230107,,1610,,1542728562,806518160,"""/world""","""vicon/obstacle18/obstacle18""",,,0.413720610504,0.812218172413,0.773057513214,,-0.0262062175048,-0.0859293054852,-0.470728538654,0.877692447
1542728562851777663,,1611,,1542728562,823142470,"""/world""","""vicon/obstacle18/obstacle18""",,,0.413719213696,0.812251720359,0.773042464401,,-0.0260528161501,-0.085806574246,-0.470785181429,0.87767864024
1542728562868024581,,1612,,1542728562,839841241,"""/world""","""vicon/obstacle18/obstacle18""",,,0.413717106773,0.81223646577,0.773042645347,,-0.0261690076247,-0.0857609882897,-0.470771316399,0.877687076117
1542728562884791212,,1613,,1542728562,856430214,"""/world""","""vicon/obstacle18/obstacle18""",,,0.413722417329,0.812191435406,0.773070916709,,-0.0262680362947,-0.0859294668599,-0.470652395876,0.877731416351
1542728562901220824,,1614,,1542728562,873068944,"""/world""","""vicon/obstacle18/obstacle18""",,,0.413736308391,0.812195941976,0.773089541392,,-0.0261147680016,-0.0858718876765,-0.470733441377,0.877698162792
1542728562918388939,,1615,,1542728562,889831531,"""/world""","""vicon/obstacle18/obstacle18""",,,0.413721964226,0.812216526745,0.773054679126,,-0.0260875123243,-0.0859201146215,-0.470709725799,0.877706972538
1542728562934592345,,1616,,1542728562,906421417,"""/world""","""vicon/obstacle18/obstacle18""",,,0.41371203734,0.8122382035,0.773041359282,,-0.026176481726,-0.0858256718735,-0.470735000764,0.877700008492
1542728562951252100,,1617,,1542728562,923050233,"""/world""","""vicon/obstacle18/obstacle18""",,,0.413722204482,0.812231086373,0.773038210499,,-0.0261991228655,-0.085809849087,-0.470742992956,0.877696593558
1542728562967957485,,1618,,1542728562,939759026,"""/world""","""vicon/obstacle18/obstacle18""",,,0.413721092616,0.81221136459,0.773076942202,,-0.0261476231204,-0.085755093497,-0.470765514605,0.87769140135
1542728562984902405,,1619,,1542728562,956494418,"""/world""","""vicon/obstacle18/obstacle18""",,,0.413728081357,0.812187606426,0.773076091353,,-0.0262150742532,-0.0859103522563,-0.470683224096,0.877718339681
1542728563004200073,,1620,,1542728562,973118723,"""/world""","""vicon/obstacle18/obstacle18""",,,0.413727246224,0.812214214428,0.773057711834,,-0.0261284510964,-0.0858934511554,-0.470761497256,0.877680597822
1542728563018707166,,1621,,1542728562,989753226,"""/world""","""vicon/obstacle18/obstacle18""",,,0.413715842231,0.812231304452,0.773037993046,,-0.0261719333956,-0.0858799670093,-0.470766916845,0.877677714866
1542728563037092618,,1622,,1542728563,6405961,"""/world""","""vicon/obstacle18/obstacle18""",,,0.413714245953,0.812217572315,0.773046795899,,-0.0261666863712,-0.0859044733817,-0.470683953618,0.877719967748
1542728563051278645,,1623,,1542728563,23087084,"""/world""","""vicon/obstacle18/obstacle18""",,,0.413727926641,0.812212059535,0.773072947559,,-0.0260889056741,-0.0858605548495,-0.470747600935,0.877692446325
1542728563068893751,,1624,,1542728563,39801466,"""/world""","""vicon/obstacle18/obstacle18""",,,0.413724271424,0.812210120172,0.773083420328,,-0.0260940862738,-0.0857942983789,-0.470795705386,0.877672969173
1542728563087293777,,1625,,1542728563,56466386,"""/world""","""vicon/obstacle18/obstacle18""",,,0.413721921207,0.81221112636,0.77305151813,,-0.0261701423911,-0.0858023851043,-0.470754829897,0.877691839136
1542728563103845157,,1626,,1542728563,73190792,"""/world""","""vicon/obstacle18/obstacle18""",,,0.413724589099,0.812225710204,0.773043115895,,-0.026218666584,-0.085830469887,-0.470779871248,0.877674213356
1542728563121909759,,1627,,1542728563,89817513,"""/world""","""vicon/obstacle18/obstacle18""",,,0.413717829429,0.812219699276,0.773053931094,,-0.026135708595,-0.0858169435989,-0.470758811201,0.87768930642
1542728563135383406,,1628,,1542728563,106413947,"""/world""","""vicon/obstacle18/obstacle18""",,,0.413718148771,0.81219849044,0.773059385929,,-0.0262372775867,-0.0858893598343,-0.470681338986,0.877720741616
1542728563151607047,,1629,,1542728563,123145114,"""/world""","""vicon/obstacle18/obstacle18""",,,0.413732123762,0.81221743693,0.773074221992,,-0.0260528263508,-0.0857666352218,-0.470780972054,0.877684801551
1542728563169520736,,1630,,1542728563,139841739,"""/world""","""vicon/obstacle18/obstacle18""",,,0.413722571316,0.81222957571,0.773059309541,,-0.026130225958,-0.0858077683213,-0.470773646874,0.877682409301
1542728563187269164,,1631,,1542728563,156393925,"""/world""","""vicon/obstacle18/obstacle18""",,,0.413714841153,0.812213860693,0.773045814333,,-0.0262061908581,-0.0859042263012,-0.470714983898,0.877702172379
1542728563202305532,,1632,,1542728563,173179921,"""/world""","""vicon/obstacle18/obstacle18""",,,0.413723531176,0.812205676275,0.77305124996,,-0.0261687560426,-0.0859505406765,-0.470690065131,0.877712118722
1542728563218230887,,1633,,1542728563,189837258,"""/world""","""vicon/obstacle18/obstacle18""",,,0.413719929087,0.812203148255,0.773075014546,,-0.0261193638096,-0.0858467403929,-0.470708190347,0.877714028336
1542728563234788963,,1634,,1542728563,206501757,"""/world""","""vicon/obstacle18/obstacle18""",,,0.4137264436,0.812209384948,0.773064788487,,-0.0260584366652,-0.0858885537161,-0.470725002601,0.877702732219
1542728563253105745,,1635,,1542728563,223148306,"""/world""","""vicon/obstacle18/obstacle18""",,,0.413725780516,0.812245719302,0.773060491012,,-0.026078825823,-0.0857749633628,-0.470770454832,0.877688856806
1542728563271489782,,1636,,1542728563,239811494,"""/world""","""vicon/obstacle18/obstacle18""",,,0.413718040241,0.812230645215,0.773044239906,,-0.0261769653683,-0.0859796849072,-0.470688147776,0.877710047687
1542728563289438313,,1637,,1542728563,256468228,"""/world""","""vicon/obstacle18/obstacle18""",,,0.413719696501,0.81219361512,0.773050265554,,-0.0262349518126,-0.0859775199727,-0.470666075999,0.877720364505
1542728563305528107,,1638,,1542728563,273163437,"""/world""","""vicon/obstacle18/obstacle18""",,,0.413728742273,0.812186150832,0.77306763532,,-0.0262224491412,-0.0858799607058,-0.470722831364,0.877699852765
1542728563319738639,,1639,,1542728563,289803078,"""/world""","""vicon/obstacle18/obstacle18""",,,0.413730943869,0.812212851576,0.773064841696,,-0.0261208976808,-0.0858253646619,-0.470815244703,0.877658652803
1542728563333231890,,1640,,1542728563,306359756,"""/world""","""vicon/obstacle18/obstacle18""",,,0.413719788802,0.812243124435,0.773045888248,,-0.0260917281364,-0.0858414095545,-0.470743644805,0.877696356951
1542728563353541243,,1641,,1542728563,323131617,"""/world""","""vicon/obstacle18/obstacle18""",,,0.413725639381,0.812235018581,0.773041655121,,-0.0261364490564,-0.0857919473564,-0.470789616021,0.877675204871
1542728563371179780,,1642,,1542728563,339794726,"""/world""","""vicon/obstacle18/obstacle18""",,,0.413721671156,0.8121984915,0.77305254049,,-0.0262408209902,-0.0859828827426,-0.47066450364,0.877720506882
1542728563387338331,,1643,,1542728563,356455377,"""/world""","""vicon/obstacle18/obstacle18""",,,0.41372514179,0.812171373405,0.773078187439,,-0.0263039529972,-0.0858902808455,-0.470740607908,0.877686870005
1542728563399465967,,1644,,1542728563,373113507,"""/world""","""vicon/obstacle18/obstacle18""",,,0.413734880661,0.812201907376,0.77307230227,,-0.0261087045607,-0.0858423458341,-0.470776346165,0.877678220705
1542728563415341048,,1645,,1542728563,391304109,"""/world""","""vicon/obstacle18/obstacle18""",,,0.413721954649,0.812248082568,0.773052499937,,-0.0260904916839,-0.0856979529616,-0.470869547748,0.877642875038
1542728563431986686,,1646,,1542728563,406397927,"""/world""","""vicon/obstacle18/obstacle18""",,,0.413719337083,0.812238967629,0.773039916525,,-0.0261021784427,-0.0858363673563,-0.470722168114,0.877708057822
1542728563448989254,,1647,,1542728563,423186447,"""/world""","""vicon/obstacle18/obstacle18""",,,0.413725456148,0.81220551655,0.773053752724,,-0.0262635455702,-0.0858704259016,-0.470772505512,0.877672914122
1542728563471300312,,1648,,1542728563,439844092,"""/world""","""vicon/obstacle18/obstacle18""",,,0.413731340063,0.812179411301,0.773081861776,,-0.0262342323472,-0.0859442347577,-0.470711112775,0.877699494061
1542728563486718510,,1649,,1542728563,456452644,"""/world""","""vicon/obstacle18/obstacle18""",,,0.413728332624,0.812188781104,0.773067285065,,-0.0261686925485,-0.0859260844274,-0.470697439732,0.877710560364
1542728563503232361,,1650,,1542728563,473204406,"""/world""","""vicon/obstacle18/obstacle18""",,,0.413728236895,0.812238145922,0.773050765306,,-0.0261401196132,-0.0858554991815,-0.47076290893,0.877683206506
1542728563518306284,,1651,,1542728563,489805725,"""/world""","""vicon/obstacle18/obstacle18""",,,0.413720875243,0.812254739377,0.773038088844,,-0.0261222719013,-0.085879041649,-0.47074124686,0.877693053192
1542728563533925640,,1652,,1542728563,506426829,"""/world""","""vicon/obstacle18/obstacle18""",,,0.413712403311,0.812218484339,0.773060885205,,-0.0260930244292,-0.0858432896422,-0.470691723935,0.877723979802
1542728563551115923,,1653,,1542728563,523150202,"""/world""","""vicon/obstacle18/obstacle18""",,,0.413728916969,0.812172584875,0.773062142141,,-0.0262871719493,-0.0858988336747,-0.470734245213,0.877689948301
1542728563568628144,,1654,,1542728563,539791562,"""/world""","""vicon/obstacle18/obstacle18""",,,0.413729000646,0.812187813155,0.773081821521,,-0.0261105659124,-0.0858230561487,-0.470748623466,0.877694921306
1542728563584227378,,1655,,1542728563,556509224,"""/world""","""vicon/obstacle18/obstacle18""",,,0.413731013463,0.812216430092,0.773060715664,,-0.0260721341731,-0.085869045546,-0.470771738346,0.877679167584
1542728563601038345,,1656,,1542728563,573158392,"""/world""","""vicon/obstacle18/obstacle18""",,,0.413723748642,0.81223536108,0.773039069967,,-0.0262175290985,-0.0858641033006,-0.470750375388,0.877686778415
1542728563619672562,,1657,,1542728563,589836527,"""/world""","""vicon/obstacle18/obstacle18""",,,0.413715556056,0.812231770164,0.773056216975,,-0.0260949493902,-0.0858122380329,-0.470768814281,0.877685613942
1542728563636687463,,1658,,1542728563,606486545,"""/world""","""vicon/obstacle18/obstacle18""",,,0.41371818988,0.812192950734,0.773071759206,,-0.0262032374788,-0.085870094608,-0.470724424296,0.877700537523
1542728563652081827,,1659,,1542728563,623125270,"""/world""","""vicon/obstacle18/obstacle18""",,,0.413735956691,0.812199733981,0.773067169342,,-0.0261808414092,-0.0859781169416,-0.47072272164,0.877691543928
1542728563670129404,,1660,,1542728563,639790124,"""/world""","""vicon/obstacle18/obstacle18""",,,0.413734210123,0.812222429957,0.773055425999,,-0.0262640038733,-0.0858379541025,-0.47077686913,0.877673736207
1542728563686096874,,1661,,1542728563,656456585,"""/world""","""vicon/obstacle18/obstacle18""",,,0.413726314226,0.812233078708,0.77304355917,,-0.0261946916437,-0.0858967361163,-0.470752249492,0.877683262033
1542728563702629975,,1662,,1542728563,673164133,"""/world""","""vicon/obstacle18/obstacle18""",,,0.413727615569,0.812221155604,0.773046486308,,-0.0262512192315,-0.0858934170609,-0.470717381052,0.877700599048
1542728563719901950,,1663,,1542728563,689796464,"""/world""","""vicon/obstacle18/obstacle18""",,,0.413724035155,0.812213048101,0.773068406472,,-0.0260285834325,-0.0858415183215,-0.470757816641,0.877690620121
1542728563737158484,,1664,,1542728563,706454767,"""/world""","""vicon/obstacle18/obstacle18""",,,0.413724992136,0.812212514789,0.773067931539,,-0.0260950441306,-0.0858768151364,-0.470744161941,0.87769251751
1542728563753545616,,1665,,1542728563,723163518,"""/world""","""vicon/obstacle18/obstacle18""",,,0.413734023098,0.812216283684,0.773059055284,,-0.0261328675041,-0.0859260712987,-0.470704249106,0.87770797728
1542728563769611732,,1666,,1542728563,739791094,"""/world""","""vicon/obstacle18/obstacle18""",,,0.413728958266,0.812219620971,0.773055563301,,-0.0262322512734,-0.0859114503112,-0.470721096795,0.877697408411
1542728563785824097,,1667,,1542728563,756453791,"""/world""","""vicon/obstacle18/obstacle18""",,,0.413722629145,0.812206048565,0.773048958303,,-0.026201647242,-0.0858609200947,-0.470713285775,0.877707456205
1542728563801633428,,1668,,1542728563,773148006,"""/world""","""vicon/obstacle18/obstacle18""",,,0.413727116116,0.812208821556,0.773058767579,,-0.026141595412,-0.0858028480309,-0.470799989338,0.877668421614
1542728563818278494,,1669,,1542728563,790253795,"""/world""","""vicon/obstacle18/obstacle18""",,,0.413722665765,0.812226685071,0.773078105475,,-0.0260014312265,-0.0857647302683,-0.470823200769,0.877663859478
1542728563836251970,,1670,,1542728563,807144836,"""/world""","""vicon/obstacle18/obstacle18""",,,0.413724014166,0.812221370287,0.773054324195,,-0.026169278111,-0.0859241372838,-0.470708262812,0.877704929253
1542728563848303182,,1671,,1542728563,823135204,"""/world""","""vicon/obstacle18/obstacle18""",,,0.413725273047,0.812218962143,0.773060309014,,-0.0262219588447,-0.0858896096945,-0.4706850731,0.877719172504
1542728563865179370,,1672,,1542728563,839696118,"""/world""","""vicon/obstacle18/obstacle18""",,,0.413727298785,0.81220015264,0.773056797601,,-0.0262879325082,-0.0859653449737,-0.47073992876,0.877680365247
1542728563888923521,,1673,,1542728563,856414280,"""/world""","""vicon/obstacle18/obstacle18""",,,0.413720692172,0.81220852729,0.77306604464,,-0.02615484913,-0.0859307669354,-0.470675733741,0.877722154687
1542728563906058683,,1674,,1542728563,873153057,"""/world""","""vicon/obstacle18/obstacle18""",,,0.413723810809,0.812220977537,0.773067451612,,-0.0261013383693,-0.0858368367804,-0.47072578361,0.877706097866
1542728563918587715,,1675,,1542728563,889799799,"""/world""","""vicon/obstacle18/obstacle18""",,,0.413721599152,0.81222597664,0.773062032662,,-0.0261196020516,-0.0857781206998,-0.470779497368,0.877682485445
1542728563935174389,,1676,,1542728563,906456413,"""/world""","""vicon/obstacle18/obstacle18""",,,0.413717145211,0.812219997882,0.773058546024,,-0.0261364788867,-0.0858165054194,-0.470745840733,0.877696283063
1542728563949506284,,1677,,1542728563,923110936,"""/world""","""vicon/obstacle18/obstacle18""",,,0.413720626209,0.8121949475,0.773066082023,,-0.0262245536179,-0.085898600177,-0.470682621923,0.877719529631
1542728563967471304,,1678,,1542728563,939758790,"""/world""","""vicon/obstacle18/obstacle18""",,,0.413724336586,0.812200846235,0.773067415283,,-0.0261302406416,-0.0858604856907,-0.470756108373,0.877686660461
1542728563984058069,,1679,,1542728563,956499297,"""/world""","""vicon/obstacle18/obstacle18""",,,0.413725079609,0.812217177023,0.773067254915,,-0.0260717552643,-0.0858012495367,-0.470754150569,0.877695242597
1542728564001064130,,1680,,1542728563,973088475,"""/world""","""vicon/obstacle18/obstacle18""",,,0.413730163608,0.812225451706,0.773057556745,,-0.0260551637615,-0.085912065159,-0.470676375506,0.877726606092
1542728564019813192,,1681,,1542728563,989815435,"""/world""","""vicon/obstacle18/obstacle18""",,,0.413718111844,0.812221512174,0.773056679119,,-0.0262232024455,-0.0858404785995,-0.47070000097,0.877715936379
1542728564034272004,,1682,,1542728564,6411314,"""/world""","""vicon/obstacle18/obstacle18""",,,0.413721868921,0.812211051069,0.773058647954,,-0.0261655247767,-0.0858574571703,-0.470727360645,0.877701324086
1542728564050943445,,1683,,1542728564,23115493,"""/world""","""vicon/obstacle18/obstacle18""",,,0.413719248289,0.812202554906,0.773063427868,,-0.0261805173233,-0.0859172099821,-0.470680957823,0.877719915169
1542728564070027549,,1684,,1542728564,39804871,"""/world""","""vicon/obstacle18/obstacle18""",,,0.413728392117,0.812217639769,0.77306807754,,-0.0261467664114,-0.0858375062144,-0.470720044804,0.877707758057
1542728564084510702,,1685,,1542728564,56455137,"""/world""","""vicon/obstacle18/obstacle18""",,,0.413723497865,0.812228674617,0.77305792337,,-0.0261891137616,-0.0857967722779,-0.470727350497,0.877706560122
1542728564102257562,,1686,,1542728564,73068429,"""/world""","""vicon/obstacle18/obstacle18""",,,0.413718869503,0.812224832795,0.773053851344,,-0.0262162274937,-0.0857752720084,-0.470751714444,0.87769478492
1542728564119151572,,1687,,1542728564,89775000,"""/world""","""vicon/obstacle18/obstacle18""",,,0.413719300873,0.812222867989,0.773052810198,,-0.0261891252411,-0.0858656596305,-0.470693088003,0.877718198012
1542728564136590962,,1688,,1542728564,106477169,"""/world""","""vicon/obstacle18/obstacle18""",,,0.413715439547,0.812209461406,0.77307320317,,-0.026180099457,-0.0858310061902,-0.470746264955,0.877693337562
1542728564153207632,,1689,,1542728564,123162104,"""/world""","""vicon/obstacle18/obstacle18""",,,0.413725840021,0.812202533491,0.773060638793,,-0.0261983733974,-0.0859019835416,-0.470689547566,0.877716266379
1542728564169847926,,1690,,1542728564,139826138,"""/world""","""vicon/obstacle18/obstacle18""",,,0.413727127035,0.812224598453,0.773065385358,,-0.0261451323141,-0.0857535429981,-0.470771174382,0.877688591296
1542728564185827420,,1691,,1542728564,156388682,"""/world""","""vicon/obstacle18/obstacle18""",,,0.413718096961,0.812227003278,0.773054239147,,-0.0261200067013,-0.0858273667022,-0.470719120111,0.87771004229
1542728564201980497,,1692,,1542728564,173152002,"""/world""","""vicon/obstacle18/obstacle18""",,,0.413713286146,0.812217348222,0.773053630267,,-0.0260919711866,-0.0859115885805,-0.470629109038,0.877750904137
1542728564219091345,,1693,,1542728564,189773734,"""/world""","""vicon/obstacle18/obstacle18""",,,0.413720753079,0.812216476063,0.773077559932,,-0.0260862526734,-0.0858081009866,-0.470760738321,0.877690608633
1542728564235237620,,1694,,1542728564,206445696,"""/world""","""vicon/obstacle18/obstacle18""",,,0.413721467586,0.812198808956,0.773068059206,,-0.0262306305562,-0.0858626246122,-0.470710434032,0.877707953142
1542728564251353364,,1695,,1542728564,223191769,"""/world""","""vicon/obstacle18/obstacle18""",,,0.413726033727,0.81221150011,0.773061801112,,-0.026213051685,-0.0858516476969,-0.470770537927,0.877677316061
1542728564268252537,,1696,,1542728564,239763690,"""/world""","""vicon/obstacle18/obstacle18""",,,0.413728277728,0.812238846867,0.773044900845,,-0.0261426892997,-0.0858064995827,-0.470729115467,0.877706046622
1542728564287240557,,1697,,1542728564,256430895,"""/world""","""vicon/obstacle18/obstacle18""",,,0.413714540526,0.812229213411,0.773040944303,,-0.0261864276472,-0.0858642344996,-0.470687706974,0.877721303572
1542728564304160130,,1698,,1542728564,273148150,"""/world""","""vicon/obstacle18/obstacle18""",,,0.413717644131,0.812211427272,0.773065464076,,-0.0263008414401,-0.085826897158,-0.470699836435,0.877715029747
1542728564319679865,,1699,,1542728564,289837697,"""/world""","""vicon/obstacle18/obstacle18""",,,0.41372687247,0.812204752075,0.773083096503,,-0.0261245093861,-0.0858184867929,-0.470762169239,0.877687687818
1542728564336592195,,1700,,1542728564,306457010,"""/world""","""vicon/obstacle18/obstacle18""",,,0.413721458378,0.812213866329,0.773072378107,,-0.0261498302427,-0.0858058650154,-0.470742173475,0.87769889257
1542728564352442463,,1701,,1542728564,323165018,"""/world""","""vicon/obstacle18/obstacle18""",,,0.413721479133,0.812220782012,0.773042588752,,-0.0261781563308,-0.0858084419526,-0.470732561147,0.877702951628
1542728564368006087,,1702,,1542728564,339911224,"""/world""","""vicon/obstacle18/obstacle18""",,,0.413724998233,0.812237910899,0.773052950991,,-0.0261737138488,-0.0857497910761,-0.470751392794,0.877698716084
1542728564384137327,,1703,,1542728564,356440402,"""/world""","""vicon/obstacle18/obstacle18""",,,0.413717693652,0.812211024223,0.773065147708,,-0.0262254739837,-0.0858721775712,-0.470671872147,0.877727852129
1542728564401460323,,1704,,1542728564,373188882,"""/world""","""vicon/obstacle18/obstacle18""",,,0.413726705437,0.81218760906,0.77308112874,,-0.0262118962131,-0.0859072964562,-0.470682358322,0.877719197965
1542728564419098623,,1705,,1542728564,389879337,"""/world""","""vicon/obstacle18/obstacle18""",,,0.4137241199,0.812205232009,0.773076466707,,-0.0260639285551,-0.0857983708336,-0.470760962663,0.877692102746
1542728564438306185,,1706,,1542728564,406483821,"""/world""","""vicon/obstacle18/obstacle18""",,,0.413717503649,0.812229141229,0.773047088696,,-0.026180850277,-0.0858657467464,-0.470747650619,0.87768917394
1542728564449705254,,1707,,1542728564,423098472,"""/world""","""vicon/obstacle18/obstacle18""",,,0.413716643479,0.812229925828,0.773041768245,,-0.0262224450725,-0.0858730985772,-0.470651513916,0.87773876909
1542728564465695237,,1708,,1542728564,439790212,"""/world""","""vicon/obstacle18/obstacle18""",,,0.413731613625,0.812217940499,0.773058870758,,-0.0261575717691,-0.0859713047753,-0.47066633167,0.87772314566
1542728564482902358,,1709,,1542728564,456388376,"""/world""","""vicon/obstacle18/obstacle18""",,,0.41372141807,0.812200473919,0.773082224329,,-0.0261141389948,-0.0859234763624,-0.470648709614,0.877738571611
1542728564498840206,,1710,,1542728564,473158348,"""/world""","""vicon/obstacle18/obstacle18""",,,0.413725896912,0.812201123552,0.773071600467,,-0.0261988929557,-0.0857963088157,-0.470685391162,0.877728815722
1542728564517451583,,1711,,1542728564,489839988,"""/world""","""vicon/obstacle18/obstacle18""",,,0.413722652967,0.812225064166,0.773051415697,,-0.0260198811967,-0.0858436568139,-0.470757267313,0.877690963631
1542728564533263075,,1712,,1542728564,506466883,"""/world""","""vicon/obstacle18/obstacle18""",,,0.413720011182,0.812238822989,0.773041955374,,-0.0261809159641,-0.0858455229826,-0.47069177952,0.877721114316
1542728564554787835,,1713,,1542728564,523143411,"""/world""","""vicon/obstacle18/obstacle18""",,,0.41372208313,0.812205422877,0.773055070481,,-0.0262736384894,-0.085952346586,-0.470614464303,0.877749346924
1542728564571036852,,1714,,1542728564,539777862,"""/world""","""vicon/obstacle18/obstacle18""",,,0.413723912836,0.812197120253,0.773072579551,,-0.0261928334144,-0.0859166223712,-0.470676297724,0.877722104221
1542728564585955313,,1715,,1542728564,556426302,"""/world""","""vicon/obstacle18/obstacle18""",,,0.41372151816,0.812209179537,0.77307940006,,-0.0260877827198,-0.0857300639546,-0.470814299473,0.87766945893
1542728564602210055,,1716,,1542728564,573253808,"""/world""","""vicon/obstacle18/obstacle18""",,,0.413723907564,0.81221546847,0.773059009573,,-0.0261232896203,-0.0858738300856,-0.470718795124,0.877705574189
1542728564619179840,,1717,,1542728564,589847735,"""/world""","""vicon/obstacle18/obstacle18""",,,0.41372467508,0.812227082099,0.773047569948,,-0.0261387598154,-0.0859564170599,-0.470643218907,0.877737557644
1542728564636508295,,1718,,1542728564,606425781,"""/world""","""vicon/obstacle18/obstacle18""",,,0.413718101252,0.812208376789,0.773056248313,,-0.0262413618343,-0.0859061108205,-0.470659727191,0.877730569283
1542728564652136363,,1719,,1542728564,623142336,"""/world""","""vicon/obstacle18/obstacle18""",,,0.413718214557,0.812201748458,0.77306583502,,-0.0262287193945,-0.0858576808969,-0.470744124793,0.877690424855
1542728564669510803,,1720,,1542728564,639771488,"""/world""","""vicon/obstacle18/obstacle18""",,,0.413724357289,0.812224986009,0.773070424069,,-0.0261258049654,-0.0857738606123,-0.470803988051,0.877669580187
1542728564685267825,,1721,,1542728564,656451534,"""/world""","""vicon/obstacle18/obstacle18""",,,0.413726221927,0.812234747378,0.773065036325,,-0.026111310855,-0.0858309224623,-0.470730484294,0.877703858571
1542728564702621410,,1722,,1542728564,673122989,"""/world""","""vicon/obstacle18/obstacle18""",,,0.413723776918,0.812204601521,0.773054079989,,-0.0262717421031,-0.0858819924557,-0.470682827076,0.877719633616
1542728564719221565,,1723,,1542728564,689788253,"""/world""","""vicon/obstacle18/obstacle18""",,,0.413730318528,0.812200586392,0.773051340062,,-0.0262856139823,-0.085923814536,-0.470675142223,0.877719246164
1542728564736427451,,1724,,1542728564,706456872,"""/world""","""vicon/obstacle18/obstacle18""",,,0.413715145309,0.81220509762,0.773063083344,,-0.026194015544,-0.0857997220314,-0.470690587748,0.87772584094
1542728564750699023,,1725,,1542728564,723090902,"""/world""","""vicon/obstacle18/obstacle18""",,,0.413719274703,0.812228335546,0.773059611234,,-0.0262009416221,-0.0857725296188,-0.47077613379,0.877682411624
1542728564767301214,,1726,,1542728564,739769965,"""/world""","""vicon/obstacle18/obstacle18""",,,0.413723968904,0.812239430892,0.773062481767,,-0.0260358635342,-0.0857919793163,-0.470726732859,0.877711919178
1542728564786144175,,1727,,1542728564,756448242,"""/world""","""vicon/obstacle18/obstacle18""",,,0.413723818517,0.812199242408,0.773060861409,,-0.026234924578,-0.0859339495149,-0.47066262533,0.877726482551
1542728564801273726,,1728,,1542728564,773141190,"""/world""","""vicon/obstacle18/obstacle18""",,,0.413722844844,0.81216846009,0.773056811,,-0.026357296553,-0.0859188403131,-0.470645569142,0.877733441339
1542728564817142657,,1729,,1542728564,789861323,"""/world""","""vicon/obstacle18/obstacle18""",,,0.413723456953,0.812199582146,0.773056643612,,-0.0262906556791,-0.0858019124175,-0.470735259409,0.877698780219
1542728564835483340,,1730,,1542728564,806494931,"""/world""","""vicon/obstacle18/obstacle18""",,,0.413715721647,0.812238764998,0.773060697842,,-0.026126263909,-0.0857326831016,-0.470819777109,0.877665120001
1542728564852601385,,1731,,1542728564,823167059,"""/world""","""vicon/obstacle18/obstacle18""",,,0.413716660303,0.812251001665,0.773057830553,,-0.0260648822786,-0.0857680404403,-0.47079916312,0.877674548541
1542728564867099897,,1732,,1542728564,839856907,"""/world""","""vicon/obstacle18/obstacle18""",,,0.413722251688,0.812211018393,0.773074229095,,-0.026263106979,-0.0858025048187,-0.470722822631,0.877706217155
1542728564886177943,,1733,,1542728564,856442309,"""/world""","""vicon/obstacle18/obstacle18""",,,0.41372034935,0.81217581256,0.773070895383,,-0.0262831063354,-0.0859259057895,-0.47062519084,0.877745901034
1542728564902983675,,1734,,1542728564,873189448,"""/world""","""vicon/obstacle18/obstacle18""",,,0.413725280857,0.812192738443,0.773057289236,,-0.0262434507346,-0.0859450798245,-0.470662787249,0.877725051053
1542728564919914424,,1735,,1542728564,889814937,"""/world""","""vicon/obstacle18/obstacle18""",,,0.413724226763,0.812251054088,0.773056269202,,-0.0261366993015,-0.0857949865901,-0.470774048203,0.877683250816
1542728564935307002,,1736,,1542728564,906408840,"""/world""","""vicon/obstacle18/obstacle18""",,,0.413718744269,0.812259134736,0.773055120169,,-0.0260542338066,-0.085698503741,-0.470798966123,0.877681762859
1542728564952441463,,1737,,1542728564,923203808,"""/world""","""vicon/obstacle18/obstacle18""",,,0.413721343426,0.81221426886,0.773066861627,,-0.0261324253581,-0.0858275090031,-0.47071755082,0.877710500332
1542728564968545398,,1738,,1542728564,939756364,"""/world""","""vicon/obstacle18/obstacle18""",,,0.413723327778,0.812169058321,0.773068330713,,-0.0262664206853,-0.0858676897217,-0.470706158123,0.877708680435
1542728564985924273,,1739,,1542728564,956492416,"""/world""","""vicon/obstacle18/obstacle18""",,,0.41372415177,0.812192923753,0.773069952222,,-0.0262372929126,-0.0859557790146,-0.470659045449,0.877726193896
1542728565001255263,,1740,,1542728564,973101951,"""/world""","""vicon/obstacle18/obstacle18""",,,0.413723347157,0.812235442026,0.773063509152,,-0.0261452880393,-0.0858446134637,-0.470737029341,0.877697997867
1542728565020716801,,1741,,1542728564,989865267,"""/world""","""vicon/obstacle18/obstacle18""",,,0.413723070695,0.812249119499,0.773057337032,,-0.0261015232283,-0.0857114554382,-0.470807203144,0.877674674557
1542728565037612691,,1742,,1542728565,6412978,"""/world""","""vicon/obstacle18/obstacle18""",,,0.413715588606,0.812224969613,0.773060495922,,-0.0261609862052,-0.0856893737086,-0.470791649294,0.87768340362
1542728565054429881,,1743,,1542728565,23143108,"""/world""","""vicon/obstacle18/obstacle18""",,,0.413718023107,0.812183538001,0.773074224052,,-0.0261203433261,-0.085861656378,-0.470664062038,0.877736204297
1542728565070869615,,1744,,1542728565,39810639,"""/world""","""vicon/obstacle18/obstacle18""",,,0.41373079823,0.812193027464,0.773067861113,,-0.0261881971716,-0.0859825650388,-0.470671565487,0.877718322858
1542728565089691316,,1745,,1542728565,56457281,"""/world""","""vicon/obstacle18/obstacle18""",,,0.413726305165,0.812225463915,0.773061041091,,-0.0261451139623,-0.0859066857327,-0.470724428133,0.877698688116
1542728565106607317,,1746,,1542728565,73147671,"""/world""","""vicon/obstacle18/obstacle18""",,,0.413720966608,0.812234149771,0.773052308286,,-0.0261731775421,-0.0858321228614,-0.47071572514,0.877709813987
1542728565125075789,,1747,,1542728565,89831321,"""/world""","""vicon/obstacle18/obstacle18""",,,0.413720137233,0.812220351647,0.773057516956,,-0.0260501733824,-0.0857696247869,-0.470751725766,0.877700274934
1542728565136992187,,1748,,1542728565,106356746,"""/world""","""vicon/obstacle18/obstacle18""",,,0.413720929276,0.812207440023,0.773066072113,,-0.0261927431845,-0.0858264499067,-0.470695512023,0.877720625064
1542728565150280111,,1749,,1542728565,123110216,"""/world""","""vicon/obstacle18/obstacle18""",,,0.413722173043,0.812206401684,0.773058590017,,-0.0262803190136,-0.0859457116979,-0.470659009357,0.877725911879
1542728565167504067,,1750,,1542728565,139739930,"""/world""","""vicon/obstacle18/obstacle18""",,,0.413730569777,0.812217831467,0.773051430825,,-0.0261862482652,-0.0859746832243,-0.470690317208,0.877709097328
1542728565183261794,,1751,,1542728565,156381939,"""/world""","""vicon/obstacle18/obstacle18""",,,0.413725555422,0.812217408616,0.773058354956,,-0.0261127651134,-0.0858517293587,-0.470726946796,0.877703677572
1542728565206349230,,1752,,1542728565,173187303,"""/world""","""vicon/obstacle18/obstacle18""",,,0.413720767814,0.812203130746,0.773053890528,,-0.0262178334533,-0.0857912027334,-0.470743994988,0.877697320222
1542728565222748487,,1753,,1542728565,189823113,"""/world""","""vicon/obstacle18/obstacle18""",,,0.41371932381,0.812215129241,0.773055220249,,-0.0261636211717,-0.0857833294502,-0.470730350078,0.877707025625
1542728565233326110,,1754,,1542728565,206446785,"""/world""","""vicon/obstacle18/obstacle18""",,,0.413718536438,0.81222583351,0.77305870282,,-0.0261169434792,-0.0858216544548,-0.470674986458,0.877734359595
1542728565250355072,,1755,,1542728565,223057695,"""/world""","""vicon/obstacle18/obstacle18""",,,0.413722525388,0.812215642125,0.773052240499,,-0.0261715081625,-0.0859325517493,-0.470681396236,0.877718446854
1542728565270389787,,1756,,1542728565,239758350,"""/world""","""vicon/obstacle18/obstacle18""",,,0.413725962082,0.812206259121,0.773058414506,,-0.0262353152041,-0.0858594675809,-0.470744286282,0.87768996633
1542728565288309497,,1757,,1542728565,256377913,"""/world""","""vicon/obstacle18/obstacle18""",,,0.413726694711,0.812200096855,0.773065681387,,-0.0261805897953,-0.0857871327491,-0.470746648951,0.877697406327
1542728565302071524,,1758,,1542728565,273104974,"""/world""","""vicon/obstacle18/obstacle18""",,,0.413717923979,0.812218074212,0.773058382951,,-0.0261909735915,-0.0858404939109,-0.47068894176,0.877722827897
1542728565318844826,,1759,,1542728565,289826973,"""/world""","""vicon/obstacle18/obstacle18""",,,0.413718399272,0.812237784141,0.773048494906,,-0.026234075807,-0.0858872471648,-0.470685189831,0.87771897901
1542728565333812097,,1760,,1542728565,306415161,"""/world""","""vicon/obstacle18/obstacle18""",,,0.413718560364,0.812235591665,0.773063607411,,-0.0261515827244,-0.0857514105993,-0.470780565167,0.877683570407
1542728565355883891,,1761,,1542728565,323197879,"""/world""","""vicon/obstacle18/obstacle18""",,,0.413726514307,0.812203115398,0.773059430073,,-0.0261681145562,-0.0859346431629,-0.470689630294,0.877713927666
1542728565370754734,,1762,,1542728565,339842002,"""/world""","""vicon/obstacle18/obstacle18""",,,0.41372662323,0.812187463971,0.773066961987,,-0.0261967646709,-0.0858856314149,-0.470708943756,0.877707512845
1542728565383770019,,1763,,1542728565,356383852,"""/world""","""vicon/obstacle18/obstacle18""",,,0.413721997927,0.812207559104,0.773054107476,,-0.026167493244,-0.0859075695315,-0.470696215,0.877713065289
1542728565400100677,,1764,,1542728565,373135520,"""/world""","""vicon/obstacle18/obstacle18""",,,0.413717749519,0.812234696004,0.773050839922,,-0.026229362563,-0.0857800370446,-0.470763508473,0.877687600957
1542728565418035168,,1765,,1542728565,389754028,"""/world""","""vicon/obstacle18/obstacle18""",,,0.413717626123,0.812232548462,0.773048714445,,-0.0261836682709,-0.0858259741005,-0.470725940194,0.877704623956
1542728565438252970,,1766,,1542728565,406514807,"""/world""","""vicon/obstacle18/obstacle18""",,,0.413720059437,0.812209953575,0.773066340633,,-0.0260863335974,-0.0859141070494,-0.470676807055,0.877725248987
1542728565453127035,,1767,,1542728565,423184303,"""/world""","""vicon/obstacle18/obstacle18""",,,0.413729129933,0.812189124742,0.773061809444,,-0.0262707808441,-0.0859138983596,-0.47069374505,0.877710684972
1542728565470027736,,1768,,1542728565,439768209,"""/world""","""vicon/obstacle18/obstacle18""",,,0.413725203395,0.812199955486,0.773057379977,,-0.0262924616673,-0.0858783405898,-0.470728456253,0.877694900037
1542728565484930054,,1769,,1542728565,456391832,"""/world""","""vicon/obstacle18/obstacle18""",,,0.413720827601,0.812226134361,0.773045680922,,-0.0262036529866,-0.0859405099414,-0.470666684025,0.877724597964
1542728565499792533,,1770,,1542728565,473118111,"""/world""","""vicon/obstacle18/obstacle18""",,,0.413718358215,0.812235233185,0.773052119657,,-0.0261476621868,-0.0858534730371,-0.470670517418,0.877732729801
1542728565516095137,,1771,,1542728565,489714219,"""/world""","""vicon/obstacle18/obstacle18""",,,0.413724274941,0.812221475527,0.773065360406,,-0.0260443593613,-0.0858421790843,-0.470794015894,0.877670670716
1542728565531576311,,1772,,1542728565,506390395,"""/world""","""vicon/obstacle18/obstacle18""",,,0.413727030293,0.812210111741,0.773065458349,,-0.0261933600643,-0.0859219506431,-0.47067900795,0.877720113568
1542728565548627573,,1773,,1542728565,523109989,"""/world""","""vicon/obstacle18/obstacle18""",,,0.413726776212,0.812194316372,0.773063486611,,-0.0262406412728,-0.0860112934129,-0.470659618856,0.877720348021
1542728565570677032,,1774,,1542728565,539825998,"""/world""","""vicon/obstacle18/obstacle18""",,,0.413721588781,0.812204185931,0.773052402112,,-0.0263408171262,-0.0859124385582,-0.470692172683,0.877709572027
1542728565586851185,,1775,,1542728565,556394953,"""/world""","""vicon/obstacle18/obstacle18""",,,0.413717966219,0.812228430399,0.773058192278,,-0.0261470756375,-0.0858171352905,-0.47074191245,0.877698012752
1542728565601886426,,1776,,1542728565,573107092,"""/world""","""vicon/obstacle18/obstacle18""",,,0.413719909892,0.81222497608,0.773061615789,,-0.026152884256,-0.0857872531247,-0.470767151865,0.877687223658
1542728565618683851,,1777,,1542728565,589774745,"""/world""","""vicon/obstacle18/obstacle18""",,,0.413723714987,0.812215688705,0.773071757811,,-0.0261243974664,-0.0857998992271,-0.470756038667,0.877692796602
1542728565637151626,,1778,,1542728565,606421576,"""/world""","""vicon/obstacle18/obstacle18""",,,0.413727413253,0.81219788815,0.773060029144,,-0.026219229935,-0.0859457434993,-0.470705738023,0.877702677077
1542728565655482095,,1779,,1542728565,623122469,"""/world""","""vicon/obstacle18/obstacle18""",,,0.413721920946,0.812190312606,0.773062941482,,-0.0262667389679,-0.0859382134865,-0.470690505,0.877710163089
1542728565669337207,,1780,,1542728565,639816279,"""/world""","""vicon/obstacle18/obstacle18""",,,0.413726543211,0.812217269883,0.773057475155,,-0.0261785147578,-0.0858454326076,-0.470752762671,0.877688488875
1542728565682849795,,1781,,1542728565,656347039,"""/world""","""vicon/obstacle18/obstacle18""",,,0.41372216768,0.812244802836,0.773070829955,,-0.0260518778036,-0.0857505698564,-0.470774735527,0.877689744626
1542728565699478283,,1782,,1542728565,673104050,"""/world""","""vicon/obstacle18/obstacle18""",,,0.413717517127,0.812232636419,0.77306687936,,-0.0261671397634,-0.0857570088673,-0.47075265882,0.877697527877
1542728565717403621,,1783,,1542728565,689806727,"""/world""","""vicon/obstacle18/obstacle18""",,,0.413722453882,0.812207169041,0.773072311103,,-0.0261939581074,-0.0859688598311,-0.470695346271,0.877706740715
1542728565734635491,,1784,,1542728565,706433919,"""/world""","""vicon/obstacle18/obstacle18""",,,0.413726601481,0.812191088446,0.773071701016,,-0.026203610085,-0.0859917885684,-0.470672633599,0.877716386482
1542728565751959698,,1785,,1542728565,723142048,"""/world""","""vicon/obstacle18/obstacle18""",,,0.413723249239,0.812197477636,0.773056006109,,-0.0262056364923,-0.0859230430115,-0.470702829322,0.87770686551
1542728565767853198,,1786,,1542728565,739800765,"""/world""","""vicon/obstacle18/obstacle18""",,,0.413726364959,0.812239870436,0.773051782654,,-0.02613632577,-0.0857687042605,-0.470744391164,0.877701737512
1542728565784107070,,1787,,1542728565,756404402,"""/world""","""vicon/obstacle18/obstacle18""",,,0.413726805623,0.812244627336,0.773071224736,,-0.0259946476835,-0.0858121343333,-0.470776518293,0.877684468199
1542728565800506809,,1788,,1542728565,773132436,"""/world""","""vicon/obstacle18/obstacle18""",,,0.413726815995,0.812199410763,0.77305970579,,-0.0262415182986,-0.085904772926,-0.47065518314,0.877733132159
1542728565817029715,,1789,,1542728565,789826890,"""/world""","""vicon/obstacle18/obstacle18""",,,0.41372520364,0.812190313039,0.773069805741,,-0.026213816825,-0.0859106288957,-0.470674559598,0.877722996507
1542728565833675068,,1790,,1542728565,806381040,"""/world""","""vicon/obstacle18/obstacle18""",,,0.413729686026,0.812203264019,0.773061428804,,-0.0261716363791,-0.0859427613646,-0.470650129521,0.877734209656
1542728565850718208,,1791,,1542728565,823110256,"""/world""","""vicon/obstacle18/obstacle18""",,,0.413723999525,0.812234871679,0.773054895487,,-0.0261456587041,-0.0858084486119,-0.470770754828,0.877683434432
1542728565866181722,,1792,,1542728565,839870740,"""/world""","""vicon/obstacle18/obstacle18""",,,0.413726025992,0.81224442717,0.773071761221,,-0.0261255135192,-0.0857360284511,-0.470774483919,0.877689111394
1542728565883976073,,1793,,1542728565,856412492,"""/world""","""vicon/obstacle18/obstacle18""",,,0.413727430139,0.812214111045,0.773070780282,,-0.0261703997815,-0.0859289732451,-0.470715093756,0.877700758939
1542728565901721811,,1794,,1542728565,873128054,"""/world""","""vicon/obstacle18/obstacle18""",,,0.413728075034,0.812185909319,0.773054375735,,-0.0263193467889,-0.0860322920586,-0.470663265879,0.87771397782
1542728565918365601,,1795,,1542728565,889812786,"""/world""","""vicon/obstacle18/obstacle18""",,,0.413730151478,0.812207268997,0.773056900942,,-0.0262092782313,-0.0858536625975,-0.470710632992,0.877709360974
1542728565938155432,,1796,,1542728565,906533718,"""/world""","""vicon/obstacle18/obstacle18""",,,0.413723548692,0.81223588847,0.77305683942,,-0.0262097632894,-0.0858237763395,-0.470746333802,0.877693122302
1542728565949249592,,1797,,1542728565,923075783,"""/world""","""vicon/obstacle18/obstacle18""",,,0.413727768704,0.812229635744,0.773062341535,,-0.0261448021314,-0.0858758693739,-0.470687372321,0.877721585651
1542728565965764217,,1798,,1542728565,939786658,"""/world""","""vicon/obstacle18/obstacle18""",,,0.413726373503,0.812211429889,0.773080371531,,-0.0260646166794,-0.0858259742453,-0.470724191449,0.877709105277
1542728565982730960,,1799,,1542728565,956436868,"""/world""","""vicon/obstacle18/obstacle18""",,,0.413723221167,0.812200830894,0.773065108027,,-0.0262358837449,-0.0859263726523,-0.470673750587,0.877721229888
1542728566000008709,,1800,,1542728565,973108364,"""/world""","""vicon/obstacle18/obstacle18""",,,0.413716842952,0.812213787019,0.773057810193,,-0.0262347532925,-0.0857590686554,-0.470753938546,0.87769462184
1542728566019215401,,1801,,1542728565,989728954,"""/world""","""vicon/obstacle18/obstacle18""",,,0.413727283252,0.81223604835,0.773059086931,,-0.0261922415446,-0.0858555121046,-0.470724186093,0.877702420044
1542728566036364303,,1802,,1542728566,6401964,"""/world""","""vicon/obstacle18/obstacle18""",,,0.413728792756,0.81222014214,0.773076285717,,-0.0262365760559,-0.0858219493451,-0.470719364802,0.877706964019
1542728566050525906,,1803,,1542728566,23116701,"""/world""","""vicon/obstacle18/obstacle18""",,,0.413730788251,0.812195785052,0.773078922858,,-0.0261039553852,-0.0858697155569,-0.470730278776,0.877700393134
1542728566068608830,,1804,,1542728566,39769738,"""/world""","""vicon/obstacle18/obstacle18""",,,0.413726441105,0.81219019254,0.773065166363,,-0.0261772517464,-0.0858688097155,-0.470732109769,0.877697316757
1542728566086991436,,1805,,1542728566,56508879,"""/world""","""vicon/obstacle18/obstacle18""",,,0.413716795613,0.812228804297,0.773043037658,,-0.0261751008536,-0.0858143071056,-0.47074469709,0.877695960429
1542728566103349006,,1806,,1542728566,73095637,"""/world""","""vicon/obstacle18/obstacle18""",,,0.413715175801,0.812245207818,0.773052711053,,-0.02608141525,-0.0858587595909,-0.470685448807,0.877726176812
1542728566121010938,,1807,,1542728566,89817905,"""/world""","""vicon/obstacle18/obstacle18""",,,0.413728238415,0.812209992873,0.773079209505,,-0.026209045083,-0.0859007995339,-0.470734508205,0.877691951302
1542728566136207912,,1808,,1542728566,106444663,"""/world""","""vicon/obstacle18/obstacle18""",,,0.413728091482,0.812177069396,0.773078813639,,-0.0262716038291,-0.0859076409544,-0.470673818993,0.877721958352
1542728566153032692,,1809,,1542728566,123146850,"""/world""","""vicon/obstacle18/obstacle18""",,,0.413719669155,0.812189001646,0.773064435757,,-0.0262147566083,-0.0859479685002,-0.470688148235,0.87771202587
1542728566168854315,,1810,,1542728566,139821487,"""/world""","""vicon/obstacle18/obstacle18""",,,0.413716982066,0.812235649728,0.77303597594,,-0.0261736227828,-0.0858407665038,-0.470692348209,0.877721492054
1542728566185546835,,1811,,1542728566,156448710,"""/world""","""vicon/obstacle18/obstacle18""",,,0.413714845365,0.812251204074,0.773046453731,,-0.0261519040799,-0.0858008290364,-0.470715363803,0.877713701573
1542728566202738715,,1812,,1542728566,173176855,"""/world""","""vicon/obstacle18/obstacle18""",,,0.413726724568,0.812204341743,0.773077410566,,-0.0263267093121,-0.0858634302456,-0.470719350065,0.877700216018
1542728566220928106,,1813,,1542728566,189839170,"""/world""","""vicon/obstacle18/obstacle18""",,,0.413730024235,0.81217588758,0.773094303764,,-0.0262287245412,-0.0858872234158,-0.470722993332,0.877698867728
1542728566237132474,,1814,,1542728566,206469325,"""/world""","""vicon/obstacle18/obstacle18""",,,0.413725902719,0.812193105522,0.773068517163,,-0.0261709384856,-0.0858879349326,-0.47077062766,0.877674974432
1542728566254936661,,1815,,1542728566,223144664,"""/world""","""vicon/obstacle18/obstacle18""",,,0.413716168772,0.812241339327,0.773035826697,,-0.0261211403842,-0.0857806591748,-0.470734222824,0.877706474853
1542728566271544295,,1816,,1542728566,239874004,"""/world""","""vicon/obstacle18/obstacle18""",,,0.413714965318,0.81226401365,0.773042677126,,-0.026114527651,-0.0858389666823,-0.470735131766,0.877700483631
1542728566286446569,,1817,,1542728566,256400672,"""/world""","""vicon/obstacle18/obstacle18""",,,0.413726150306,0.812209183472,0.773081565417,,-0.0262751022441,-0.0857837665917,-0.470752980345,0.877691515219
1542728566303434144,,1818,,1542728566,273128283,"""/world""","""vicon/obstacle18/obstacle18""",,,0.413729946272,0.812162444065,0.773100792044,,-0.0262376197637,-0.0859057193421,-0.47070216179,0.877707963721
1542728566316415466,,1819,,1542728566,289772572,"""/world""","""vicon/obstacle18/obstacle18""",,,0.413727712819,0.812189129279,0.773066989244,,-0.0261270067763,-0.0859074483696,-0.470710025806,0.877706876718
1542728566334298307,,1820,,1542728566,306511509,"""/world""","""vicon/obstacle18/obstacle18""",,,0.413720307192,0.812247770627,0.77303543947,,-0.0262387072592,-0.0857463704898,-0.470841263271,0.877648901891
1542728566354371216,,1821,,1542728566,323146245,"""/world""","""vicon/obstacle18/obstacle18""",,,0.413717873015,0.812257660185,0.773044369629,,-0.0261191713517,-0.0858847396434,-0.470739926601,0.877693296025
1542728566372178196,,1822,,1542728566,339859797,"""/world""","""vicon/obstacle18/obstacle18""",,,0.413730923839,0.812217848615,0.773083563476,,-0.026147469046,-0.0858771013768,-0.470732821342,0.877697011635
1542728566387812295,,1823,,1542728566,356471297,"""/world""","""vicon/obstacle18/obstacle18""",,,0.413725110968,0.81217047189,0.773103071637,,-0.0262175236163,-0.0858781607246,-0.470715368929,0.877704178195
1542728566401731660,,1824,,1542728566,373155473,"""/world""","""vicon/obstacle18/obstacle18""",,,0.413729147489,0.812183362973,0.773072598504,,-0.0261993496343,-0.0859507803261,-0.470681907933,0.877715556991
1542728566419226990,,1825,,1542728566,389822609,"""/world""","""vicon/obstacle18/obstacle18""",,,0.413722122894,0.812246963843,0.773037378342,,-0.0260508176401,-0.0858837719615,-0.470711151011,0.877710854968
1542728566436040799,,1826,,1542728566,406436472,"""/world""","""vicon/obstacle18/obstacle18""",,,0.41371681259,0.812255530942,0.773042235051,,-0.0260896096542,-0.0858517865696,-0.470706739719,0.877715197655
1542728566454215234,,1827,,1542728566,423168335,"""/world""","""vicon/obstacle18/obstacle18""",,,0.41372847164,0.81220697158,0.773074427505,,-0.0261199623797,-0.0858528578319,-0.470752453373,0.877689672954
1542728566470462038,,1828,,1542728566,439798745,"""/world""","""vicon/obstacle18/obstacle18""",,,0.413731422887,0.812176574665,0.773101233752,,-0.0261627489904,-0.0858084887536,-0.470700634234,0.877720528845
1542728566487728131,,1829,,1542728566,456398582,"""/world""","""vicon/obstacle18/obstacle18""",,,0.413723566665,0.812189179447,0.773066636696,,-0.0261642525629,-0.0859329590516,-0.470699448154,0.877708942614
1542728566500227503,,1830,,1542728566,473125428,"""/world""","""vicon/obstacle18/obstacle18""",,,0.413717796627,0.812246366922,0.773039374857,,-0.0261117205564,-0.0857695894403,-0.470750002823,0.8776993736
1542728566517853502,,1831,,1542728566,489848921,"""/world""","""vicon/obstacle18/obstacle18""",,,0.413726131052,0.812255638896,0.773046643464,,-0.0261661283748,-0.0857196190651,-0.470849986857,0.877649001885
1542728566533509328,,1832,,1542728566,506449454,"""/world""","""vicon/obstacle18/obstacle18""",,,0.413723477976,0.812196836693,0.773073722736,,-0.0261676215219,-0.0859517611982,-0.47070268734,0.877705264005
1542728566550041136,,1833,,1542728566,523109211,"""/world""","""vicon/obstacle18/obstacle18""",,,0.413734343532,0.812181607251,0.773095838402,,-0.0261134184026,-0.0859142206231,-0.470714314741,0.877704318078
1542728566567125108,,1834,,1542728566,539759410,"""/world""","""vicon/obstacle18/obstacle18""",,,0.413725648649,0.812205049294,0.77307094079,,-0.026103403306,-0.0858270545067,-0.470746998482,0.877695614932
1542728566584565841,,1835,,1542728566,556437242,"""/world""","""vicon/obstacle18/obstacle18""",,,0.413714855694,0.812249470932,0.773033335187,,-0.0262483778253,-0.085789922582,-0.470736439635,0.877700584621
1542728566602173207,,1836,,1542728566,573171421,"""/world""","""vicon/obstacle18/obstacle18""",,,0.413719579813,0.812245875008,0.773046451714,,-0.0261292483134,-0.0858153631609,-0.470776191611,0.877680330895
1542728566617626509,,1837,,1542728566,589790201,"""/world""","""vicon/obstacle18/obstacle18""",,,0.413733827268,0.812198610671,0.773079234823,,-0.0261041279766,-0.0858605975504,-0.47075740831,0.877686729313
1542728566635021671,,1838,,1542728566,606443685,"""/world""","""vicon/obstacle18/obstacle18""",,,0.413733780058,0.812169439868,0.773090648766,,-0.0261578146164,-0.0859246372989,-0.47072033951,0.877698745249
1542728566651474330,,1839,,1542728566,623196387,"""/world""","""vicon/obstacle18/obstacle18""",,,0.413729446678,0.81220634145,0.773064202144,,-0.0261818953389,-0.0858219049897,-0.470753778131,0.877690144274
1542728566670725257,,1840,,1542728566,639831788,"""/world""","""vicon/obstacle18/obstacle18""",,,0.413718084764,0.812251164474,0.773045925382,,-0.0260254263746,-0.0857800348028,-0.470738521299,0.877707073787
1542728566687387582,,1841,,1542728566,656491843,"""/world""","""vicon/obstacle18/obstacle18""",,,0.413719912837,0.812247702421,0.773049155314,,-0.0261155787999,-0.0857071574413,-0.470790377325,0.877683701755
1542728566700862067,,1842,,1542728566,673109112,"""/world""","""vicon/obstacle18/obstacle18""",,,0.413730899278,0.812205061412,0.773090525991,,-0.0261224645158,-0.085785298874,-0.470746641145,0.877699321633
1542728566718186009,,1843,,1542728566,689851663,"""/world""","""vicon/obstacle18/obstacle18""",,,0.413736409455,0.812182567224,0.773083864261,,-0.0261235805281,-0.0858391059126,-0.47078031755,0.877675964718
1542728566734799100,,1844,,1542728566,706420159,"""/world""","""vicon/obstacle18/obstacle18""",,,0.413730483067,0.8122097393,0.773065298513,,-0.0261066203031,-0.0858008012536,-0.470766325023,0.877687720152
1542728566751591429,,1845,,1542728566,723078794,"""/world""","""vicon/obstacle18/obstacle18""",,,0.41371735498,0.812248301172,0.773031293269,,-0.0261534226246,-0.0858448463686,-0.47072017089,0.877706774244
1542728566768218068,,1846,,1542728566,739849660,"""/world""","""vicon/obstacle18/obstacle18""",,,0.413718230091,0.812240327087,0.773037300142,,-0.0262435613194,-0.0858280531593,-0.47074341736,0.877693258372
1542728566784848866,,1847,,1542728566,756485360,"""/world""","""vicon/obstacle18/obstacle18""",,,0.41372972187,0.812207886127,0.773084602459,,-0.0261256914613,-0.0858767811643,-0.470716413477,0.877706491252
1542728566801826768,,1848,,1542728566,773167763,"""/world""","""vicon/obstacle18/obstacle18""",,,0.413737023902,0.812175268317,0.773086327061,,-0.0262008529766,-0.085870473162,-0.470728894242,0.877698174356
1542728566817940614,,1849,,1542728566,789799464,"""/world""","""vicon/obstacle18/obstacle18""",,,0.413732089286,0.812210744507,0.773051152221,,-0.0262020609724,-0.0859010637526,-0.470702973365,0.877709046389
1542728566837740455,,1850,,1542728566,806520818,"""/world""","""vicon/obstacle18/obstacle18""",,,0.413716842972,0.812247203199,0.773037279676,,-0.0261943689294,-0.0857632668393,-0.47071879679,0.877714265263
1542728566854819253,,1851,,1542728566,823174086,"""/world""","""vicon/obstacle18/obstacle18""",,,0.41372298529,0.812233890997,0.773046470474,,-0.0261984080499,-0.0858660756631,-0.470777002553,0.877672874329
1542728566871580091,,1852,,1542728566,839910144,"""/world""","""vicon/obstacle18/obstacle18""",,,0.41372581663,0.8122024806,0.773080098657,,-0.0261632490028,-0.0858802826227,-0.470719082812,0.877703598338
1542728566887760300,,1853,,1542728566,856489736,"""/world""","""vicon/obstacle18/obstacle18""",,,0.41373211477,0.812184826445,0.773091374559,,-0.0260149798385,-0.0858153779859,-0.470719827652,0.877713954304
1542728566905194005,,1854,,1542728566,873188163,"""/world""","""vicon/obstacle18/obstacle18""",,,0.413730370552,0.812218277796,0.773062253687,,-0.0261359635697,-0.0858396569159,-0.470726372,0.877704476127
1542728566920717812,,1855,,1542728566,889837836,"""/world""","""vicon/obstacle18/obstacle18""",,,0.413722595552,0.81224391989,0.77303318331,,-0.0262760622551,-0.0858132388685,-0.470754407051,0.877687840197
1542728566935664056,,1856,,1542728566,906543880,"""/world""","""vicon/obstacle18/obstacle18""",,,0.413721827081,0.812228567464,0.773046424356,,-0.0261949089829,-0.085870203486,-0.470736191491,0.877694464445
1542728566955325537,,1857,,1542728566,923167508,"""/world""","""vicon/obstacle18/obstacle18""",,,0.413728035139,0.812201405706,0.773075666345,,-0.0261403696138,-0.0858934666114,-0.47071535957,0.877704986732
1542728566971492232,,1858,,1542728566,939819268,"""/world""","""vicon/obstacle18/obstacle18""",,,0.413733018444,0.812192092023,0.773092028425,,-0.0261904101701,-0.0858208085945,-0.470735705743,0.877699690421
1542728566988485074,,1859,,1542728566,956478105,"""/world""","""vicon/obstacle18/obstacle18""",,,0.413723570528,0.812216006484,0.773069714256,,-0.0260885871588,-0.0857814936163,-0.470740144226,0.877704185696
1542728567005128113,,1860,,1542728566,973206726,"""/world""","""vicon/obstacle18/obstacle18""",,,0.413723072992,0.812243732312,0.773036478577,,-0.0261125927844,-0.0858908768411,-0.470695916244,0.877716494208
1542728567022155453,,1861,,1542728566,989841147,"""/world""","""vicon/obstacle18/obstacle18""",,,0.41372544226,0.812232143154,0.773054868948,,-0.0261707085702,-0.0858419671383,-0.470723912447,0.877704533964
1542728567034830320,,1862,,1542728567,6541776,"""/world""","""vicon/obstacle18/obstacle18""",,,0.413730435807,0.812197900949,0.773072891399,,-0.0261844201911,-0.0858669011075,-0.470700940473,0.877714005853
1542728567051964347,,1863,,1542728567,23211179,"""/world""","""vicon/obstacle18/obstacle18""",,,0.413729900761,0.812192985134,0.773080328086,,-0.0260935921386,-0.0858177248715,-0.470712557893,0.877715290051
1542728567069021147,,1864,,1542728567,39795801,"""/world""","""vicon/obstacle18/obstacle18""",,,0.41372657807,0.812216932266,0.773065688057,,-0.0261287577354,-0.085817899744,-0.470731912198,0.877703846945
1542728567086816043,,1865,,1542728567,56481287,"""/world""","""vicon/obstacle18/obstacle18""",,,0.413722944636,0.812242170203,0.773046123401,,-0.0261598511096,-0.0858487220801,-0.470740625188,0.877695233498
1542728567103019480,,1866,,1542728567,73131091,"""/world""","""vicon/obstacle18/obstacle18""",,,0.413721782242,0.812231596553,0.773046775812,,-0.026172779641,-0.0858570352911,-0.470712567335,0.877709082811
1542728567118399808,,1867,,1542728567,89780084,"""/world""","""vicon/obstacle18/obstacle18""",,,0.41372987676,0.812194550418,0.7730697456,,-0.0262241753472,-0.0859360502597,-0.470694913667,0.877709283386
1542728567135424775,,1868,,1542728567,106553341,"""/world""","""vicon/obstacle18/obstacle18""",,,0.413731128331,0.812190125319,0.773087294302,,-0.0261471052739,-0.085871222365,-0.470760077309,0.877682979023
1542728567152797804,,1869,,1542728567,123219178,"""/world""","""vicon/obstacle18/obstacle18""",,,0.413723475591,0.812217157965,0.773063050365,,-0.026105653197,-0.0858978868987,-0.470681686412,0.877723645559
1542728567168783377,,1870,,1542728567,139803203,"""/world""","""vicon/obstacle18/obstacle18""",,,0.413722166216,0.812243337085,0.773043236156,,-0.0262111408423,-0.085835861673,-0.470716823464,0.877707726441
1542728567185327280,,1871,,1542728567,156511271,"""/world""","""vicon/obstacle18/obstacle18""",,,0.413724515047,0.812236097927,0.773047193444,,-0.0261977190249,-0.0858580838665,-0.470752274151,0.877686940392
1542728567202062141,,1872,,1542728567,173174801,"""/world""","""vicon/obstacle18/obstacle18""",,,0.413732311982,0.812197598816,0.773065595642,,-0.0262043513118,-0.0857525580604,-0.470799521124,0.877671716343
1542728567218816161,,1873,,1542728567,189900466,"""/world""","""vicon/obstacle18/obstacle18""",,,0.413733374174,0.812178777038,0.7730710477,,-0.0262805114307,-0.0859198740054,-0.470712712144,0.877699636889
1542728567235586482,,1874,,1542728567,206478472,"""/world""","""vicon/obstacle18/obstacle18""",,,0.413721855798,0.81221232034,0.773068305346,,-0.0261886495533,-0.0858330251794,-0.470747129258,0.877692421477
1542728567251933293,,1875,,1542728567,223143609,"""/world""","""vicon/obstacle18/obstacle18""",,,0.413721349521,0.812241139484,0.773048403508,,-0.0261977911658,-0.0858274842642,-0.470746687472,0.877692927462
1542728567268148559,,1876,,1542728567,239780345,"""/world""","""vicon/obstacle18/obstacle18""",,,0.413721650631,0.812232086203,0.773043002273,,-0.0262617174123,-0.0858600229418,-0.470718359202,0.877703027777
1542728567284020812,,1877,,1542728567,256440061,"""/world""","""vicon/obstacle18/obstacle18""",,,0.413727328443,0.812203497909,0.773066102876,,-0.0262081295713,-0.0858629288373,-0.470727194067,0.877699607019
1542728567301531999,,1878,,1542728567,273145206,"""/world""","""vicon/obstacle18/obstacle18""",,,0.413735359455,0.812178470888,0.773079980491,,-0.0261887891006,-0.0858385056787,-0.470740201374,0.877695597049
1542728567318502987,,1879,,1542728567,289779414,"""/world""","""vicon/obstacle18/obstacle18""",,,0.413731444041,0.812202409505,0.773066107786,,-0.0261782462768,-0.0859149550809,-0.470715893164,0.877701468518
1542728567334732976,,1880,,1542728567,306452333,"""/world""","""vicon/obstacle18/obstacle18""",,,0.413714411022,0.812244112466,0.773052582155,,-0.0261789651627,-0.0857881983112,-0.470733340747,0.877704488266
1542728567351881916,,1881,,1542728567,323213929,"""/world""","""vicon/obstacle18/obstacle18""",,,0.413715012415,0.812242360269,0.77304038393,,-0.0261678814729,-0.0857878190678,-0.47074159325,0.877700429795
1542728567369174936,,1882,,1542728567,339824800,"""/world""","""vicon/obstacle18/obstacle18""",,,0.413729758661,0.812209627203,0.77306817795,,-0.0261929149231,-0.0857996683044,-0.470803547739,0.877665293585
1542728567383962494,,1883,,1542728567,356500680,"""/world""","""vicon/obstacle18/obstacle18""",,,0.413733678232,0.812192198644,0.773083533428,,-0.0262223477165,-0.0858994384347,-0.470736041391,0.877690864879
1542728567401758771,,1884,,1542728567,373181569,"""/world""","""vicon/obstacle18/obstacle18""",,,0.413728255961,0.812192005787,0.773063704841,,-0.0263248597324,-0.0858860567684,-0.470719048806,0.877698219267
1542728567418889463,,1885,,1542728567,389849771,"""/world""","""vicon/obstacle18/obstacle18""",,,0.41372381503,0.812231639015,0.773045469865,,-0.026111090419,-0.0859114148547,-0.470720704698,0.877701235002
1542728567434435730,,1886,,1542728567,406470639,"""/world""","""vicon/obstacle18/obstacle18""",,,0.413714218882,0.812244990684,0.773050209634,,-0.026242239337,-0.0857949099653,-0.470752562378,0.877691633384
1542728567450871213,,1887,,1542728567,423146672,"""/world""","""vicon/obstacle18/obstacle18""",,,0.413720324334,0.81221366899,0.773068077963,,-0.0262049253232,-0.0858432989439,-0.470709100741,0.877711326345
1542728567466912696,,1888,,1542728567,439743318,"""/world""","""vicon/obstacle18/obstacle18""",,,0.413734590314,0.812186484412,0.773084252238,,-0.0261173610524,-0.0859085507469,-0.470679883849,0.877723220212
1542728567485024962,,1889,,1542728567,456453529,"""/world""","""vicon/obstacle18/obstacle18""",,,0.413730184754,0.812191984999,0.773074340534,,-0.0262109774273,-0.0858245576737,-0.47078738256,0.877670992106
1542728567502227326,,1890,,1542728567,473195775,"""/world""","""vicon/obstacle18/obstacle18""",,,0.413721177135,0.812224319739,0.773046242828,,-0.0262402919192,-0.0859822550257,-0.470693050348,0.87770527585
1542728567517700518,,1891,,1542728567,489844758,"""/world""","""vicon/obstacle18/obstacle18""",,,0.413719023771,0.812241523892,0.773044312103,,-0.0261898131582,-0.085835562952,-0.470742966201,0.877694371403
1542728567534539627,,1892,,1542728567,506485169,"""/world""","""vicon/obstacle18/obstacle18""",,,0.413723648969,0.812226311448,0.773074193864,,-0.0260201712785,-0.0858092673404,-0.470744587378,0.877701118707
1542728567551935899,,1893,,1542728567,523194355,"""/world""","""vicon/obstacle18/obstacle18""",,,0.413722237339,0.812193158878,0.773092658168,,-0.0261168470574,-0.0859297160665,-0.470672328947,0.877725214951
1542728567571060680,,1894,,1542728567,539783326,"""/world""","""vicon/obstacle18/obstacle18""",,,0.4137341256,0.812194044144,0.773074399733,,-0.0263060832674,-0.0858107678148,-0.470771132274,0.877678211606
1542728567589835857,,1895,,1542728567,556507295,"""/world""","""vicon/obstacle18/obstacle18""",,,0.413722517619,0.812227054677,0.773050557338,,-0.0261112854451,-0.0859258058721,-0.470716893559,0.877701864403
1542728567598912140,,1896,,1542728567,573096436,"""/world""","""vicon/obstacle18/obstacle18""",,,0.413721122696,0.81223675913,0.773033448235,,-0.026214274222,-0.085927688826,-0.470714980846,0.877699635939
1542728567616057063,,1897,,1542728567,589852177,"""/world""","""vicon/obstacle18/obstacle18""",,,0.413721471758,0.81222212169,0.77306672545,,-0.0260712914235,-0.0858619641305,-0.47070895501,0.877713558373
1542728567636507146,,1898,,1542728567,606452461,"""/world""","""vicon/obstacle18/obstacle18""",,,0.413726346699,0.81219729138,0.773096469436,,-0.0260816944568,-0.0858590584639,-0.47073504365,0.877699541969
1542728567650442322,,1899,,1542728567,623043676,"""/world""","""vicon/obstacle18/obstacle18""",,,0.413723063599,0.812198201733,0.773081203117,,-0.0260709514685,-0.085851635719,-0.47067008049,0.877735425664
1542728567670975003,,1900,,1542728567,639847087,"""/world""","""vicon/obstacle18/obstacle18""",,,0.413723535157,0.812226838406,0.77305077688,,-0.0262031834871,-0.0858626336824,-0.470742250868,0.877691708153
1542728567686397121,,1901,,1542728567,656476844,"""/world""","""vicon/obstacle18/obstacle18""",,,0.413721046981,0.812244039019,0.773036581262,,-0.0261745949695,-0.0858331552745,-0.470765340599,0.877683060179
1542728567704021584,,1902,,1542728567,673127433,"""/world""","""vicon/obstacle18/obstacle18""",,,0.413723462619,0.812215029262,0.773068775387,,-0.0262070639809,-0.0858687609327,-0.470696839606,0.877715347296
1542728567720245602,,1903,,1542728567,689784373,"""/world""","""vicon/obstacle18/obstacle18""",,,0.413727913344,0.812189840395,0.773094591355,,-0.0261997301838,-0.0857862718726,-0.470770622146,0.877684061049
1542728567736436014,,1904,,1542728567,706465222,"""/world""","""vicon/obstacle18/obstacle18""",,,0.413723741949,0.812206182374,0.773082562775,,-0.0260652865188,-0.0858035304429,-0.47072038085,0.877713323389
1542728567751401581,,1905,,1542728567,723129966,"""/world""","""vicon/obstacle18/obstacle18""",,,0.413724600356,0.812233584109,0.773052138216,,-0.0261668771399,-0.0858722850243,-0.470721110294,0.877703185324
1542728567767502988,,1906,,1542728567,739799974,"""/world""","""vicon/obstacle18/obstacle18""",,,0.413725356131,0.81223721839,0.773037391447,,-0.0262332401618,-0.0858936735253,-0.47068199298,0.877720089461
1542728567784578908,,1907,,1542728567,756480828,"""/world""","""vicon/obstacle18/obstacle18""",,,0.413728701605,0.812211551263,0.773065097094,,-0.0261914704682,-0.0858808817321,-0.470719697165,0.877702368533
1542728567802167253,,1908,,1542728567,773187372,"""/world""","""vicon/obstacle18/obstacle18""",,,0.413724616634,0.812182866096,0.773098004527,,-0.0261296820814,-0.0858681659606,-0.47070146753,0.877715230729
1542728567819117984,,1909,,1542728567,789824231,"""/world""","""vicon/obstacle18/obstacle18""",,,0.413725854313,0.812209925602,0.773088031457,,-0.0260800219241,-0.085761117916,-0.470789576053,0.877679917846
1542728567834804166,,1910,,1542728567,806480081,"""/world""","""vicon/obstacle18/obstacle18""",,,0.413720553331,0.812245087637,0.773051898713,,-0.0260889727039,-0.0858367824879,-0.470702268059,0.877719082121
1542728567852533943,,1911,,1542728567,823127723,"""/world""","""vicon/obstacle18/obstacle18""",,,0.413717698502,0.812239646332,0.77303219207,,-0.0261888137567,-0.0858725218489,-0.47072424642,0.877700825941
1542728567869005518,,1912,,1542728567,839832127,"""/world""","""vicon/obstacle18/obstacle18""",,,0.413727387344,0.812202299543,0.773058198721,,-0.0263504711875,-0.0859088401758,-0.470724312451,0.877692398005
1542728567885963163,,1913,,1542728567,856487055,"""/world""","""vicon/obstacle18/obstacle18""",,,0.413725844352,0.812186766565,0.773098114603,,-0.0260772379219,-0.0858138085115,-0.470757588429,0.877692007978
1542728567905559906,,1914,,1542728567,873168943,"""/world""","""vicon/obstacle18/obstacle18""",,,0.41372110309,0.812201916927,0.773087710296,,-0.0261352317179,-0.085781613806,-0.470789904369,0.877676096484
1542728567922721083,,1915,,1542728567,889846698,"""/world""","""vicon/obstacle18/obstacle18""",,,0.413718387321,0.812247932535,0.77305090744,,-0.0260986303018,-0.0858058906061,-0.470766231834,0.877687510222
1542728567938237136,,1916,,1542728567,906521054,"""/world""","""vicon/obstacle18/obstacle18""",,,0.413718222241,0.81225660317,0.773041336978,,-0.0261398990462,-0.085826775186,-0.470716583134,0.87771086851
1542728567953742572,,1917,,1542728567,923118010,"""/world""","""vicon/obstacle18/obstacle18""",,,0.413721734777,0.812205151141,0.773063477019,,-0.0261747645569,-0.0859050562017,-0.470653365673,0.877736072176
1542728567969647085,,1918,,1542728567,939838734,"""/world""","""vicon/obstacle18/obstacle18""",,,0.413736202308,0.812173799119,0.773083226006,,-0.0261760692286,-0.0858356760553,-0.470707475332,0.877713804598
1542728567986425851,,1919,,1542728567,956509379,"""/world""","""vicon/obstacle18/obstacle18""",,,0.413726149706,0.812202395768,0.773088758123,,-0.026108113993,-0.0857727670096,-0.470795285296,0.877674881814
1542728568003900782,,1920,,1542728567,973138098,"""/world""","""vicon/obstacle18/obstacle18""",,,0.413711826361,0.812241073804,0.773048364319,,-0.0261570951733,-0.0858720688411,-0.470705360082,0.877711944863
1542728568018793056,,1921,,1542728567,989805834,"""/world""","""vicon/obstacle18/obstacle18""",,,0.413717059513,0.812255989703,0.773037803084,,-0.0261935988492,-0.0858013258374,-0.470711847903,0.877714295262
1542728568035683257,,1922,,1542728568,6483257,"""/world""","""vicon/obstacle18/obstacle18""",,,0.413723072776,0.812215917088,0.773062824527,,-0.0261708395222,-0.0858770993442,-0.470711007317,0.877708014409
1542728568051473789,,1923,,1542728568,23108341,"""/world""","""vicon/obstacle18/obstacle18""",,,0.413726319162,0.81217411302,0.773086907999,,-0.0262256496815,-0.0859096132535,-0.470659493574,0.877730821356
1542728568068454610,,1924,,1542728568,39741958,"""/world""","""vicon/obstacle18/obstacle18""",,,0.413731591122,0.812195126685,0.773086282194,,-0.0261461021502,-0.0857078792915,-0.470823686781,0.87766485445
1542728568084303039,,1925,,1542728568,56449001,"""/world""","""vicon/obstacle18/obstacle18""",,,0.41371803632,0.812243482318,0.773060122391,,-0.0260947882932,-0.0858296587985,-0.470734971939,0.877702066699
1542728568100934578,,1926,,1542728568,73157414,"""/world""","""vicon/obstacle18/obstacle18""",,,0.413711199104,0.812249465062,0.773036058482,,-0.026156209058,-0.0858505351134,-0.470706097264,0.877713682443
1542728568115311162,,1927,,1542728568,89778168,"""/world""","""vicon/obstacle18/obstacle18""",,,0.413720217447,0.812223690623,0.773068786707,,-0.0260694893382,-0.0858458452634,-0.470724041014,0.877707097948
1542728568131997777,,1928,,1542728568,106364580,"""/world""","""vicon/obstacle18/obstacle18""",,,0.413730745447,0.812179905257,0.773087974089,,-0.0262205034428,-0.0858380245589,-0.470687401046,0.87772301396
1542728568154868366,,1929,,1542728568,123128397,"""/world""","""vicon/obstacle18/obstacle18""",,,0.41372734098,0.812194103077,0.773079225167,,-0.0261721785075,-0.0857963668127,-0.470747849685,0.877696110582
1542728568172934673,,1930,,1542728568,139837602,"""/world""","""vicon/obstacle18/obstacle18""",,,0.413727025041,0.812237509502,0.773049615819,,-0.026063298198,-0.0858371728834,-0.470766553027,0.877685329027
1542728568187550757,,1931,,1542728568,156548309,"""/world""","""vicon/obstacle18/obstacle18""",,,0.413714345435,0.812251829489,0.773036614138,,-0.0261828180569,-0.0858635099739,-0.470713842906,0.877707465953
1542728568203140698,,1932,,1542728568,173149367,"""/world""","""vicon/obstacle18/obstacle18""",,,0.413718918458,0.812229742643,0.77306471975,,-0.0262182577915,-0.0858088328776,-0.470723943546,0.877706338208
1542728568219835004,,1933,,1542728568,189800579,"""/world""","""vicon/obstacle18/obstacle18""",,,0.413732567812,0.81219439982,0.773088547077,,-0.026140012309,-0.0859054341071,-0.470689693025,0.877717590702
1542728568236955880,,1934,,1542728568,206506668,"""/world""","""vicon/obstacle18/obstacle18""",,,0.413735081568,0.812201262628,0.773084322174,,-0.026176337884,-0.0857833256855,-0.470815720386,0.877660855802
1542728568252241656,,1935,,1542728568,223152357,"""/world""","""vicon/obstacle18/obstacle18""",,,0.413721466268,0.812230744061,0.773060112446,,-0.0261509309284,-0.0858280067826,-0.470748384477,0.877693363639
1542728568269332079,,1936,,1542728568,239771730,"""/world""","""vicon/obstacle18/obstacle18""",,,0.413716219451,0.812243012383,0.77304210838,,-0.0261494947063,-0.0857895787847,-0.470750662838,0.877695941392
1542728568286789379,,1937,,1542728568,256507047,"""/world""","""vicon/obstacle18/obstacle18""",,,0.413716935323,0.81222803336,0.773063266488,,-0.0262085871289,-0.0857857868212,-0.470723437303,0.877709151322
1542728568303303543,,1938,,1542728568,273136858,"""/world""","""vicon/obstacle18/obstacle18""",,,0.413723281134,0.812205932024,0.773091945477,,-0.0259608396539,-0.0859224807642,-0.470684186997,0.877724192566
1542728568319826461,,1939,,1542728568,289790726,"""/world""","""vicon/obstacle18/obstacle18""",,,0.413734501878,0.812203688836,0.773082183285,,-0.0261507123064,-0.0858806914454,-0.470763952662,0.877679866442
1542728568335223064,,1940,,1542728568,306501890,"""/world""","""vicon/obstacle18/obstacle18""",,,0.413730226265,0.812224478965,0.773054493927,,-0.0261203547827,-0.0859525305651,-0.470756592794,0.877677685655
1542728568352503686,,1941,,1542728568,323184718,"""/world""","""vicon/obstacle18/obstacle18""",,,0.413717309272,0.812236451824,0.773040383016,,-0.0262767612761,-0.0858602235269,-0.47072271171,0.877700223603
1542728568369677036,,1942,,1542728568,339716390,"""/world""","""vicon/obstacle18/obstacle18""",,,0.413723527613,0.812219814491,0.773056496941,,-0.0262017538597,-0.0859827465868,-0.470650642318,0.877729120099
1542728568383551357,,1943,,1542728568,356471681,"""/world""","""vicon/obstacle18/obstacle18""",,,0.413726327313,0.812214456813,0.773087642358,,-0.0261557944598,-0.0857716882586,-0.470801371,0.877670303117
1542728568401622971,,1944,,1542728568,373178676,"""/world""","""vicon/obstacle18/obstacle18""",,,0.413723113556,0.812211603572,0.773089073833,,-0.0261125624467,-0.0857217893516,-0.470786457085,0.877684465362
1542728568419416198,,1945,,1542728568,389860816,"""/world""","""vicon/obstacle18/obstacle18""",,,0.413729187855,0.812224074718,0.773054891758,,-0.0261420301794,-0.0859517298003,-0.470719767686,0.87769686949
1542728568435948525,,1946,,1542728568,406555670,"""/world""","""vicon/obstacle18/obstacle18""",,,0.413719882696,0.812229680187,0.773042625958,,-0.0263187086554,-0.0858813699949,-0.470725691398,0.877695299817
1542728568452337949,,1947,,1542728568,423189086,"""/world""","""vicon/obstacle18/obstacle18""",,,0.413722119942,0.812207664859,0.773056460829,,-0.0263104428915,-0.0858439312883,-0.470730274328,0.877696752237
1542728568469655431,,1948,,1542728568,439811644,"""/world""","""vicon/obstacle18/obstacle18""",,,0.413724886619,0.812202318723,0.773074442888,,-0.0262472870966,-0.0857510847273,-0.470730589596,0.877707550045
1542728568486808732,,1949,,1542728568,456513550,"""/world""","""vicon/obstacle18/obstacle18""",,,0.4137303201,0.812215183822,0.773083269119,,-0.0261067420602,-0.0857783662766,-0.470817673547,0.877662365704
1542728568503153038,,1950,,1542728568,473185326,"""/world""","""vicon/obstacle18/obstacle18""",,,0.413724963511,0.812219170088,0.773056350345,,-0.0261360593583,-0.0859121880244,-0.470685594326,0.877719245342
1542728568519961200,,1951,,1542728568,489828788,"""/world""","""vicon/obstacle18/obstacle18""",,,0.413723573988,0.812217302682,0.773038108613,,-0.0262550608362,-0.0859786032184,-0.470665395652,0.877720021934
1542728568535805513,,1952,,1542728568,506486414,"""/world""","""vicon/obstacle18/obstacle18""",,,0.413725158072,0.812214744578,0.773056167981,,-0.0262312726256,-0.0858644597203,-0.470710237754,0.877707859693
1542728568552950987,,1953,,1542728568,523154298,"""/world""","""vicon/obstacle18/obstacle18""",,,0.413725491361,0.812199208706,0.773080619033,,-0.0261931866657,-0.0858804044399,-0.470734478005,0.877694436762
1542728568568015795,,1954,,1542728568,539788643,"""/world""","""vicon/obstacle18/obstacle18""",,,0.413727804257,0.812212326755,0.773080714618,,-0.0261307063726,-0.0858323619886,-0.470726867611,0.877705080268
1542728568582970767,,1955,,1542728568,556458592,"""/world""","""vicon/obstacle18/obstacle18""",,,0.413723599687,0.812231086769,0.773062296036,,-0.0260650602927,-0.0858559325117,-0.470796411161,0.877667426035
1542728568599711691,,1956,,1542728568,573192408,"""/world""","""vicon/obstacle18/obstacle18""",,,0.413717046647,0.812226084763,0.773038252401,,-0.0262114081234,-0.0859957668921,-0.470687327654,0.877707884063
1542728568617733888,,1957,,1542728568,589851899,"""/world""","""vicon/obstacle18/obstacle18""",,,0.413724093263,0.812211725505,0.773050935312,,-0.0262337303009,-0.0859388984071,-0.47066785949,0.877723226979
1542728568637664430,,1958,,1542728568,606514552,"""/world""","""vicon/obstacle18/obstacle18""",,,0.41372846482,0.812199535296,0.773076306986,,-0.0261337053708,-0.0859200753666,-0.470737801852,0.877690544555
1542728568652976027,,1959,,1542728568,623135303,"""/world""","""vicon/obstacle18/obstacle18""",,,0.413726301251,0.812201033701,0.773080493226,,-0.026142545449,-0.0858586595708,-0.470753217918,0.877688022998
1542728568669305277,,1960,,1542728568,639763969,"""/world""","""vicon/obstacle18/obstacle18""",,,0.413721276169,0.812232820278,0.773062786671,,-0.0261233513824,-0.0858235402255,-0.470744649848,0.877696624749
1542728568681634954,,1961,,1542728568,656525815,"""/world""","""vicon/obstacle18/obstacle18""",,,0.413715917541,0.812238334558,0.773042717838,,-0.0261161339986,-0.085891500193,-0.470690356596,0.877719309316
1542728568699056653,,1962,,1542728568,673117116,"""/world""","""vicon/obstacle18/obstacle18""",,,0.413719872191,0.812216705309,0.773042793425,,-0.0262357588982,-0.0859107791095,-0.470718676729,0.877698667178
1542728568718670081,,1963,,1542728568,689785678,"""/world""","""vicon/obstacle18/obstacle18""",,,0.413728339783,0.812195149805,0.773079337671,,-0.0261917460651,-0.0859002616459,-0.470745349727,0.877686705606
1542728568734954512,,1964,,1542728568,706495191,"""/world""","""vicon/obstacle18/obstacle18""",,,0.413732786677,0.812195146902,0.773082697098,,-0.0262188692482,-0.0858972211534,-0.470775341018,0.877670106921
1542728568752156883,,1965,,1542728568,723191335,"""/world""","""vicon/obstacle18/obstacle18""",,,0.413717526288,0.812229953641,0.773072010576,,-0.02610300992,-0.0857883144958,-0.47074851489,0.877698600715
1542728568767535717,,1966,,1542728568,739778058,"""/world""","""vicon/obstacle18/obstacle18""",,,0.413718536676,0.812237379029,0.773037911324,,-0.0262159341531,-0.0857793804975,-0.470786174255,0.877675908754
1542728568783795164,,1967,,1542728568,756474475,"""/world""","""vicon/obstacle18/obstacle18""",,,0.413727551484,0.812227152786,0.773046493591,,-0.0260718388526,-0.0859915777268,-0.470672257429,0.877720532895
1542728568801874850,,1968,,1542728568,773225174,"""/world""","""vicon/obstacle18/obstacle18""",,,0.413729440372,0.812200793798,0.773073259439,,-0.0262176589752,-0.0859181190974,-0.470698209995,0.877709465755
1542728568819516215,,1969,,1542728568,789800576,"""/world""","""vicon/obstacle18/obstacle18""",,,0.41373417706,0.812185171294,0.773075289802,,-0.0261829244819,-0.085955737498,-0.470683707998,0.877714596371
1542728568834600509,,1970,,1542728568,806451699,"""/world""","""vicon/obstacle18/obstacle18""",,,0.413726963656,0.812224233944,0.773067995347,,-0.0260894264577,-0.0857949676642,-0.470756913785,0.877693849513
1542728568851866694,,1971,,1542728568,823159993,"""/world""","""vicon/obstacle18/obstacle18""",,,0.413715693488,0.812248867223,0.773045787463,,-0.0260314472184,-0.0859041040199,-0.470688729339,0.877721464214
1542728568868494822,,1972,,1542728568,839830262,"""/world""","""vicon/obstacle18/obstacle18""",,,0.413720065642,0.812227526015,0.773051466142,,-0.0261727764592,-0.0858593363844,-0.470706698958,0.877712004979
1542728568886792759,,1973,,1542728568,856480796,"""/world""","""vicon/obstacle18/obstacle18""",,,0.413731437999,0.812194604187,0.773068403104,,-0.0261856687337,-0.0858237197093,-0.470759449558,0.877686812331
1542728568901824913,,1974,,1542728568,873178671,"""/world""","""vicon/obstacle18/obstacle18""",,,0.413728722536,0.81218733164,0.773087916052,,-0.0260471742288,-0.0858500033488,-0.47067896038,0.87773152951
1542728568919527512,,1975,,1542728568,889776944,"""/world""","""vicon/obstacle18/obstacle18""",,,0.41372710341,0.812211751596,0.773063139664,,-0.0261627380857,-0.0858821142045,-0.470714325537,0.877705985698
1542728568937157122,,1976,,1542728568,906477471,"""/world""","""vicon/obstacle18/obstacle18""",,,0.413726124237,0.812244994777,0.773050689994,,-0.0261983773851,-0.0857291796053,-0.470785473427,0.877681713833
1542728568951977278,,1977,,1542728568,923074909,"""/world""","""vicon/obstacle18/obstacle18""",,,0.413714112365,0.812235904534,0.77304331556,,-0.0261629305145,-0.0858610165157,-0.470691061904,0.877720519957
1542728568968978690,,1978,,1542728568,939770808,"""/world""","""vicon/obstacle18/obstacle18""",,,0.413720396012,0.812193453958,0.773059436101,,-0.0262331693947,-0.0859472778861,-0.470622715425,0.877746629714
1542728568985844371,,1979,,1542728568,956498322,"""/world""","""vicon/obstacle18/obstacle18""",,,0.413733103276,0.812198387659,0.773081718814,,-0.0261558214362,-0.0859311783904,-0.470735987516,0.877689771869
1542728569002753764,,1980,,1542728568,973136817,"""/world""","""vicon/obstacle18/obstacle18""",,,0.413725295332,0.812222199003,0.77308078403,,-0.0261435714084,-0.0857452355763,-0.470787850678,0.877680504457
1542728569019337070,,1981,,1542728568,989759737,"""/world""","""vicon/obstacle18/obstacle18""",,,0.41371789792,0.812231286882,0.773037020773,,-0.0262203239041,-0.0858409094631,-0.470731225441,0.877699234517
1542728569035945708,,1982,,1542728569,6525014,"""/world""","""vicon/obstacle18/obstacle18""",,,0.41372533096,0.81223262239,0.773054810993,,-0.0261472196862,-0.0858574796799,-0.470689186654,0.877722339725
1542728569052935733,,1983,,1542728569,23154734,"""/world""","""vicon/obstacle18/obstacle18""",,,0.413721725029,0.812201650761,0.773060932684,,-0.0262595736363,-0.0858594836795,-0.470692568833,0.877716975739
1542728569071602670,,1984,,1542728569,39782443,"""/world""","""vicon/obstacle18/obstacle18""",,,0.413725685743,0.812192909358,0.77307085066,,-0.0262322743809,-0.085862284043,-0.47072379489,0.877700771837
1542728569088421849,,1985,,1542728569,56514470,"""/world""","""vicon/obstacle18/obstacle18""",,,0.413732472085,0.812228200491,0.773079984485,,-0.0261491277602,-0.0857547941391,-0.470778268621,0.877684544807
1542728569101172816,,1986,,1542728569,73125167,"""/world""","""vicon/obstacle18/obstacle18""",,,0.413720684611,0.812229425239,0.77305050383,,-0.0261183464951,-0.0859070607837,-0.470689473984,0.877718193935
1542728569117344572,,1987,,1542728569,89788030,"""/world""","""vicon/obstacle18/obstacle18""",,,0.413716688307,0.812213635685,0.773035010786,,-0.0262322285925,-0.0858581556597,-0.470660269868,0.877735243486
1542728569133831618,,1988,,1542728569,106455500,"""/world""","""vicon/obstacle18/obstacle18""",,,0.413726322782,0.812204209122,0.77306499884,,-0.0260995132694,-0.0858610692932,-0.470687944373,0.877724074643
1542728569151653123,,1989,,1542728569,123129400,"""/world""","""vicon/obstacle18/obstacle18""",,,0.41372414954,0.812202318249,0.773075345839,,-0.0262215187633,-0.0858176525471,-0.470705787865,0.877715115362
1542728569167914569,,1990,,1542728569,139784324,"""/world""","""vicon/obstacle18/obstacle18""",,,0.413729872216,0.812222965466,0.773071743609,,-0.0261105020321,-0.0859445445982,-0.470681294532,0.877719144097
1542728569185971430,,1991,,1542728569,156568561,"""/world""","""vicon/obstacle18/obstacle18""",,,0.413724528528,0.812235022203,0.773056200581,,-0.0261860436001,-0.0859188093885,-0.470718921479,0.877699234519
1542728569201781920,,1992,,1542728569,173138165,"""/world""","""vicon/obstacle18/obstacle18""",,,0.413720416829,0.812212507232,0.773046462519,,-0.0262880426055,-0.0858938396683,-0.470720626829,0.87769771482
1542728569219490022,,1993,,1542728569,189744255,"""/world""","""vicon/obstacle18/obstacle18""",,,0.413724810859,0.812196813121,0.773059127191,,-0.0262340916919,-0.0858832350414,-0.47073475492,0.877692789581
1542728569238929178,,1994,,1542728569,206494928,"""/world""","""vicon/obstacle18/obstacle18""",,,0.413729976603,0.812220833597,0.773074295869,,-0.0261156915685,-0.0857771075795,-0.470739566196,0.877704118303
1542728569254938941,,1995,,1542728569,223108408,"""/world""","""vicon/obstacle18/obstacle18""",,,0.413723106174,0.812232155557,0.77307696965,,-0.0261150689192,-0.0858541335873,-0.470750301211,0.877690848096
1542728569271774980,,1996,,1542728569,239797620,"""/world""","""vicon/obstacle18/obstacle18""",,,0.413723187331,0.812223612349,0.773054493338,,-0.0261401938684,-0.0858806914563,-0.470717708178,0.877704982501
1542728569285295487,,1997,,1542728569,256435569,"""/world""","""vicon/obstacle18/obstacle18""",,,0.413724466407,0.812207129737,0.773049010836,,-0.0261622021612,-0.0859159017918,-0.470709778931,0.877705133297
1542728569300135113,,1998,,1542728569,273051276,"""/world""","""vicon/obstacle18/obstacle18""",,,0.413723126694,0.812196825199,0.773059415805,,-0.0262300232033,-0.0858939342475,-0.470685095816,0.87771849617
1542728569320109294,,1999,,1542728569,289721676,"""/world""","""vicon/obstacle18/obstacle18""",,,0.413729258622,0.812215014155,0.773075302951,,-0.0261649965622,-0.0858288121548,-0.470765881565,0.877683480939
1542728569333740868,,2000,,1542728569,306473096,"""/world""","""vicon/obstacle18/obstacle18""",,,0.413730712126,0.812238549396,0.773070654789,,-0.0260498423362,-0.0858488226798,-0.470762876996,0.877686560795
1542728569349624036,,2001,,1542728569,323167695,"""/world""","""vicon/obstacle18/obstacle18""",,,0.413716738944,0.81223768948,0.773058451851,,-0.0261871979827,-0.0858058210658,-0.470752104551,0.877692456271
1542728569367771350,,2002,,1542728569,339840979,"""/world""","""vicon/obstacle18/obstacle18""",,,0.413717620293,0.812204930412,0.773045398959,,-0.0261679792636,-0.0858670491331,-0.470706271275,0.877711622867
1542728569385560997,,2003,,1542728569,356505593,"""/world""","""vicon/obstacle18/obstacle18""",,,0.413728791809,0.812205498686,0.773061271709,,-0.0261803283053,-0.0859007258131,-0.470670892012,0.877726931983
1542728569401135253,,2004,,1542728569,373147175,"""/world""","""vicon/obstacle18/obstacle18""",,,0.413724688908,0.812222309712,0.773075132338,,-0.026217761833,-0.0858286131563,-0.47075729617,0.877686530733
1542728569417947930,,2005,,1542728569,389817195,"""/world""","""vicon/obstacle18/obstacle18""",,,0.413728821293,0.812226194871,0.773065760848,,-0.0262158582054,-0.0858637435212,-0.470717829436,0.877704318879
1542728569435694324,,2006,,1542728569,406504396,"""/world""","""vicon/obstacle18/obstacle18""",,,0.413724515794,0.812234663987,0.773055016828,,-0.0261607989985,-0.0857024734855,-0.470830889888,0.877661080236
1542728569451963165,,2007,,1542728569,423126168,"""/world""","""vicon/obstacle18/obstacle18""",,,0.413716796505,0.812207755154,0.773046941863,,-0.02621918058,-0.0858963738836,-0.470704015595,0.877708435203
1542728569467815074,,2008,,1542728569,439776332,"""/world""","""vicon/obstacle18/obstacle18""",,,0.413719382579,0.812197292653,0.773060434366,,-0.0261638859274,-0.0859499368776,-0.470677007315,0.877719325416
1542728569483765105,,2009,,1542728569,456550931,"""/world""","""vicon/obstacle18/obstacle18""",,,0.413729219026,0.812216890088,0.773073291773,,-0.0262279730343,-0.0858166022745,-0.470700342718,0.877717945339
1542728569500882784,,2010,,1542728569,473132692,"""/world""","""vicon/obstacle18/obstacle18""",,,0.413724450291,0.812228767313,0.773073321284,,-0.0261776518262,-0.0857705631181,-0.470787608187,0.877677143957
1542728569516677911,,2011,,1542728569,489804259,"""/world""","""vicon/obstacle18/obstacle18""",,,0.413717687981,0.812226744011,0.773056484592,,-0.0261198581539,-0.0858600544355,-0.470725887827,0.87770322011
1542728569534213768,,2012,,1542728569,506472228,"""/world""","""vicon/obstacle18/obstacle18""",,,0.413718519583,0.81222214345,0.773053448926,,-0.0261914250453,-0.0858440219052,-0.470775814097,0.877675877541
1542728569552412596,,2013,,1542728569,523151944,"""/world""","""vicon/obstacle18/obstacle18""",,,0.413721992863,0.812206911829,0.773064325605,,-0.0262179768373,-0.0858731721831,-0.470705155729,0.877710130032
1542728569569015973,,2014,,1542728569,539834197,"""/world""","""vicon/obstacle18/obstacle18""",,,0.413727129232,0.812200139947,0.773063438164,,-0.0262666707391,-0.0859544813283,-0.470661443272,0.877724156535
1542728569583808233,,2015,,1542728569,556524055,"""/world""","""vicon/obstacle18/obstacle18""",,,0.413731414941,0.812222635532,0.773064691305,,-0.0262017180411,-0.0859125417433,-0.470689533092,0.877715140909
1542728569601061836,,2016,,1542728569,573239766,"""/world""","""vicon/obstacle18/obstacle18""",,,0.413720421946,0.812230206225,0.773058858992,,-0.0261704316026,-0.0858300976253,-0.470722188246,0.87770662772
1542728569620497168,,2017,,1542728569,589791907,"""/world""","""vicon/obstacle18/obstacle18""",,,0.41371610026,0.812220813874,0.773046111975,,-0.0261761775505,-0.0858399360596,-0.470710538176,0.877711742177
1542728569638089714,,2018,,1542728569,606461358,"""/world""","""vicon/obstacle18/obstacle18""",,,0.413721504798,0.812219438593,0.773065002351,,-0.0262289814862,-0.0857796019477,-0.470774247302,0.877681894821
1542728569651340173,,2019,,1542728569,623121954,"""/world""","""vicon/obstacle18/obstacle18""",,,0.413725140358,0.812203100979,0.77307969348,,-0.0261989737923,-0.085896673425,-0.470643057119,0.877741697798
1542728569668012029,,2020,,1542728569,639795107,"""/world""","""vicon/obstacle18/obstacle18""",,,0.41372368101,0.812206520335,0.773071461594,,-0.0262544145124,-0.0858388468708,-0.470725959865,0.877701241195
1542728569686675759,,2021,,1542728569,656465699,"""/world""","""vicon/obstacle18/obstacle18""",,,0.413726739266,0.812222933798,0.773046390611,,-0.0261569372706,-0.0858971222622,-0.470711487286,0.877706212099
1542728569700245600,,2022,,1542728569,673086606,"""/world""","""vicon/obstacle18/obstacle18""",,,0.413717109118,0.812225944015,0.773053450928,,-0.0260685287685,-0.0857994117254,-0.470772239264,0.877685815935
1542728569715478896,,2023,,1542728569,691009593,"""/world""","""vicon/obstacle18/obstacle18""",,,0.413720440314,0.812217851191,0.773055100331,,-0.0261685306905,-0.085888576324,-0.470674052746,0.877726777836
1542728569731945718,,2024,,1542728569,706413485,"""/world""","""vicon/obstacle18/obstacle18""",,,0.413725995369,0.81220652216,0.773072899436,,-0.0261892178527,-0.0859188013348,-0.470672177893,0.877724208054
1542728569749370089,,2025,,1542728569,723104570,"""/world""","""vicon/obstacle18/obstacle18""",,,0.413728687155,0.81220159091,0.773076317775,,-0.0261622433983,-0.0859499134914,-0.470693117654,0.877710737307
1542728569768569565,,2026,,1542728569,739742873,"""/world""","""vicon/obstacle18/obstacle18""",,,0.413722891609,0.812212706732,0.773056861648,,-0.0262025513726,-0.0858481663097,-0.470730566252,0.877699409045
1542728569784816727,,2027,,1542728569,756427597,"""/world""","""vicon/obstacle18/obstacle18""",,,0.413722495906,0.812229558236,0.773047670872,,-0.0262051190078,-0.0858190111653,-0.470728667313,0.877703202016
1542728569803039064,,2028,,1542728569,773212403,"""/world""","""vicon/obstacle18/obstacle18""",,,0.413718249915,0.812224987441,0.773050852336,,-0.0261408367772,-0.0858976556226,-0.470719966191,0.877702092307
1542728569818503051,,2029,,1542728569,789747792,"""/world""","""vicon/obstacle18/obstacle18""",,,0.41372248234,0.812210283733,0.773071508784,,-0.0261549639879,-0.0858495236637,-0.470672987203,0.877731574152
1542728569835822622,,2030,,1542728569,806499067,"""/world""","""vicon/obstacle18/obstacle18""",,,0.413728970751,0.81219427142,0.773071773271,,-0.0262074100682,-0.0858818835403,-0.470736378779,0.877692848001
1542728569853402767,,2031,,1542728569,823250141,"""/world""","""vicon/obstacle18/obstacle18""",,,0.413721397731,0.812213031133,0.773064362288,,-0.026205705649,-0.0858822202736,-0.470713312367,0.877705236849
1542728569870343461,,2032,,1542728569,839762461,"""/world""","""vicon/obstacle18/obstacle18""",,,0.4137196351,0.812221627848,0.773046199778,,-0.0261418509638,-0.0858190632483,-0.470708828247,0.877715723353
1542728569884269804,,2033,,1542728569,856470523,"""/world""","""vicon/obstacle18/obstacle18""",,,0.413724411051,0.812217248636,0.773052465612,,-0.0262638663384,-0.0858950646054,-0.470733655125,0.877691331354
1542728569900830465,,2034,,1542728569,873170922,"""/world""","""vicon/obstacle18/obstacle18""",,,0.413721989304,0.812218321169,0.773076646272,,-0.0261543814505,-0.085856347059,-0.470736384118,0.877696925293
1542728569918934808,,2035,,1542728569,889814529,"""/world""","""vicon/obstacle18/obstacle18""",,,0.413722705994,0.812205229092,0.773073033415,,-0.026166017316,-0.0858492331969,-0.470744541321,0.877692899318
1542728569935690845,,2036,,1542728569,906550332,"""/world""","""vicon/obstacle18/obstacle18""",,,0.413724432582,0.81220654575,0.773048828966,,-0.0262217539018,-0.0858665465285,-0.470688163176,0.877719778093
1542728569951152226,,2037,,1542728569,923119560,"""/world""","""vicon/obstacle18/obstacle18""",,,0.413722834312,0.812225061759,0.773053133893,,-0.0261608619031,-0.0859317493265,-0.47070216617,0.877707704492
1542728569967848557,,2038,,1542728569,939759436,"""/world""","""vicon/obstacle18/obstacle18""",,,0.413719392572,0.812217442679,0.773055505498,,-0.0262197827315,-0.0859470822914,-0.470681372885,0.877715595884
1542728569986154136,,2039,,1542728569,956475307,"""/world""","""vicon/obstacle18/obstacle18""",,,0.413726253869,0.812205349508,0.773070896701,,-0.0262182115996,-0.0858186390926,-0.47075705428,0.877687622341
1542728570000572704,,2040,,1542728569,973154921,"""/world""","""vicon/obstacle18/obstacle18""",,,0.413722745321,0.812212584041,0.773070970511,,-0.0260757921428,-0.0857878535144,-0.47073664026,0.877705823594
1542728570016853953,,2041,,1542728569,989710174,"""/world""","""vicon/obstacle18/obstacle18""",,,0.413716687922,0.812212605445,0.773051167436,,-0.0261838334302,-0.0859186370976,-0.470657495691,0.877732257819
1542728570033263556,,2042,,1542728570,6442941,"""/world""","""vicon/obstacle18/obstacle18""",,,0.413726473194,0.812222308023,0.773050177324,,-0.026130090301,-0.0859163185233,-0.470722213586,0.877699380328
1542728570050267666,,2043,,1542728570,23110382,"""/world""","""vicon/obstacle18/obstacle18""",,,0.413721613891,0.812222065807,0.773062876965,,-0.0261868294403,-0.0858551426716,-0.47071463565,0.877707739641
1542728570067003200,,2044,,1542728570,39725938,"""/world""","""vicon/obstacle18/obstacle18""",,,0.413718189357,0.812198712263,0.77306461799,,-0.0262355447193,-0.0859030624609,-0.470718322539,0.877699618821
1542728570084468395,,2045,,1542728570,56461364,"""/world""","""vicon/obstacle18/obstacle18""",,,0.413724025633,0.812210463358,0.77306518139,,-0.0261544597789,-0.0858108522959,-0.470760928953,0.877688207528
1542728570101714877,,2046,,1542728570,73167341,"""/world""","""vicon/obstacle18/obstacle18""",,,0.413725783469,0.812226313755,0.773061074308,,-0.0261316504276,-0.0858788601791,-0.47073094926,0.877698314701
1542728570118460347,,2047,,1542728570,89803313,"""/world""","""vicon/obstacle18/obstacle18""",,,0.413714279014,0.812214456067,0.773045500155,,-0.0262215788165,-0.0859399087136,-0.470638501801,0.87773923321
1542728570137708583,,2048,,1542728570,106491163,"""/world""","""vicon/obstacle18/obstacle18""",,,0.413720315291,0.812206053955,0.773058251627,,-0.0261886065173,-0.0859593668442,-0.470659153609,0.877727238534
1542728570151204943,,2049,,1542728570,123142360,"""/world""","""vicon/obstacle18/obstacle18""",,,0.413726375664,0.812199585709,0.773067233808,,-0.0261627875256,-0.08590842516,-0.470717221354,0.877701856302
1542728570168079967,,2050,,1542728570,139763996,"""/world""","""vicon/obstacle18/obstacle18""",,,0.413722711,0.812209477534,0.773061872657,,-0.0261066508787,-0.0859337364717,-0.470663942582,0.877729621734
1542728570186888781,,2051,,1542728570,156516875,"""/world""","""vicon/obstacle18/obstacle18""",,,0.413726815598,0.812227272235,0.773048454181,,-0.0261416094785,-0.0858697956879,-0.470708807081,0.877710780029
1542728570203857168,,2052,,1542728570,173177960,"""/world""","""vicon/obstacle18/obstacle18""",,,0.413721929137,0.812224644866,0.77305479681,,-0.0261859560417,-0.0859031035537,-0.470671451835,0.877726231198
1542728570215609789,,2053,,1542728570,189801299,"""/world""","""vicon/obstacle18/obstacle18""",,,0.413719719591,0.812202085368,0.773063637648,,-0.026302656314,-0.0859428029904,-0.470667194638,0.87772113839
1542728570233288751,,2054,,1542728570,206656350,"""/world""","""vicon/obstacle18/obstacle18""",,,0.413725430416,0.812197477024,0.773078704137,,-0.026159214221,-0.0858957807313,-0.470743073863,0.877689335001
1542728570248717461,,2055,,1542728570,223701780,"""/world""","""vicon/obstacle18/obstacle18""",,,0.413725814167,0.8122164054,0.773067538232,,-0.026067553389,-0.0858215659038,-0.470725546727,0.877708722268
1542728570268026658,,2056,,1542728570,239806514,"""/world""","""vicon/obstacle18/obstacle18""",,,0.413717734047,0.812231956493,0.773052931951,,-0.0260768507983,-0.0859067694662,-0.470731874535,0.877696717044
1542728570284019002,,2057,,1542728570,256498042,"""/world""","""vicon/obstacle18/obstacle18""",,,0.413726140302,0.812225930584,0.773052666352,,-0.0262006060986,-0.0859169986225,-0.470648529963,0.877736725238
1542728570302793543,,2058,,1542728570,273196027,"""/world""","""vicon/obstacle18/obstacle18""",,,0.413720741189,0.812203467819,0.773068412045,,-0.026184141909,-0.0858286581638,-0.470759729628,0.877686224747
1542728570319851798,,2059,,1542728570,289808891,"""/world""","""vicon/obstacle18/obstacle18""",,,0.413718667409,0.812195354767,0.773074139158,,-0.0262628213751,-0.0858263866724,-0.470755587986,0.87768631751
1542728570335219317,,2060,,1542728570,306447139,"""/world""","""vicon/obstacle18/obstacle18""",,,0.413724921432,0.812210345131,0.773070905784,,-0.0261111987946,-0.0858815848077,-0.470731228485,0.877698507016
1542728570353151647,,2061,,1542728570,323216797,"""/world""","""vicon/obstacle18/obstacle18""",,,0.413724914238,0.812234568618,0.773055328294,,-0.0261513852516,-0.0857606008547,-0.47079086405,0.877677154036
1542728570369599095,,2062,,1542728570,339801268,"""/world""","""vicon/obstacle18/obstacle18""",,,0.413711817137,0.812230455706,0.773049300852,,-0.0262081484092,-0.0858718905233,-0.470668189821,0.877730372304
1542728570386583607,,2063,,1542728570,356522722,"""/world""","""vicon/obstacle18/obstacle18""",,,0.413720611463,0.812200515263,0.773060050658,,-0.0263224443596,-0.0858902785275,-0.470669062694,0.877724684853
1542728570403119715,,2064,,1542728570,373184037,"""/world""","""vicon/obstacle18/obstacle18""",,,0.413729327422,0.812203499056,0.773081829678,,-0.0261303374049,-0.0858369693809,-0.470780206286,0.877676032215
1542728570419482955,,2065,,1542728570,389853838,"""/world""","""vicon/obstacle18/obstacle18""",,,0.413723835257,0.812217139103,0.773074268082,,-0.0261027943745,-0.0858316143059,-0.470747140873,0.877695110771
1542728570435995679,,2066,,1542728570,406434928,"""/world""","""vicon/obstacle18/obstacle18""",,,0.413725168357,0.812221771707,0.773056274551,,-0.0261994149701,-0.085833538404,-0.470711721152,0.877711040098
1542728570452511177,,2067,,1542728570,423167562,"""/world""","""vicon/obstacle18/obstacle18""",,,0.413723950899,0.812235655779,0.773059692008,,-0.0260727175847,-0.0859461775093,-0.470646580036,0.877738722326
1542728570469474972,,2068,,1542728570,439784634,"""/world""","""vicon/obstacle18/obstacle18""",,,0.413723524917,0.812213808372,0.773061923037,,-0.026263910643,-0.0859664532642,-0.470602385097,0.877754732856
1542728570486487933,,2069,,1542728570,456520979,"""/world""","""vicon/obstacle18/obstacle18""",,,0.413728937931,0.812192208847,0.773066486832,,-0.0261803019437,-0.08584496963,-0.470740294091,0.877695168323
1542728570503177097,,2070,,1542728570,473140080,"""/world""","""vicon/obstacle18/obstacle18""",,,0.413733757188,0.81221286266,0.773067607782,,-0.0261316951434,-0.0859059195341,-0.470729692919,0.877696339119
1542728570519293235,,2071,,1542728570,489796278,"""/world""","""vicon/obstacle18/obstacle18""",,,0.413723420343,0.812215892343,0.773062521357,,-0.0261777618532,-0.0857983132288,-0.470765899599,0.877686072583
1542728570538424383,,2072,,1542728570,506550553,"""/world""","""vicon/obstacle18/obstacle18""",,,0.413724090794,0.812216176,0.773053743741,,-0.0262140183468,-0.0858767233755,-0.470709844357,0.877707386348
1542728570552305507,,2073,,1542728570,523183904,"""/world""","""vicon/obstacle18/obstacle18""",,,0.413729060578,0.812222440923,0.773064095251,,-0.026167266577,-0.0858742264154,-0.470661012642,0.877735212109
1542728570570489178,,2074,,1542728570,539809777,"""/world""","""vicon/obstacle18/obstacle18""",,,0.413722406656,0.812202571609,0.773073445739,,-0.0261258579171,-0.0859098313123,-0.47069838598,0.877712919962
1542728570586213045,,2075,,1542728570,556522101,"""/world""","""vicon/obstacle18/obstacle18""",,,0.413728387836,0.812203248874,0.773058266603,,-0.0262547199273,-0.0858997725445,-0.470717373583,0.877699876362
1542728570603211031,,2076,,1542728570,573196280,"""/world""","""vicon/obstacle18/obstacle18""",,,0.413731442977,0.812220337376,0.773059457837,,-0.0261205086555,-0.0858251084756,-0.470779219332,0.877678014096
1542728570620079995,,2077,,1542728570,589948817,"""/world""","""vicon/obstacle18/obstacle18""",,,0.413720447379,0.812215924174,0.77306055113,,-0.0262505890398,-0.0858855971853,-0.470694861502,0.877713460149
1542728570639412243,,2078,,1542728570,606497535,"""/world""","""vicon/obstacle18/obstacle18""",,,0.413726989889,0.812215287955,0.773062193591,,-0.0262581201412,-0.0859312452521,-0.470689571068,0.877711604061
1542728570653598042,,2079,,1542728570,623098466,"""/world""","""vicon/obstacle18/obstacle18""",,,0.41373313652,0.812218247973,0.773074043936,,-0.0261212971304,-0.0858032409454,-0.47076255021,0.877689069659
1542728570668654351,,2080,,1542728570,639775994,"""/world""","""vicon/obstacle18/obstacle18""",,,0.413720942122,0.812204783402,0.773062573587,,-0.0262209838129,-0.085910582217,-0.470735436838,0.877690139158
1542728570685470434,,2081,,1542728570,656471444,"""/world""","""vicon/obstacle18/obstacle18""",,,0.413725767019,0.812207618476,0.773061434609,,-0.0262255153633,-0.0858650522919,-0.470693599861,0.877716896379
1542728570700723562,,2082,,1542728570,673111254,"""/world""","""vicon/obstacle18/obstacle18""",,,0.413732846854,0.812210471243,0.773063147537,,-0.0262675768108,-0.0858768575494,-0.470710392699,0.877705477909
1542728570718318787,,2083,,1542728570,689832256,"""/world""","""vicon/obstacle18/obstacle18""",,,0.413717050694,0.812214328897,0.773057726252,,-0.0261830867517,-0.0859340683688,-0.470684644107,0.877716211348
1542728570736409435,,2084,,1542728570,706485087,"""/world""","""vicon/obstacle18/obstacle18""",,,0.413725515989,0.812218713405,0.773071428781,,-0.0260967223709,-0.0858005801095,-0.470723803858,0.877710841915
1542728570750389206,,2085,,1542728570,723184725,"""/world""","""vicon/obstacle18/obstacle18""",,,0.413724290603,0.812217609437,0.773072074876,,-0.026132314196,-0.0858059684349,-0.470788693781,0.877674452029
1542728570767164620,,2086,,1542728570,739794839,"""/world""","""vicon/obstacle18/obstacle18""",,,0.41372181014,0.812207698285,0.773070114526,,-0.026245475685,-0.0858511096219,-0.470734302791,0.877695834648
1542728570783848531,,2087,,1542728570,756434289,"""/world""","""vicon/obstacle18/obstacle18""",,,0.413727022119,0.8122023403,0.773060752337,,-0.0262348885394,-0.0859077030931,-0.470682612957,0.87771833468
1542728570800427357,,2088,,1542728570,773149639,"""/world""","""vicon/obstacle18/obstacle18""",,,0.413727550677,0.812213730045,0.773060894337,,-0.0262001911394,-0.0858256355319,-0.470727292682,0.877703438636
1542728570819066320,,2089,,1542728570,789808625,"""/world""","""vicon/obstacle18/obstacle18""",,,0.413717861281,0.812215794095,0.773059664783,,-0.0260943490509,-0.0859173793412,-0.470692034953,0.877716524344
1542728570836049281,,2090,,1542728570,806486602,"""/world""","""vicon/obstacle18/obstacle18""",,,0.413721361922,0.812223686612,0.773070526593,,-0.0260450444628,-0.0858600889019,-0.470751551829,0.877691675501
1542728570850961227,,2091,,1542728570,823101304,"""/world""","""vicon/obstacle18/obstacle18""",,,0.413727501982,0.812217878613,0.773077322603,,-0.026139766495,-0.0858509007265,-0.470728801112,0.87770196038
1542728570868618698,,2092,,1542728570,839793429,"""/world""","""vicon/obstacle18/obstacle18""",,,0.413723176036,0.812203510661,0.773062735955,,-0.0261957592695,-0.0858913028556,-0.470699334787,0.877712141036
1542728570888062442,,2093,,1542728570,856518470,"""/world""","""vicon/obstacle18/obstacle18""",,,0.4137249996,0.812200663109,0.773054354325,,-0.02637885731,-0.0858455916457,-0.470706748694,0.877707153335
1542728570902105488,,2094,,1542728570,873209330,"""/world""","""vicon/obstacle18/obstacle18""",,,0.413727912156,0.812220126788,0.773056333849,,-0.0261506321159,-0.0858556038244,-0.470718111619,0.877706909581
1542728570918789502,,2095,,1542728570,889837848,"""/world""","""vicon/obstacle18/obstacle18""",,,0.413721063262,0.81222748199,0.773072206441,,-0.0261353945645,-0.0857928539852,-0.470762242376,0.877689830469
1542728570936022300,,2096,,1542728570,906500426,"""/world""","""vicon/obstacle18/obstacle18""",,,0.413725563051,0.812207062081,0.773068567786,,-0.0261663447746,-0.085927191308,-0.470706510917,0.877705657254
1542728570952644510,,2097,,1542728570,923189181,"""/world""","""vicon/obstacle18/obstacle18""",,,0.413727677997,0.812206427921,0.773062480303,,-0.0262428594594,-0.0859187818685,-0.470695015467,0.877710360919
1542728570968540206,,2098,,1542728570,939814064,"""/world""","""vicon/obstacle18/obstacle18""",,,0.413720318142,0.812205794502,0.7730646359,,-0.0261548638322,-0.0858008810331,-0.470736851107,0.877702084378
1542728570986339192,,2099,,1542728570,956515184,"""/world""","""vicon/obstacle18/obstacle18""",,,0.41372618668,0.812205163693,0.773054355701,,-0.0261883644028,-0.0859168459223,-0.470678485991,0.877721042235
1542728571003089949,,2100,,1542728570,973218934,"""/world""","""vicon/obstacle18/obstacle18""",,,0.413728486577,0.812223027841,0.773071151197,,-0.0261101953979,-0.0858420402682,-0.470774990483,0.877678933411
1542728571019954149,,2101,,1542728570,989818835,"""/world""","""vicon/obstacle18/obstacle18""",,,0.413723938219,0.812220631392,0.773078355961,,-0.0261455703701,-0.0858147527858,-0.470760589463,0.877688273114
1542728571035443997,,2102,,1542728571,6516190,"""/world""","""vicon/obstacle18/obstacle18""",,,0.413723967488,0.812210791301,0.773063661587,,-0.0261709833583,-0.0858813221147,-0.47072732885,0.877698843576
1542728571052950328,,2103,,1542728571,23181180,"""/world""","""vicon/obstacle18/obstacle18""",,,0.413728584335,0.812218442666,0.773059752222,,-0.0261451264325,-0.0859241301897,-0.470671518381,0.877725354539
1542728571068657456,,2104,,1542728571,39795902,"""/world""","""vicon/obstacle18/obstacle18""",,,0.413724531953,0.812213090069,0.773057876596,,-0.0261654625106,-0.0858971640686,-0.470734035408,0.877693861027
1542728571085020027,,2105,,1542728571,56524154,"""/world""","""vicon/obstacle18/obstacle18""",,,0.413725166079,0.812212743798,0.773065747085,,-0.0262102206239,-0.0858676111784,-0.470741460959,0.877691434742
1542728571101751933,,2106,,1542728571,73152575,"""/world""","""vicon/obstacle18/obstacle18""",,,0.413729787518,0.812216200356,0.773067691667,,-0.0260776301841,-0.0858335925662,-0.470748839344,0.877694754369
1542728571118938089,,2107,,1542728571,89827418,"""/world""","""vicon/obstacle18/obstacle18""",,,0.413716998051,0.812217578731,0.773061786063,,-0.0261294432445,-0.0857811885915,-0.470711284467,0.877718477961
1542728571135704947,,2108,,1542728571,106531903,"""/world""","""vicon/obstacle18/obstacle18""",,,0.413719551852,0.812210073907,0.773051111152,,-0.0262594661412,-0.0858472961564,-0.470745837753,0.877689602547
1542728571152478078,,2109,,1542728571,123209926,"""/world""","""vicon/obstacle18/obstacle18""",,,0.413730494814,0.812212938312,0.773064091806,,-0.0261711971847,-0.0858298921667,-0.47075509741,0.877688974701
1542728571168857008,,2110,,1542728571,139813776,"""/world""","""vicon/obstacle18/obstacle18""",,,0.413725154787,0.81220461327,0.773071205106,,-0.0261117319833,-0.0859140389612,-0.470681290624,0.877722096121
1542728571186025611,,2111,,1542728571,156515135,"""/world""","""vicon/obstacle18/obstacle18""",,,0.413726226637,0.812207135929,0.773065240905,,-0.0261378837692,-0.0859595979965,-0.47070795354,0.877702558398
1542728571203456882,,2112,,1542728571,173215029,"""/world""","""vicon/obstacle18/obstacle18""",,,0.413726874344,0.81222267052,0.773061626358,,-0.0261189319315,-0.08580999159,-0.470774616461,0.877682008038
1542728571220955675,,2113,,1542728571,189803726,"""/world""","""vicon/obstacle18/obstacle18""",,,0.413722774991,0.812222884435,0.773049880224,,-0.0261392381259,-0.0857687726193,-0.470781401927,0.877681792835
1542728571236430380,,2114,,1542728571,206488725,"""/world""","""vicon/obstacle18/obstacle18""",,,0.413727430307,0.812216665785,0.77305649168,,-0.0262170795026,-0.0859048514628,-0.470691068947,0.877714611278
1542728571253230269,,2115,,1542728571,223207036,"""/world""","""vicon/obstacle18/obstacle18""",,,0.413729697937,0.812200448724,0.773081915089,,-0.0262233848353,-0.0858736322044,-0.470770917014,0.877674653316
1542728571269879297,,2116,,1542728571,239840957,"""/world""","""vicon/obstacle18/obstacle18""",,,0.413727164375,0.812202926613,0.77307488702,,-0.0261704911566,-0.085852645432,-0.470764627256,0.877681658911
1542728571286929123,,2117,,1542728571,256504059,"""/world""","""vicon/obstacle18/obstacle18""",,,0.41372248038,0.812222813866,0.773055848203,,-0.0261481404585,-0.0858680995744,-0.470694992133,0.877718160122
1542728571302996540,,2118,,1542728571,273171350,"""/world""","""vicon/obstacle18/obstacle18""",,,0.413722360348,0.812223305101,0.77305028437,,-0.0262021479285,-0.085920252844,-0.470691516741,0.877713309494
1542728571318340005,,2119,,1542728571,289798266,"""/world""","""vicon/obstacle18/obstacle18""",,,0.413724838917,0.812225688242,0.773057329988,,-0.0261999871797,-0.0857888761632,-0.470711782783,0.87771535645
1542728571335654491,,2120,,1542728571,306531779,"""/world""","""vicon/obstacle18/obstacle18""",,,0.413729935156,0.812197344825,0.773068808998,,-0.0262646522918,-0.0860085871508,-0.470623207198,0.877739419089
1542728571351150747,,2121,,1542728571,323159753,"""/world""","""vicon/obstacle18/obstacle18""",,,0.413730168878,0.812193205745,0.773075938568,,-0.0262033851098,-0.0858796388336,-0.470723373473,0.877700162874
1542728571368366087,,2122,,1542728571,339829930,"""/world""","""vicon/obstacle18/obstacle18""",,,0.413720702761,0.812219988966,0.773058148126,,-0.0261233133453,-0.0857507575329,-0.470799010259,0.877674582075
1542728571385296628,,2123,,1542728571,356553445,"""/world""","""vicon/obstacle18/obstacle18""",,,0.413717239013,0.812229864019,0.773047053842,,-0.0260975921905,-0.0858614050656,-0.470714293294,0.877709968549
1542728571401043217,,2124,,1542728571,373114789,"""/world""","""vicon/obstacle18/obstacle18""",,,0.413720623708,0.812224434151,0.773061045086,,-0.0263142896051,-0.0857911491968,-0.470743567636,0.8776946681
1542728571419074534,,2125,,1542728571,389856535,"""/world""","""vicon/obstacle18/obstacle18""",,,0.413726778616,0.812201447576,0.773072846784,,-0.0262142771372,-0.0858487510407,-0.470704186001,0.877713149554
1542728571434692129,,2126,,1542728571,406566097,"""/world""","""vicon/obstacle18/obstacle18""",,,0.413724729705,0.812197472878,0.77308076124,,-0.0261702133866,-0.0858296498791,-0.470780773389,0.877675255741
1542728571451621279,,2127,,1542728571,423126351,"""/world""","""vicon/obstacle18/obstacle18""",,,0.413721726472,0.812209788878,0.773052229135,,-0.0262094210457,-0.085916768606,-0.470738460707,0.877688257146
1542728571468622215,,2128,,1542728571,439877345,"""/world""","""vicon/obstacle18/obstacle18""",,,0.413725096901,0.812234525238,0.773046633739,,-0.0261091324657,-0.0858560440602,-0.470770219709,0.877680154233
1542728571486335972,,2129,,1542728571,456542387,"""/world""","""vicon/obstacle18/obstacle18""",,,0.413719651653,0.812219760155,0.773059673552,,-0.0261856746408,-0.0858481717101,-0.470675833919,0.877729264194
1542728571501020991,,2130,,1542728571,473179323,"""/world""","""vicon/obstacle18/obstacle18""",,,0.413720378055,0.812203946613,0.773064927375,,-0.0263125586885,-0.0860070947327,-0.470635865291,0.877731343415
1542728571517278659,,2131,,1542728571,489766260,"""/world""","""vicon/obstacle18/obstacle18""",,,0.413726624805,0.812215002489,0.773082755221,,-0.0261916222066,-0.085831231378,-0.470738551451,0.877697108816
1542728571536041641,,2132,,1542728571,506554398,"""/world""","""vicon/obstacle18/obstacle18""",,,0.413721906205,0.812204476144,0.773061579281,,-0.0261186986951,-0.0859243612128,-0.47069625418,0.877712853973
1542728571551369111,,2133,,1542728571,523212562,"""/world""","""vicon/obstacle18/obstacle18""",,,0.413717402356,0.812219725556,0.773057028939,,-0.0261545684326,-0.0858528447855,-0.470749232412,0.877690371245
1542728571567909146,,2134,,1542728571,539797107,"""/world""","""vicon/obstacle18/obstacle18""",,,0.413722292115,0.812226732256,0.773060822277,,-0.0262100927049,-0.0859030065701,-0.470705226643,0.877707408032
1542728571584937052,,2135,,1542728571,556485169,"""/world""","""vicon/obstacle18/obstacle18""",,,0.413720379988,0.812208525203,0.773069121777,,-0.0261924019274,-0.0858773558835,-0.470705584285,0.877710254441
1542728571601522120,,2136,,1542728571,573215674,"""/world""","""vicon/obstacle18/obstacle18""",,,0.41372684717,0.812213331328,0.773076882531,,-0.0261943764554,-0.085841274668,-0.470770889373,0.87767869971
1542728571618144806,,2137,,1542728571,589879220,"""/world""","""vicon/obstacle18/obstacle18""",,,0.413728652421,0.812217750603,0.773069395447,,-0.0261269156067,-0.0857957311611,-0.470760423061,0.877690777481
1542728571635022123,,2138,,1542728571,606523503,"""/world""","""vicon/obstacle18/obstacle18""",,,0.413719396058,0.812205395899,0.773059043933,,-0.0262119536476,-0.0859658427053,-0.470695226952,0.87770656298
1542728571651574732,,2139,,1542728571,623200919,"""/world""","""vicon/obstacle18/obstacle18""",,,0.413728270619,0.812209916852,0.77305859414,,-0.0261994862753,-0.0859666526505,-0.470680393233,0.877714810732
1542728571668291901,,2140,,1542728571,639872126,"""/world""","""vicon/obstacle18/obstacle18""",,,0.413722517933,0.812223104437,0.773074669086,,-0.0261122711194,-0.0858372997007,-0.470749100179,0.877693222007
1542728571684733828,,2141,,1542728571,656537751,"""/world""","""vicon/obstacle18/obstacle18""",,,0.413722051548,0.812220157137,0.773065366444,,-0.026231593737,-0.0859007821533,-0.47072439243,0.877696704726
1542728571701624047,,2142,,1542728571,673236681,"""/world""","""vicon/obstacle18/obstacle18""",,,0.413728810664,0.8122209225,0.773064501729,,-0.0261522149339,-0.0858322214804,-0.470764313485,0.877684369554
1542728571718617050,,2143,,1542728571,689864297,"""/world""","""vicon/obstacle18/obstacle18""",,,0.413725075828,0.812210390298,0.77306546526,,-0.0261613657492,-0.0859381319923,-0.470686589211,0.877715418088
1542728571734694715,,2144,,1542728571,706522706,"""/world""","""vicon/obstacle18/obstacle18""",,,0.41371910435,0.812194056307,0.773053879107,,-0.026309562898,-0.0859696748623,-0.470705486553,0.877697765084
1542728571752851146,,2145,,1542728571,723179688,"""/world""","""vicon/obstacle18/obstacle18""",,,0.413724401788,0.81221743859,0.773069920089,,-0.0261744216277,-0.0859066250152,-0.470640530071,0.877742811355
1542728571767845636,,2146,,1542728571,739777099,"""/world""","""vicon/obstacle18/obstacle18""",,,0.413727412897,0.81222437618,0.773059867628,,-0.0262251249838,-0.0858702784145,-0.470764877227,0.877678169077
1542728571783494723,,2147,,1542728571,756452252,"""/world""","""vicon/obstacle18/obstacle18""",,,0.413718631992,0.81222887922,0.773061889668,,-0.0262085497698,-0.0857707785221,-0.470771235787,0.877684982797
1542728571798605958,,2148,,1542728571,773052091,"""/world""","""vicon/obstacle18/obstacle18""",,,0.413723818085,0.812206021511,0.773063344107,,-0.0262468911987,-0.0858674362095,-0.470711571869,0.877706386105
1542728571815189421,,2149,,1542728571,790921533,"""/world""","""vicon/obstacle18/obstacle18""",,,0.413726996715,0.812192720823,0.773061930471,,-0.0262697713807,-0.0860103869805,-0.470636274841,0.87773208284
1542728571834973368,,2150,,1542728571,806487745,"""/world""","""vicon/obstacle18/obstacle18""",,,0.413723313977,0.81221315795,0.773064187126,,-0.0262155707484,-0.0859312357638,-0.470640091552,0.877739409389
1542728571850711342,,2151,,1542728571,823215170,"""/world""","""vicon/obstacle18/obstacle18""",,,0.413724735803,0.812229863602,0.773064623482,,-0.026231705327,-0.0858621485464,-0.470725140743,0.877700080298
1542728571872381622,,2152,,1542728571,839819908,"""/world""","""vicon/obstacle18/obstacle18""",,,0.413725279077,0.812238496118,0.773066108413,,-0.0260886522569,-0.0858138631067,-0.470740541947,0.877700806249
1542728571888976186,,2153,,1542728571,856565634,"""/world""","""vicon/obstacle18/obstacle18""",,,0.413721572253,0.812209018336,0.773058262222,,-0.0262879121455,-0.0859802071941,-0.470660674718,0.877721413046
1542728571903335810,,2154,,1542728571,873200157,"""/world""","""vicon/obstacle18/obstacle18""",,,0.413722223392,0.812191634876,0.773064127948,,-0.0262755358983,-0.0860846907341,-0.470625007876,0.87773066723
1542728571919780297,,2155,,1542728571,889791215,"""/world""","""vicon/obstacle18/obstacle18""",,,0.413727489121,0.812210344169,0.773060744256,,-0.0261607784656,-0.0859297523432,-0.470692478015,0.877713098041
1542728571936781886,,2156,,1542728571,906472075,"""/world""","""vicon/obstacle18/obstacle18""",,,0.413721170592,0.812226040792,0.77305814191,,-0.026232652096,-0.0858603960746,-0.470718285665,0.877703899895
1542728571953117589,,2157,,1542728571,923126192,"""/world""","""vicon/obstacle18/obstacle18""",,,0.413720094089,0.812232156235,0.773064586752,,-0.0261890377979,-0.0858852043063,-0.470712323143,0.877705972876
1542728571970466862,,2158,,1542728571,939859741,"""/world""","""vicon/obstacle18/obstacle18""",,,0.413725139568,0.812216289415,0.773062952701,,-0.0261779932766,-0.0858663312741,-0.470738115339,0.877694316142
1542728571985917152,,2159,,1542728571,956474037,"""/world""","""vicon/obstacle18/obstacle18""",,,0.41371942946,0.812198639652,0.773072657191,,-0.026241499259,-0.0859311532793,-0.470684385159,0.877714891169
1542728572002465195,,2160,,1542728571,973157511,"""/world""","""vicon/obstacle18/obstacle18""",,,0.413720612778,0.812201395193,0.773054586486,,-0.0262885226049,-0.0859412072859,-0.470672088634,0.877719093703
1542728572016921416,,2161,,1542728571,989736438,"""/world""","""vicon/obstacle18/obstacle18""",,,0.413726406928,0.812228997721,0.773056674994,,-0.0261860490897,-0.0858886524134,-0.470690858414,0.877717235803
1542728572034389135,,2162,,1542728572,6458696,"""/world""","""vicon/obstacle18/obstacle18""",,,0.41371770932,0.812227020323,0.773068652287,,-0.0261857575291,-0.0858623098098,-0.470713618942,0.877707615781
1542728572050654530,,2163,,1542728572,23192139,"""/world""","""vicon/obstacle18/obstacle18""",,,0.413717305835,0.812207162098,0.773061677424,,-0.0262396182645,-0.0859738966725,-0.470678867496,0.877713720536
1542728572067601277,,2164,,1542728572,39801249,"""/world""","""vicon/obstacle18/obstacle18""",,,0.413725517709,0.81221153646,0.773059482326,,-0.0262309168069,-0.0859088380538,-0.47068437505,0.877717397362
1542728572083976539,,2165,,1542728572,56503959,"""/world""","""vicon/obstacle18/obstacle18""",,,0.413720941481,0.812206393921,0.773054216449,,-0.0262351702453,-0.0858906419318,-0.470720837879,0.877699496557
1542728572100928309,,2166,,1542728572,73146562,"""/world""","""vicon/obstacle18/obstacle18""",,,0.413720683264,0.812222851305,0.773052296878,,-0.0262779919904,-0.0859091501994,-0.47067691003,0.877719961841
1542728572117751244,,2167,,1542728572,89834052,"""/world""","""vicon/obstacle18/obstacle18""",,,0.413726752632,0.812222110912,0.773067165597,,-0.0261977638451,-0.0858502388471,-0.470703498808,0.877713865602
1542728572133838692,,2168,,1542728572,106493748,"""/world""","""vicon/obstacle18/obstacle18""",,,0.413718224742,0.812203100892,0.773065976473,,-0.0262643078111,-0.0859298576208,-0.470715776149,0.8776975013
1542728572151204540,,2169,,1542728572,123161320,"""/world""","""vicon/obstacle18/obstacle18""",,,0.413714815752,0.81221658735,0.7730598553,,-0.026157811793,-0.0859269283115,-0.470665135553,0.87772812536
1542728572167128239,,2170,,1542728572,139831748,"""/world""","""vicon/obstacle18/obstacle18""",,,0.413721935126,0.81221830119,0.773046001677,,-0.0262984921057,-0.0859313225133,-0.470703662373,0.87770283089
1542728572184546045,,2171,,1542728572,156425427,"""/world""","""vicon/obstacle18/obstacle18""",,,0.413722613972,0.812216475436,0.773045154132,,-0.0263196631279,-0.0859537958999,-0.470692215517,0.877706134509
1542728572201691351,,2172,,1542728572,173176411,"""/world""","""vicon/obstacle18/obstacle18""",,,0.41372513943,0.812202107176,0.773064366662,,-0.0263239579384,-0.0859820975537,-0.470641598869,0.877730376342
1542728572219772583,,2173,,1542728572,189874921,"""/world""","""vicon/obstacle18/obstacle18""",,,0.413726513748,0.812192828822,0.773063355471,,-0.0263305472108,-0.0858975553824,-0.47072774111,0.877692261566
1542728572236268779,,2174,,1542728572,206515335,"""/world""","""vicon/obstacle18/obstacle18""",,,0.413713598272,0.812214746429,0.773053184654,,-0.0263114608957,-0.0858294405189,-0.470708092733,0.877710035035
1542728572252829425,,2175,,1542728572,223171541,"""/world""","""vicon/obstacle18/obstacle18""",,,0.413713489642,0.812233146942,0.773044038683,,-0.0261523674574,-0.0858466623456,-0.470700577221,0.877717136009
1542728572268973767,,2176,,1542728572,239880328,"""/world""","""vicon/obstacle18/obstacle18""",,,0.413720546785,0.812227175336,0.773061585926,,-0.0262017613139,-0.085867753702,-0.470687324966,0.877720706543
1542728572284592279,,2177,,1542728572,256506102,"""/world""","""vicon/obstacle18/obstacle18""",,,0.413731254816,0.81218942492,0.773066426701,,-0.0262509621367,-0.0859621881706,-0.470644076706,0.877733183976
1542728572302692506,,2178,,1542728572,273196870,"""/world""","""vicon/obstacle18/obstacle18""",,,0.413722160001,0.812187583717,0.773077404912,,-0.0262071493936,-0.0859259486904,-0.470661242005,0.877728837362
1542728572318848843,,2179,,1542728572,289812878,"""/world""","""vicon/obstacle18/obstacle18""",,,0.413719573042,0.812206172382,0.773051255844,,-0.0262354871956,-0.085962767355,-0.470669501125,0.877719956792
1542728572338319614,,2180,,1542728572,306544207,"""/world""","""vicon/obstacle18/obstacle18""",,,0.413716059157,0.812251199321,0.773042376598,,-0.02611442024,-0.0857846302083,-0.4708040693,0.877668822852
1542728572352561489,,2181,,1542728572,323170028,"""/world""","""vicon/obstacle18/obstacle18""",,,0.413719754565,0.812235003212,0.773058973462,,-0.0261206250627,-0.0859088806839,-0.470673184653,0.877726683208
1542728572366180236,,2182,,1542728572,339792902,"""/world""","""vicon/obstacle18/obstacle18""",,,0.413729380447,0.812181770808,0.773066697176,,-0.0263240658041,-0.0859307702035,-0.470712268998,0.877697502621
1542728572382688196,,2183,,1542728572,356453702,"""/world""","""vicon/obstacle18/obstacle18""",,,0.413727969704,0.812181347965,0.773076408358,,-0.0262097091872,-0.0859193469601,-0.470660336007,0.877729893004
1542728572399092052,,2184,,1542728572,373091452,"""/world""","""vicon/obstacle18/obstacle18""",,,0.413722909884,0.812205733419,0.773057180933,,-0.026173217863,-0.085932074856,-0.470701912536,0.877707440274
1542728572416244901,,2185,,1542728572,389752049,"""/world""","""vicon/obstacle18/obstacle18""",,,0.413709983108,0.812244923548,0.773036313264,,-0.0261831785248,-0.0858219203105,-0.470740272934,0.877697347948
1542728572438509966,,2186,,1542728572,406548762,"""/world""","""vicon/obstacle18/obstacle18""",,,0.413720618474,0.812247705599,0.773061605765,,-0.026110279278,-0.0857636887224,-0.470776139124,0.877685974506
1542728572455009028,,2187,,1542728572,423189366,"""/world""","""vicon/obstacle18/obstacle18""",,,0.413721374048,0.81219431847,0.773084103866,,-0.0262261245688,-0.0858886233354,-0.470680368946,0.877721667193
1542728572470018689,,2188,,1542728572,439835263,"""/world""","""vicon/obstacle18/obstacle18""",,,0.413727325284,0.812179126896,0.773080966832,,-0.0262553189711,-0.0859751955459,-0.470611717484,0.877749130073
1542728572487447977,,2189,,1542728572,456427022,"""/world""","""vicon/obstacle18/obstacle18""",,,0.413725916706,0.812207401049,0.773053833149,,-0.0262386982673,-0.0858081908545,-0.470730252867,0.877702406361
1542728572502842153,,2190,,1542728572,473162797,"""/world""","""vicon/obstacle18/obstacle18""",,,0.41371270438,0.812246211973,0.77304356638,,-0.0261890586265,-0.0858685254042,-0.470714826946,0.877706261369
1542728572519317305,,2191,,1542728572,489824437,"""/world""","""vicon/obstacle18/obstacle18""",,,0.413714611907,0.812242562257,0.773054423482,,-0.0260886780539,-0.0858270366452,-0.470750117432,0.877694381659
1542728572537828600,,2192,,1542728572,506526581,"""/world""","""vicon/obstacle18/obstacle18""",,,0.413725509155,0.812207919949,0.773089884168,,-0.0261143540919,-0.0858646331961,-0.470761711924,0.877683721999
1542728572554141154,,2193,,1542728572,523199606,"""/world""","""vicon/obstacle18/obstacle18""",,,0.413720826237,0.812186530623,0.773082993235,,-0.0260788758257,-0.0859231868667,-0.47065686956,0.877735272921
1542728572570968476,,2194,,1542728572,539858101,"""/world""","""vicon/obstacle18/obstacle18""",,,0.413724589045,0.812199399747,0.77305086285,,-0.0262613133376,-0.0859702636458,-0.47067327261,0.877716427807
1542728572586519971,,2195,,1542728572,556626139,"""/world""","""vicon/obstacle18/obstacle18""",,,0.413724800863,0.812243432446,0.773050787059,,-0.0260966005474,-0.0858377203965,-0.470758681308,0.877688508054
1542728572601649188,,2196,,1542728572,573141639,"""/world""","""vicon/obstacle18/obstacle18""",,,0.413717377342,0.812235043236,0.773055200345,,-0.0261211383861,-0.0858367608496,-0.470746027408,0.87769465892
1542728572620503404,,2197,,1542728572,589864397,"""/world""","""vicon/obstacle18/obstacle18""",,,0.413723067782,0.812212433231,0.773075129823,,-0.0261391980225,-0.0857868027249,-0.470769703133,0.877686306955
1542728572636411626,,2198,,1542728572,606542035,"""/world""","""vicon/obstacle18/obstacle18""",,,0.413731165969,0.812200363605,0.77308463938,,-0.0262022848745,-0.0858455665662,-0.470741431505,0.877693843908
1542728572652004425,,2199,,1542728572,623117349,"""/world""","""vicon/obstacle18/obstacle18""",,,0.413728056931,0.812211023558,0.773060443314,,-0.0261542485047,-0.0859647975442,-0.470706239758,0.877702480754
1542728572668519074,,2200,,1542728572,639799135,"""/world""","""vicon/obstacle18/obstacle18""",,,0.413721174327,0.812223660024,0.773046854826,,-0.0261758756105,-0.0858796233777,-0.470768547467,0.877676756295
1542728572687158769,,2201,,1542728572,656508566,"""/world""","""vicon/obstacle18/obstacle18""",,,0.413720144575,0.81222855133,0.773050170175,,-0.0262226580097,-0.0858419812515,-0.470785794179,0.877669791243
1542728572703361945,,2202,,1542728572,673142371,"""/world""","""vicon/obstacle18/obstacle18""",,,0.413722953256,0.812212739105,0.773066102016,,-0.0262119623572,-0.0859411691325,-0.470722782672,0.877694200933
1542728572719899780,,2203,,1542728572,689836761,"""/world""","""vicon/obstacle18/obstacle18""",,,0.41372310063,0.812206925997,0.773079021685,,-0.0261399964793,-0.0857457310589,-0.470759671236,0.8776956774
1542728572737128201,,2204,,1542728572,706505962,"""/world""","""vicon/obstacle18/obstacle18""",,,0.413726944935,0.812214276827,0.773060456415,,-0.0261546359451,-0.0859150081029,-0.470740057521,0.87768920732
1542728572754043545,,2205,,1542728572,723116274,"""/world""","""vicon/obstacle18/obstacle18""",,,0.413723536704,0.812223807113,0.773051740108,,-0.0261442683355,-0.085860567198,-0.470764077074,0.877681960604
1542728572770866295,,2206,,1542728572,739815071,"""/world""","""vicon/obstacle18/obstacle18""",,,0.413718506394,0.812204538615,0.773048059693,,-0.0263094369727,-0.0858926994834,-0.470735917454,0.877688984618
1542728572786339066,,2207,,1542728572,756509516,"""/world""","""vicon/obstacle18/obstacle18""",,,0.413725212119,0.812210679961,0.773064445883,,-0.0262123516476,-0.0858630479782,-0.470708051606,0.877709735486
1542728572802441608,,2208,,1542728572,773107112,"""/world""","""vicon/obstacle18/obstacle18""",,,0.413721468793,0.812222982595,0.773067354894,,-0.0261643179613,-0.0858121909588,-0.470728332506,0.877705265636
1542728572820706011,,2209,,1542728572,789853808,"""/world""","""vicon/obstacle18/obstacle18""",,,0.413722832879,0.812219763876,0.773059711096,,-0.026124462544,-0.0859326147347,-0.470701855135,0.877708870728
1542728572836449617,,2210,,1542728572,806483666,"""/world""","""vicon/obstacle18/obstacle18""",,,0.413723444681,0.812223841762,0.773054597216,,-0.0261441608573,-0.0858275738571,-0.47078506391,0.877673933769
1542728572849827412,,2211,,1542728572,824664312,"""/world""","""vicon/obstacle18/obstacle18""",,,0.413722445494,0.812207364913,0.77305572355,,-0.0262086882634,-0.0858574785735,-0.470719928642,0.87770402005
1542728572865430847,,2212,,1542728572,840725300,"""/world""","""vicon/obstacle18/obstacle18""",,,0.413719583243,0.812198138382,0.77307267065,,-0.026164154143,-0.085885357078,-0.470683420145,0.87772220006
1542728572882844605,,2213,,1542728572,856404081,"""/world""","""vicon/obstacle18/obstacle18""",,,0.413728837134,0.812217829463,0.773065922906,,-0.026161241611,-0.0857041143879,-0.470770508095,0.877693296615
1542728572900035546,,2214,,1542728572,873073253,"""/world""","""vicon/obstacle18/obstacle18""",,,0.41372199946,0.812241814413,0.773063246749,,-0.026061956621,-0.0857292288812,-0.47077057615,0.877693761151
1542728572919591329,,2215,,1542728572,889927485,"""/world""","""vicon/obstacle18/obstacle18""",,,0.413715964105,0.812222609968,0.773053209118,,-0.0261546458874,-0.085881420731,-0.470714118219,0.877706405913
1542728572936256785,,2216,,1542728572,906508620,"""/world""","""vicon/obstacle18/obstacle18""",,,0.41372459798,0.812208684247,0.773052525169,,-0.0263086983809,-0.0858788053805,-0.470781501517,0.877665916511
1542728572952847073,,2217,,1542728572,923108836,"""/world""","""vicon/obstacle18/obstacle18""",,,0.413728806029,0.812198664567,0.773068189829,,-0.0262715511105,-0.085936358224,-0.470679436454,0.877716136366
1542728572967683822,,2218,,1542728572,939903426,"""/world""","""vicon/obstacle18/obstacle18""",,,0.413727229539,0.812202814393,0.773062323732,,-0.026226018795,-0.0859426369026,-0.47068583893,0.877713449897
1542728572986209670,,2219,,1542728572,956511044,"""/world""","""vicon/obstacle18/obstacle18""",,,0.413726954024,0.812237101622,0.773056265386,,-0.0260416426553,-0.0857716304803,-0.470787876703,0.877680941688
1542728573001911303,,2220,,1542728572,973181461,"""/world""","""vicon/obstacle18/obstacle18""",,,0.413722301469,0.812232670921,0.773047623262,,-0.026130894611,-0.0858488721757,-0.470729467527,0.877702065564
1542728573020229434,,2221,,1542728572,989835532,"""/world""","""vicon/obstacle18/obstacle18""",,,0.413714604761,0.81221104793,0.773053171458,,-0.0262190999187,-0.0858776184293,-0.470736879674,0.877692647552
1542728573035389474,,2222,,1542728573,6511496,"""/world""","""vicon/obstacle18/obstacle18""",,,0.413731507656,0.812199688829,0.773062405287,,-0.0261863498324,-0.0859781900585,-0.47065107431,0.877729794508
1542728573053069359,,2223,,1542728573,23137551,"""/world""","""vicon/obstacle18/obstacle18""",,,0.413734317744,0.81219957784,0.773071619895,,-0.0261847170795,-0.0858222415182,-0.470764363565,0.877684349552
1542728573069442670,,2224,,1542728573,39852104,"""/world""","""vicon/obstacle18/obstacle18""",,,0.413725061057,0.812224576158,0.773057786082,,-0.026132776526,-0.085915927619,-0.470662810808,0.877731194555
1542728573086143722,,2225,,1542728573,56586410,"""/world""","""vicon/obstacle18/obstacle18""",,,0.413720522084,0.812232569591,0.773048963171,,-0.0260727421697,-0.0858732094395,-0.470740424959,0.877695537374
1542728573102007345,,2226,,1542728573,73186446,"""/world""","""vicon/obstacle18/obstacle18""",,,0.413721558021,0.812222145252,0.773049032711,,-0.0262234481724,-0.0858386218148,-0.470767744919,0.877679777661
1542728573119158972,,2227,,1542728573,89872133,"""/world""","""vicon/obstacle18/obstacle18""",,,0.413719396409,0.8122070532,0.773065020645,,-0.0262061882954,-0.0858869640344,-0.470678243449,0.877723564824
1542728573137151955,,2228,,1542728573,106550918,"""/world""","""vicon/obstacle18/obstacle18""",,,0.413727799419,0.812197644249,0.773066901096,,-0.0262691314295,-0.085941301317,-0.470687366997,0.877711471961
1542728573153257260,,2229,,1542728573,123202354,"""/world""","""vicon/obstacle18/obstacle18""",,,0.413730320197,0.812216319082,0.773066414295,,-0.0261414622891,-0.0858853649012,-0.470715637307,0.877705598045
1542728573168678386,,2230,,1542728573,139798858,"""/world""","""vicon/obstacle18/obstacle18""",,,0.413722951663,0.812233062176,0.773057076876,,-0.0261260679841,-0.0858014906673,-0.470806102642,0.877665737332
1542728573185617928,,2231,,1542728573,156532159,"""/world""","""vicon/obstacle18/obstacle18""",,,0.413718133214,0.812227235924,0.773050845938,,-0.0262219511665,-0.0858584766286,-0.470722668566,0.877702056831
1542728573202461153,,2232,,1542728573,173151641,"""/world""","""vicon/obstacle18/obstacle18""",,,0.413725097346,0.812213096091,0.773050439857,,-0.0263531317994,-0.0859023957822,-0.470708805171,0.877701265567
1542728573218240182,,2233,,1542728573,189860415,"""/world""","""vicon/obstacle18/obstacle18""",,,0.413726578586,0.812203408215,0.77307055806,,-0.0262852207599,-0.0858203367564,-0.470760549914,0.877683577158
1542728573235382257,,2234,,1542728573,206456516,"""/world""","""vicon/obstacle18/obstacle18""",,,0.413722991647,0.812203030042,0.773056368992,,-0.0263040578915,-0.0858127879966,-0.470707146983,0.877712392378
1542728573253505044,,2235,,1542728573,223140989,"""/world""","""vicon/obstacle18/obstacle18""",,,0.413729167335,0.812226713421,0.773051205816,,-0.0262119214491,-0.0857756749864,-0.470803182875,0.877667267106
1542728573268110618,,2236,,1542728573,239896767,"""/world""","""vicon/obstacle18/obstacle18""",,,0.413714065429,0.812233640005,0.773052530824,,-0.0261482544568,-0.0858134367706,-0.470754094944,0.877691805221
1542728573286479827,,2237,,1542728573,256534279,"""/world""","""vicon/obstacle18/obstacle18""",,,0.413722153824,0.812213548221,0.773053904426,,-0.0262607122488,-0.0858614657506,-0.470707562435,0.877708707008
1542728573302394813,,2238,,1542728573,273152823,"""/world""","""vicon/obstacle18/obstacle18""",,,0.413726605843,0.812205844326,0.773072079393,,-0.026182168317,-0.085806616008,-0.470715124303,0.877712362032
1542728573319823612,,2239,,1542728573,289870215,"""/world""","""vicon/obstacle18/obstacle18""",,,0.413721340289,0.81220577986,0.773069961841,,-0.0261789299472,-0.0858279860494,-0.470722409252,0.877706462244
1542728573338003044,,2240,,1542728573,306510907,"""/world""","""vicon/obstacle18/obstacle18""",,,0.41372175727,0.812220884951,0.773057051582,,-0.0260909458276,-0.0858776714547,-0.470690315825,0.877721433417
1542728573352401791,,2241,,1542728573,323139213,"""/world""","""vicon/obstacle18/obstacle18""",,,0.413722910334,0.812244220137,0.773052612612,,-0.0261145042236,-0.0858283311408,-0.470749255358,0.877693949405
1542728573370318031,,2242,,1542728573,339910351,"""/world""","""vicon/obstacle18/obstacle18""",,,0.413721032996,0.812226621919,0.773054368827,,-0.0261329813057,-0.0858175249475,-0.470711693537,0.877714601261
1542728573389493988,,2243,,1542728573,356524128,"""/world""","""vicon/obstacle18/obstacle18""",,,0.413723997591,0.812201046252,0.773065066824,,-0.0262420160075,-0.0858968698828,-0.470752593369,0.877681650815
1542728573404588158,,2244,,1542728573,373151205,"""/world""","""vicon/obstacle18/obstacle18""",,,0.413730821409,0.812199595788,0.773077667055,,-0.0261941269235,-0.0859124433696,-0.470697404467,0.877711155915
1542728573421403237,,2245,,1542728573,389831117,"""/world""","""vicon/obstacle18/obstacle18""",,,0.413721964216,0.812217216361,0.773054834571,,-0.0262129814327,-0.0857973293435,-0.470718221962,0.877710688892
1542728573437767103,,2246,,1542728573,406582452,"""/world""","""vicon/obstacle18/obstacle18""",,,0.41371643687,0.812231229353,0.773045229265,,-0.0262405132452,-0.0858318537302,-0.470775870456,0.877675571123
1542728573452416428,,2247,,1542728573,423124129,"""/world""","""vicon/obstacle18/obstacle18""",,,0.413724766607,0.812233282088,0.773056887102,,-0.0261226273662,-0.0858984402088,-0.470722335871,0.877701286784
1542728573468646463,,2248,,1542728573,439815762,"""/world""","""vicon/obstacle18/obstacle18""",,,0.413722006559,0.812212911363,0.773066013775,,-0.026116631877,-0.0858804418475,-0.470709932236,0.877709878571
1542728573485797767,,2249,,1542728573,456430327,"""/world""","""vicon/obstacle18/obstacle18""",,,0.413729889973,0.812196014937,0.773064056801,,-0.0262421706706,-0.0858400754276,-0.470746227504,0.877690617028
1542728573503175379,,2250,,1542728573,473095497,"""/world""","""vicon/obstacle18/obstacle18""",,,0.41372788634,0.812219237319,0.773063912632,,-0.0261467320307,-0.0858409600365,-0.470700843571,0.877717718771
1542728573519030990,,2251,,1542728573,489744991,"""/world""","""vicon/obstacle18/obstacle18""",,,0.413718995863,0.812229547554,0.773050138202,,-0.0261831931878,-0.0859139758873,-0.470730476367,0.877693595602
1542728573534635555,,2252,,1542728573,506479450,"""/world""","""vicon/obstacle18/obstacle18""",,,0.413718242981,0.812227553121,0.773055087357,,-0.026137405297,-0.085898253088,-0.470698523874,0.87771363541
1542728573552926962,,2253,,1542728573,523125643,"""/world""","""vicon/obstacle18/obstacle18""",,,0.413722808091,0.812212994477,0.773070806849,,-0.0261224995592,-0.0858222997666,-0.470733730011,0.877702628063
1542728573569914601,,2254,,1542728573,539824588,"""/world""","""vicon/obstacle18/obstacle18""",,,0.413725196225,0.81221692063,0.773075900845,,-0.0262109244928,-0.0858852936238,-0.470759896164,0.877679795791
1542728573584038097,,2255,,1542728573,556457316,"""/world""","""vicon/obstacle18/obstacle18""",,,0.413720261567,0.812214193933,0.773055886515,,-0.0262280790777,-0.0857912092754,-0.470722313664,0.87770864169
1542728573605374645,,2256,,1542728573,573153422,"""/world""","""vicon/obstacle18/obstacle18""",,,0.41372795154,0.812228302479,0.773049006703,,-0.0262517021991,-0.0859114614596,-0.470683641817,0.877716912363
1542728573621026434,,2257,,1542728573,589809913,"""/world""","""vicon/obstacle18/obstacle18""",,,0.413716298612,0.81222366806,0.773058687765,,-0.0261567366482,-0.0858743928205,-0.470717121093,0.877705420797
1542728573635274153,,2258,,1542728573,606525015,"""/world""","""vicon/obstacle18/obstacle18""",,,0.413724291851,0.81220847173,0.773067368882,,-0.0261806765386,-0.0858692031903,-0.470716329398,0.877705639356
1542728573651603715,,2259,,1542728573,623089850,"""/world""","""vicon/obstacle18/obstacle18""",,,0.41372664785,0.812215741205,0.773068540404,,-0.0260864985391,-0.0858547427403,-0.470701611666,0.877717751056
1542728573669473356,,2260,,1542728573,639855079,"""/world""","""vicon/obstacle18/obstacle18""",,,0.413725495119,0.812220931946,0.773052664855,,-0.0262237902469,-0.0858812405083,-0.470692063471,0.877716188036
1542728573686055177,,2261,,1542728573,656524995,"""/world""","""vicon/obstacle18/obstacle18""",,,0.413719174189,0.812217512926,0.77304911246,,-0.0262379850743,-0.0858530842249,-0.470720509575,0.87770326303
1542728573701845795,,2262,,1542728573,673157206,"""/world""","""vicon/obstacle18/obstacle18""",,,0.413725219896,0.812212073694,0.773062093448,,-0.0262239861301,-0.0858026643477,-0.470799418903,0.877666287665
1542728573720852853,,2263,,1542728573,689929520,"""/world""","""vicon/obstacle18/obstacle18""",,,0.413722095324,0.812204984283,0.773069694887,,-0.0262022917716,-0.0858928355181,-0.47073956776,0.877690218732
1542728573738803732,,2264,,1542728573,706514271,"""/world""","""vicon/obstacle18/obstacle18""",,,0.413723227031,0.812214242279,0.77306677196,,-0.0261161260489,-0.0858449132445,-0.470715859151,0.877710190652
1542728573757655746,,2265,,1542728573,723132979,"""/world""","""vicon/obstacle18/obstacle18""",,,0.413725605461,0.812237820222,0.773051886084,,-0.0261743081959,-0.0858102574432,-0.470755164385,0.877690765881
1542728573773106993,,2266,,1542728573,739774903,"""/world""","""vicon/obstacle18/obstacle18""",,,0.413720374169,0.812232250452,0.773051872583,,-0.0261783224713,-0.0858606686174,-0.470681162492,0.877725403695
1542728573788285998,,2267,,1542728573,756866931,"""/world""","""vicon/obstacle18/obstacle18""",,,0.413721671439,0.812198593592,0.773058266385,,-0.0262279232832,-0.0859424675147,-0.470707984886,0.877701533143
1542728573803008620,,2268,,1542728573,773133521,"""/world""","""vicon/obstacle18/obstacle18""",,,0.413724802168,0.812195673379,0.773071077607,,-0.026202848131,-0.0859129846394,-0.47067755435,0.877721487518
1542728573816618466,,2269,,1542728573,789799462,"""/world""","""vicon/obstacle18/obstacle18""",,,0.413723831147,0.812226630117,0.773075586359,,-0.0260733630268,-0.0858356518763,-0.470716844011,0.877711839599
1542728573833731936,,2270,,1542728573,806514122,"""/world""","""vicon/obstacle18/obstacle18""",,,0.413719275098,0.812231893679,0.773044940602,,-0.0261153818266,-0.0858209329913,-0.470715814765,0.877712581671
1542728573854232986,,2271,,1542728573,823203398,"""/world""","""vicon/obstacle18/obstacle18""",,,0.413725376259,0.81223762119,0.773057389389,,-0.026116026922,-0.0857991161689,-0.470714905418,0.877715183086
1542728573869339804,,2272,,1542728573,839840279,"""/world""","""vicon/obstacle18/obstacle18""",,,0.413719511854,0.81219942221,0.77306504716,,-0.0262826842453,-0.0858793566708,-0.470685748343,0.877717997374
1542728573886608685,,2273,,1542728573,856482816,"""/world""","""vicon/obstacle18/obstacle18""",,,0.413724205021,0.812187357558,0.773068016195,,-0.0262705713476,-0.0858926114294,-0.470710795544,0.877703630699
1542728573900555069,,2274,,1542728573,873174227,"""/world""","""vicon/obstacle18/obstacle18""",,,0.413727572967,0.812212908479,0.773061951509,,-0.0262027886613,-0.0858482748466,-0.470742002589,0.877693257677
1542728573916957219,,2275,,1542728573,891550251,"""/world""","""vicon/obstacle18/obstacle18""",,,0.413722937426,0.812244348445,0.773049768546,,-0.0261889009597,-0.0858187899453,-0.470739801593,0.8776977361
1542728573933585543,,2276,,1542728573,906453879,"""/world""","""vicon/obstacle18/obstacle18""",,,0.413717409179,0.81223092185,0.773045051021,,-0.0262309531212,-0.0857817810687,-0.470719762068,0.877710845742
1542728573949701090,,2277,,1542728573,923082895,"""/world""","""vicon/obstacle18/obstacle18""",,,0.413733322078,0.812200465559,0.773057496435,,-0.0261799493036,-0.085950056194,-0.470697286883,0.877707959526
1542728573967532784,,2278,,1542728573,939782001,"""/world""","""vicon/obstacle18/obstacle18""",,,0.413718604344,0.812183162918,0.773073197049,,-0.0261858529462,-0.0859982739499,-0.470624989708,0.877741828242
1542728573983927553,,2279,,1542728573,956517702,"""/world""","""vicon/obstacle18/obstacle18""",,,0.413725061907,0.812199347076,0.773060332554,,-0.0262097295597,-0.0859614319983,-0.470665666949,0.877722913134
1542728574001106748,,2280,,1542728573,973105061,"""/world""","""vicon/obstacle18/obstacle18""",,,0.413721465109,0.812251019537,0.773059284329,,-0.0260670010067,-0.0857836551662,-0.47076070582,0.877693587661
1542728574017794748,,2281,,1542728573,989888511,"""/world""","""vicon/obstacle18/obstacle18""",,,0.413720283935,0.812239789427,0.773049417764,,-0.0262147358749,-0.0858640814729,-0.470725404228,0.877700256893
1542728574033219089,,2282,,1542728574,6468951,"""/world""","""vicon/obstacle18/obstacle18""",,,0.413725355369,0.812197447414,0.773062838002,,-0.0262679823968,-0.085932434075,-0.470685263167,0.877713502751
1542728574051482884,,2283,,1542728574,23173279,"""/world""","""vicon/obstacle18/obstacle18""",,,0.413733542357,0.812188219545,0.773066919928,,-0.0262534416458,-0.0858885361246,-0.470698198524,0.877711297677
1542728574067364903,,2284,,1542728574,39853881,"""/world""","""vicon/obstacle18/obstacle18""",,,0.413720101573,0.81220147891,0.773063367133,,-0.0262721027879,-0.085828987064,-0.470768930018,0.877678629183
1542728574084111172,,2285,,1542728574,56540976,"""/world""","""vicon/obstacle18/obstacle18""",,,0.413721383182,0.812236665057,0.773045762518,,-0.026138154978,-0.0858156341377,-0.47072703067,0.877706406715
1542728574100330360,,2286,,1542728574,73125702,"""/world""","""vicon/obstacle18/obstacle18""",,,0.413723736526,0.812249409516,0.773055207471,,-0.0260225472725,-0.085805068339,-0.470753342585,0.877696762969
1542728574117841844,,2287,,1542728574,89857818,"""/world""","""vicon/obstacle18/obstacle18""",,,0.413720764527,0.812207076989,0.773063619758,,-0.02630043263,-0.0858552445549,-0.470673790685,0.877726236926
1542728574134758241,,2288,,1542728574,106493402,"""/world""","""vicon/obstacle18/obstacle18""",,,0.413729432011,0.812181850673,0.773070274371,,-0.0262427727002,-0.0859421711758,-0.470647894748,0.877733341775
1542728574151214715,,2289,,1542728574,123177077,"""/world""","""vicon/obstacle18/obstacle18""",,,0.41373069948,0.812196319709,0.77306038257,,-0.0262708895442,-0.08588888074,-0.470735528035,0.877690721823
1542728574168028269,,2290,,1542728574,139866575,"""/world""","""vicon/obstacle18/obstacle18""",,,0.413718639368,0.812235953094,0.77305398009,,-0.0261235986434,-0.0858356406385,-0.47073494359,0.877700639896
1542728574184557586,,2291,,1542728574,156513851,"""/world""","""vicon/obstacle18/obstacle18""",,,0.413719447053,0.812233667612,0.773041348773,,-0.026172726797,-0.0858830510601,-0.470695557786,0.87771566113
1542728574200862118,,2292,,1542728574,173125284,"""/world""","""vicon/obstacle18/obstacle18""",,,0.413733538269,0.812222575646,0.773068124088,,-0.0261941991264,-0.0858255571678,-0.470747664515,0.877692699083
1542728574218790703,,2293,,1542728574,189852880,"""/world""","""vicon/obstacle18/obstacle18""",,,0.413724876808,0.812189630618,0.773070927392,,-0.0262933528818,-0.0858768830163,-0.470700227132,0.877710155311
1542728574235178813,,2294,,1542728574,206509938,"""/world""","""vicon/obstacle18/obstacle18""",,,0.413726621932,0.812190355563,0.773051725668,,-0.0262983291414,-0.086001753767,-0.470652900029,0.877723159047
1542728574251082583,,2295,,1542728574,223114327,"""/world""","""vicon/obstacle18/obstacle18""",,,0.413726298763,0.81222915316,0.773053800651,,-0.0261879974388,-0.0858285380022,-0.470744559502,0.877694258016
1542728574268573477,,2296,,1542728574,239856182,"""/world""","""vicon/obstacle18/obstacle18""",,,0.413716597272,0.812235386251,0.773048353814,,-0.0261738240942,-0.0858499181494,-0.470723848499,0.877703697691
1542728574284770777,,2297,,1542728574,256547019,"""/world""","""vicon/obstacle18/obstacle18""",,,0.413719147644,0.812218082661,0.773066160691,,-0.0261716015636,-0.0858563613522,-0.470634318337,0.877751144055
1542728574301971921,,2298,,1542728574,273126279,"""/world""","""vicon/obstacle18/obstacle18""",,,0.413728862615,0.812196859393,0.773066196547,,-0.0262258307385,-0.0859870999864,-0.470658283551,0.877723877175
1542728574318292113,,2299,,1542728574,289898130,"""/world""","""vicon/obstacle18/obstacle18""",,,0.41372649619,0.812197126529,0.773064861835,,-0.0262473299734,-0.0859515928651,-0.470666023662,0.877722561818
1542728574335480442,,2300,,1542728574,306552246,"""/world""","""vicon/obstacle18/obstacle18""",,,0.413719241522,0.812215225017,0.773051346268,,-0.0262185138523,-0.0859194647973,-0.470724293093,0.877695320138
1542728574351566446,,2301,,1542728574,323150525,"""/world""","""vicon/obstacle18/obstacle18""",,,0.413728515589,0.812227014512,0.77305124818,,-0.0262319901303,-0.0858424800434,-0.470730929522,0.877698891024
1542728574368353402,,2302,,1542728574,339820770,"""/world""","""vicon/obstacle18/obstacle18""",,,0.413721140343,0.812217128998,0.773064485595,,-0.0261819951059,-0.0858724713071,-0.470640642,0.877745867493
1542728574384596859,,2303,,1542728574,356515153,"""/world""","""vicon/obstacle18/obstacle18""",,,0.413719574539,0.812195063653,0.773064335329,,-0.0261599266238,-0.0858824024136,-0.470656448899,0.877737078119
1542728574401514635,,2304,,1542728574,373166697,"""/world""","""vicon/obstacle18/obstacle18""",,,0.413728874988,0.81220927499,0.773062183651,,-0.0261427127335,-0.0858824883829,-0.470693560306,0.877717681858
1542728574418100996,,2305,,1542728574,389898285,"""/world""","""vicon/obstacle18/obstacle18""",,,0.413719544138,0.812226526117,0.773052609433,,-0.0262203344995,-0.0857872137659,-0.470790387849,0.877672751498
1542728574434942430,,2306,,1542728574,406525252,"""/world""","""vicon/obstacle18/obstacle18""",,,0.413717628211,0.812217364116,0.773051179786,,-0.0262672349764,-0.0858639358659,-0.470697208545,0.87771382281
1542728574451925732,,2307,,1542728574,423161565,"""/world""","""vicon/obstacle18/obstacle18""",,,0.413726451293,0.812211533374,0.773063064264,,-0.0262865286928,-0.0858681169863,-0.470692806955,0.877715196619
1542728574469157078,,2308,,1542728574,439894319,"""/world""","""vicon/obstacle18/obstacle18""",,,0.413723570354,0.812203697704,0.773071440289,,-0.0262035625566,-0.0859358338157,-0.47069416059,0.87771032406
1542728574484584912,,2309,,1542728574,456515145,"""/world""","""vicon/obstacle18/obstacle18""",,,0.413727210368,0.812203631787,0.773054039995,,-0.026231029985,-0.0859244480143,-0.470711642611,0.877701242912
1542728574498617328,,2310,,1542728574,473109663,"""/world""","""vicon/obstacle18/obstacle18""",,,0.413728365626,0.812228188984,0.773048339319,,-0.0262036497479,-0.0857928898343,-0.470834843509,0.877648847166
1542728574515263160,,2311,,1542728574,489929257,"""/world""","""vicon/obstacle18/obstacle18""",,,0.413720737447,0.812225124307,0.773048179978,,-0.0261731968786,-0.0858950704033,-0.470725499695,0.877698413228
1542728574532140449,,2312,,1542728574,506479535,"""/world""","""vicon/obstacle18/obstacle18""",,,0.413716965066,0.812202168564,0.773066012023,,-0.0263026345501,-0.0858964443878,-0.470694840725,0.877710851689
1542728574548943723,,2313,,1542728574,523041853,"""/world""","""vicon/obstacle18/obstacle18""",,,0.413730510852,0.812204783917,0.773069630255,,-0.026126889434,-0.08591366543,-0.470656393013,0.877735032602
1542728574568693224,,2314,,1542728574,539922798,"""/world""","""vicon/obstacle18/obstacle18""",,,0.413722474392,0.812216754088,0.773065195602,,-0.0260942128407,-0.0858396147583,-0.470725493418,0.87770619369
1542728574585214584,,2315,,1542728574,556480940,"""/world""","""vicon/obstacle18/obstacle18""",,,0.413724886118,0.812223067635,0.773047293514,,-0.0261466155898,-0.085835236683,-0.470745510147,0.877694326809
1542728574601971480,,2316,,1542728574,573123752,"""/world""","""vicon/obstacle18/obstacle18""",,,0.413725413149,0.812223753323,0.773048954798,,-0.0261916521198,-0.0859173083538,-0.47069430599,0.877712415198
1542728574617951304,,2317,,1542728574,589838740,"""/world""","""vicon/obstacle18/obstacle18""",,,0.413723173946,0.812206031129,0.773065301582,,-0.0262366301944,-0.0859044430892,-0.470685695836,0.877716948468
1542728574635140229,,2318,,1542728574,606477891,"""/world""","""vicon/obstacle18/obstacle18""",,,0.41371859267,0.812199415186,0.773077468943,,-0.0261701111213,-0.0858291404892,-0.470704327645,0.877716309443
1542728574653681727,,2319,,1542728574,623159943,"""/world""","""vicon/obstacle18/obstacle18""",,,0.413730865421,0.812215408263,0.77306258873,,-0.0261660166593,-0.0858799273719,-0.47074231385,0.877691091215
1542728574669492278,,2320,,1542728574,639884408,"""/world""","""vicon/obstacle18/obstacle18""",,,0.413725645742,0.812231726425,0.773053612783,,-0.0262014104669,-0.0857718081304,-0.470819158656,0.877659388865
1542728574690675339,,2321,,1542728574,656581856,"""/world""","""vicon/obstacle18/obstacle18""",,,0.413723604346,0.812216489932,0.77303724558,,-0.0262330976292,-0.0859723824123,-0.470655036101,0.877726843069
1542728574703958588,,2322,,1542728574,673135617,"""/world""","""vicon/obstacle18/obstacle18""",,,0.41372895247,0.812206242481,0.773063316112,,-0.0262029162832,-0.0859059072401,-0.470672894957,0.877724676782
1542728574721793457,,2323,,1542728574,689756810,"""/world""","""vicon/obstacle18/obstacle18""",,,0.413725361941,0.81219810946,0.773070740963,,-0.0261970091916,-0.085900044974,-0.470725717929,0.877697098926
1542728574734949375,,2324,,1542728574,706491545,"""/world""","""vicon/obstacle18/obstacle18""",,,0.413721682339,0.812212841755,0.773066863814,,-0.0261580305517,-0.0858600364186,-0.470713794289,0.877708570911
1542728574752511087,,2325,,1542728574,724017307,"""/world""","""vicon/obstacle18/obstacle18""",,,0.413725708846,0.81222934325,0.773059610924,,-0.026109135338,-0.0858591831288,-0.470728700544,0.877702115873
1542728574770900025,,2326,,1542728574,739816520,"""/world""","""vicon/obstacle18/obstacle18""",,,0.41372932071,0.812225582429,0.773046275973,,-0.0262434557934,-0.0858284092231,-0.470778773799,0.877674262661
1542728574786866358,,2327,,1542728574,756500957,"""/world""","""vicon/obstacle18/obstacle18""",,,0.413721405631,0.812210197165,0.773059836933,,-0.026341492676,-0.0859577683941,-0.470639960164,0.877733111893
1542728574800559098,,2328,,1542728574,773117883,"""/world""","""vicon/obstacle18/obstacle18""",,,0.413726965369,0.812190063977,0.773065818402,,-0.0262950979179,-0.0858791069146,-0.470684388541,0.877718379211
1542728574817872807,,2329,,1542728574,789866392,"""/world""","""vicon/obstacle18/obstacle18""",,,0.413726430538,0.812215404801,0.77308309543,,-0.0260676558349,-0.085724928015,-0.470823623844,0.877665556614
1542728574834104580,,2330,,1542728574,806446458,"""/world""","""vicon/obstacle18/obstacle18""",,,0.413721665965,0.812223154572,0.773051914582,,-0.026162766963,-0.0858584890257,-0.470765907799,0.87768063072
1542728574851038226,,2331,,1542728574,823093314,"""/world""","""vicon/obstacle18/obstacle18""",,,0.413717760489,0.812219497601,0.773038614258,,-0.026262533064,-0.0859060478089,-0.470700375611,0.877708144377
1542728574869172409,,2332,,1542728574,839842908,"""/world""","""vicon/obstacle18/obstacle18""",,,0.413728687923,0.81221811724,0.773055123551,,-0.0261839366069,-0.0859581073586,-0.470645901656,0.877734607098
1542728574885570456,,2333,,1542728574,856540731,"""/world""","""vicon/obstacle18/obstacle18""",,,0.413718897501,0.81219786711,0.773070550757,,-0.0263120547856,-0.0859227385544,-0.470665751095,0.87772359517
1542728574903006259,,2334,,1542728574,873115460,"""/world""","""vicon/obstacle18/obstacle18""",,,0.413723483295,0.812200679137,0.773071568202,,-0.0262211526163,-0.0858821376544,-0.470706737483,0.877708309677
1542728574919399152,,2335,,1542728574,889834387,"""/world""","""vicon/obstacle18/obstacle18""",,,0.413727056846,0.812221969328,0.77305951378,,-0.0261087179942,-0.0857479050792,-0.470803879478,0.877672683116
1542728574935688313,,2336,,1542728574,906509388,"""/world""","""vicon/obstacle18/obstacle18""",,,0.413721226814,0.812228817858,0.773043567703,,-0.0261744804667,-0.0859169237944,-0.470727797821,0.877695003482
1542728574950272226,,2337,,1542728574,923132947,"""/world""","""vicon/obstacle18/obstacle18""",,,0.413720902254,0.812212924635,0.773050186538,,-0.0263070534773,-0.0859708719317,-0.470622199056,0.877742384685
1542728574968323497,,2338,,1542728574,939859428,"""/world""","""vicon/obstacle18/obstacle18""",,,0.413730528075,0.812208218519,0.77306524044,,-0.0262960518514,-0.0858875371671,-0.470741717189,0.877686780301
1542728574982849470,,2339,,1542728574,956442275,"""/world""","""vicon/obstacle18/obstacle18""",,,0.413724813343,0.812196843336,0.773081180806,,-0.0260985475064,-0.0858416904626,-0.470709339526,0.877714525161
1542728574999705581,,2340,,1542728574,973103283,"""/world""","""vicon/obstacle18/obstacle18""",,,0.41372338113,0.812201502145,0.773054191099,,-0.0262355146495,-0.0859616327518,-0.470699280329,0.877704097611
1542728575018083313,,2341,,1542728574,989825418,"""/world""","""vicon/obstacle18/obstacle18""",,,0.413725651429,0.812234235071,0.773052431226,,-0.0261813223177,-0.085805705624,-0.470782089911,0.877676559481
1542728575034008731,,2342,,1542728575,6515684,"""/world""","""vicon/obstacle18/obstacle18""",,,0.413722603449,0.812219486069,0.77304993162,,-0.0261173506567,-0.085948325161,-0.470689612226,0.877714109684
1542728575051728088,,2343,,1542728575,23120320,"""/world""","""vicon/obstacle18/obstacle18""",,,0.413721363235,0.81220141681,0.773058431001,,-0.0262585291748,-0.0860047257008,-0.470660936773,0.877719749919
1542728575068666664,,2344,,1542728575,39879167,"""/world""","""vicon/obstacle18/obstacle18""",,,0.413732756621,0.812198578997,0.773068919974,,-0.0262435474452,-0.0858583986004,-0.470710606265,0.877707888057
1542728575086399514,,2345,,1542728575,56537462,"""/world""","""vicon/obstacle18/obstacle18""",,,0.413721648555,0.812198548457,0.773062022678,,-0.0261923394098,-0.0858405715504,-0.470744411415,0.87769303105
1542728575101468312,,2346,,1542728575,73171845,"""/world""","""vicon/obstacle18/obstacle18""",,,0.413719848196,0.81222311113,0.773052270085,,-0.0261772637246,-0.085841328915,-0.470704197766,0.877714973849
1542728575117751069,,2347,,1542728575,89852510,"""/world""","""vicon/obstacle18/obstacle18""",,,0.413721661396,0.812230942264,0.77304741153,,-0.026154129212,-0.0859160769392,-0.4706581262,0.87773305594
1542728575134836612,,2348,,1542728575,106502216,"""/world""","""vicon/obstacle18/obstacle18""",,,0.413716899906,0.812212974855,0.773061943644,,-0.0262350976083,-0.0858781822747,-0.470680626292,0.87772228267
1542728575151176161,,2349,,1542728575,123148449,"""/world""","""vicon/obstacle18/obstacle18""",,,0.41372821771,0.81219476627,0.773062574662,,-0.0263196200767,-0.0858961165053,-0.470698801152,0.877708250709
1542728575168552579,,2350,,1542728575,139855995,"""/world""","""vicon/obstacle18/obstacle18""",,,0.413729341569,0.812204454974,0.773072291692,,-0.0260584893685,-0.0858671916774,-0.470741291038,0.877696084893
1542728575184492356,,2351,,1542728575,156505845,"""/world""","""vicon/obstacle18/obstacle18""",,,0.41371912026,0.812216322138,0.773049482313,,-0.0260669900345,-0.0859620975717,-0.470679364239,0.877719753618
1542728575201207608,,2352,,1542728575,173165005,"""/world""","""vicon/obstacle18/obstacle18""",,,0.413719843744,0.812218851278,0.773048178909,,-0.0261518505928,-0.0858529973668,-0.470734463355,0.877698358529
1542728575220264137,,2353,,1542728575,189879134,"""/world""","""vicon/obstacle18/obstacle18""",,,0.413724332835,0.812219918829,0.773057209298,,-0.0262847873068,-0.0858448043806,-0.470738849121,0.877692836615
1542728575235034143,,2354,,1542728575,206502032,"""/world""","""vicon/obstacle18/obstacle18""",,,0.413723075564,0.812203605282,0.773060390142,,-0.0262627394419,-0.085896352505,-0.470673022223,0.877723755686
1542728575251230870,,2355,,1542728575,223119584,"""/world""","""vicon/obstacle18/obstacle18""",,,0.413728759545,0.812200818173,0.773068732485,,-0.0262096105338,-0.0858381827303,-0.470722714264,0.877704385871
1542728575267844977,,2356,,1542728575,239795675,"""/world""","""vicon/obstacle18/obstacle18""",,,0.413726822758,0.812209867851,0.773056598366,,-0.0261515768586,-0.0859114367214,-0.470728331751,0.877695936959
1542728575283965715,,2357,,1542728575,256514482,"""/world""","""vicon/obstacle18/obstacle18""",,,0.413716926668,0.812222717967,0.773042613876,,-0.0262012136602,-0.0859055663941,-0.470713864903,0.877702789931
1542728575300539288,,2358,,1542728575,273170875,"""/world""","""vicon/obstacle18/obstacle18""",,,0.413715456595,0.812213752355,0.773058396027,,-0.0262038721953,-0.0858583904639,-0.470669519879,0.877731107416
1542728575318661223,,2359,,1542728575,289868779,"""/world""","""vicon/obstacle18/obstacle18""",,,0.413728971602,0.812207332804,0.773062738852,,-0.0261938206295,-0.0859006292305,-0.470693217007,0.877714566999
1542728575334160126,,2360,,1542728575,306579660,"""/world""","""vicon/obstacle18/obstacle18""",,,0.413727060664,0.812215685667,0.773074333458,,-0.0261376205918,-0.0859036445597,-0.470729281071,0.877696606228
1542728575350623951,,2361,,1542728575,323093712,"""/world""","""vicon/obstacle18/obstacle18""",,,0.413721445788,0.812204232543,0.773056259053,,-0.0262539122517,-0.0858198317362,-0.470765436359,0.877681942677
1542728575367943749,,2362,,1542728575,339843424,"""/world""","""vicon/obstacle18/obstacle18""",,,0.413719740117,0.812216092627,0.773041577404,,-0.0262157627964,-0.0858941031696,-0.470695748359,0.877713193075
1542728575385529618,,2363,,1542728575,356492299,"""/world""","""vicon/obstacle18/obstacle18""",,,0.413714066624,0.812225601509,0.773058360233,,-0.0261261182421,-0.0859463221651,-0.470629503202,0.877746276761
1542728575401433082,,2364,,1542728575,373166491,"""/world""","""vicon/obstacle18/obstacle18""",,,0.413719923456,0.812214013769,0.773067505465,,-0.0261746849622,-0.0858503228326,-0.47071789396,0.877706825906
1542728575418148150,,2365,,1542728575,389783364,"""/world""","""vicon/obstacle18/obstacle18""",,,0.41373112767,0.812214770488,0.77307069706,,-0.0261529949943,-0.0857468104377,-0.470771572028,0.877688801525
1542728575435876469,,2366,,1542728575,406514225,"""/world""","""vicon/obstacle18/obstacle18""",,,0.413730066186,0.812212198011,0.773053829612,,-0.0262178262666,-0.0858549283162,-0.47074484309,0.87769063432
1542728575453088915,,2367,,1542728575,423135072,"""/world""","""vicon/obstacle18/obstacle18""",,,0.413714410534,0.812206252635,0.773040942319,,-0.0262442926272,-0.0858817087493,-0.470649350059,0.877738433986
1542728575467302413,,2368,,1542728575,439886970,"""/world""","""vicon/obstacle18/obstacle18""",,,0.41372187214,0.812220115666,0.773047599695,,-0.0262203557376,-0.0859598954024,-0.470693208042,0.877707977194
1542728575485828244,,2369,,1542728575,456534165,"""/world""","""vicon/obstacle18/obstacle18""",,,0.413715475748,0.812222599304,0.773073189223,,-0.0262420784222,-0.0857980657591,-0.470711393358,0.877713409602
1542728575503309056,,2370,,1542728575,473147820,"""/world""","""vicon/obstacle18/obstacle18""",,,0.413719475233,0.812217704278,0.773075614415,,-0.0261207774032,-0.0858634660431,-0.47066746608,0.877734189012
1542728575519912629,,2371,,1542728575,489840499,"""/world""","""vicon/obstacle18/obstacle18""",,,0.413730821693,0.812216047329,0.773061064426,,-0.0261721630177,-0.0859013839952,-0.470721490031,0.877699976606
1542728575536286786,,2372,,1542728575,506436137,"""/world""","""vicon/obstacle18/obstacle18""",,,0.413720167517,0.812216561775,0.773042711442,,-0.0262628431889,-0.08582991915,-0.470733563977,0.877697783859
1542728575553151687,,2373,,1542728575,523252516,"""/world""","""vicon/obstacle18/obstacle18""",,,0.413713617767,0.812202273705,0.773043117203,,-0.0262999197684,-0.0859740691099,-0.470699347432,0.877700916023
1542728575570073970,,2374,,1542728575,539843013,"""/world""","""vicon/obstacle18/obstacle18""",,,0.413723891478,0.81222310866,0.773076477414,,-0.0262610218062,-0.0857500035995,-0.470766709909,0.877687871887
1542728575588724430,,2375,,1542728575,556521677,"""/world""","""vicon/obstacle18/obstacle18""",,,0.413721841894,0.812220558458,0.773081994817,,-0.0260645907352,-0.0857161681542,-0.470806479484,0.877675700075
1542728575603881838,,2376,,1542728575,573164347,"""/world""","""vicon/obstacle18/obstacle18""",,,0.41372129865,0.812220272851,0.773066944956,,-0.0261470980542,-0.0857926730297,-0.470752464902,0.877694743807
1542728575618935686,,2377,,1542728575,589901881,"""/world""","""vicon/obstacle18/obstacle18""",,,0.413722768047,0.812215583969,0.773048489095,,-0.0262703525121,-0.0858085667925,-0.47076230598,0.877684231208
1542728575634512591,,2378,,1542728575,606535857,"""/world""","""vicon/obstacle18/obstacle18""",,,0.413720429612,0.812207297219,0.773046000742,,-0.0262306569596,-0.0858606560744,-0.470708464912,0.877709200951
1542728575653372644,,2379,,1542728575,623182589,"""/world""","""vicon/obstacle18/obstacle18""",,,0.413710804919,0.812214378389,0.773069319338,,-0.0261966204171,-0.0858802546687,-0.470636630718,0.877746820424
1542728575670324873,,2380,,1542728575,639886808,"""/world""","""vicon/obstacle18/obstacle18""",,,0.41372330871,0.812222322099,0.77308470405,,-0.0260974786478,-0.0857734752363,-0.47078931127,0.877678333416
1542728575686447775,,2381,,1542728575,656531124,"""/world""","""vicon/obstacle18/obstacle18""",,,0.413723815831,0.812228768839,0.773074259168,,-0.0260099799433,-0.0857561074905,-0.47080386505,0.877674821118
1542728575702980149,,2382,,1542728575,673165022,"""/world""","""vicon/obstacle18/obstacle18""",,,0.413717861497,0.81221397926,0.773046031652,,-0.0261698879454,-0.085940303578,-0.470662428909,0.877727907269
1542728575720196445,,2383,,1542728575,689885506,"""/world""","""vicon/obstacle18/obstacle18""",,,0.413723639071,0.812202531934,0.773041064118,,-0.0262308496324,-0.085961422839,-0.470713294131,0.877696742069
1542728575736129374,,2384,,1542728575,706518313,"""/world""","""vicon/obstacle18/obstacle18""",,,0.413716249736,0.81221399938,0.77306401517,,-0.0261553563079,-0.0858804912006,-0.470722172831,0.877702155958
1542728575753232292,,2385,,1542728575,723153254,"""/world""","""vicon/obstacle18/obstacle18""",,,0.413719832757,0.812219179674,0.773079549283,,-0.026113789026,-0.0858290865909,-0.47071354067,0.877713051371
1542728575769130527,,2386,,1542728575,739855866,"""/world""","""vicon/obstacle18/obstacle18""",,,0.4137160763,0.81222850805,0.773077035989,,-0.0260940135278,-0.0858148921109,-0.470791168871,0.877673391452
1542728575786057181,,2387,,1542728575,756560745,"""/world""","""vicon/obstacle18/obstacle18""",,,0.413725059164,0.812218347677,0.773045559653,,-0.0262156752106,-0.0858795393256,-0.470766197845,0.877676836919
1542728575803055409,,2388,,1542728575,773178339,"""/world""","""vicon/obstacle18/obstacle18""",,,0.413720582943,0.812211037533,0.773046548091,,-0.0261967727663,-0.0858950780922,-0.470689812025,0.877716848142
1542728575820254685,,2389,,1542728575,789849570,"""/world""","""vicon/obstacle18/obstacle18""",,,0.41372372759,0.812200635677,0.773053712023,,-0.0262612815512,-0.085872497666,-0.470726936069,0.877697220512
1542728575836278786,,2390,,1542728575,806544520,"""/world""","""vicon/obstacle18/obstacle18""",,,0.413724969033,0.812223341838,0.773075266967,,-0.0261562457034,-0.0857787530984,-0.470789139748,0.877676160222
1542728575852863998,,2391,,1542728575,823142387,"""/world""","""vicon/obstacle18/obstacle18""",,,0.413714355823,0.812229797719,0.773084055598,,-0.0260496218848,-0.0857195851007,-0.470779978334,0.877690026108
1542728575869386649,,2392,,1542728575,839835119,"""/world""","""vicon/obstacle18/obstacle18""",,,0.413718931201,0.812213230956,0.77304667244,,-0.026209289987,-0.0858472708733,-0.470753355029,0.877687072897
1542728575886753872,,2393,,1542728575,856504969,"""/world""","""vicon/obstacle18/obstacle18""",,,0.413723396094,0.812215989079,0.773039555032,,-0.0261760712199,-0.0858219823685,-0.470775543141,0.8776786363
1542728575903280312,,2394,,1542728575,873131435,"""/world""","""vicon/obstacle18/obstacle18""",,,0.413719175791,0.812214612024,0.773053517778,,-0.0261964726536,-0.0859326709724,-0.470704395309,0.877705356664
1542728575919746829,,2395,,1542728575,889849659,"""/world""","""vicon/obstacle18/obstacle18""",,,0.413729990211,0.812210199731,0.773074969529,,-0.0262827491439,-0.0858445989588,-0.470794133086,0.877663264686
1542728575936104122,,2396,,1542728575,906561602,"""/world""","""vicon/obstacle18/obstacle18""",,,0.413724615468,0.812228605494,0.773089043872,,-0.0260268534762,-0.0857015846104,-0.470832188645,0.877664452641
1542728575952824726,,2397,,1542728575,923254016,"""/world""","""vicon/obstacle18/obstacle18""",,,0.413719550346,0.812213989944,0.773068336308,,-0.0261430858697,-0.0858229062882,-0.470734377918,0.877701608329
1542728575970804793,,2398,,1542728575,939839581,"""/world""","""vicon/obstacle18/obstacle18""",,,0.413716791756,0.812215166007,0.773033517282,,-0.0261942273311,-0.0859304932066,-0.470688745829,0.877714029364
1542728575987547785,,2399,,1542728575,956524364,"""/world""","""vicon/obstacle18/obstacle18""",,,0.413725243786,0.812225504,0.773048259576,,-0.0262474234038,-0.0858870340156,-0.470723873972,0.877697854974
1542728576002198207,,2400,,1542728575,973186824,"""/world""","""vicon/obstacle18/obstacle18""",,,0.413725061635,0.812217805755,0.773075884719,,-0.0261163968593,-0.0858678524243,-0.470730538189,0.877700066168
1542728576021523086,,2401,,1542728575,989911819,"""/world""","""vicon/obstacle18/obstacle18""",,,0.413727815328,0.812210195017,0.773092140813,,-0.0260757614925,-0.0857807573514,-0.470747473524,0.877700707817
1542728576032254135,,2402,,1542728576,6426696,"""/world""","""vicon/obstacle18/obstacle18""",,,0.413724061538,0.81221014586,0.7730632027,,-0.0262196544699,-0.0858326003431,-0.470745891698,0.877692201109
1542728576049049239,,2403,,1542728576,24099603,"""/world""","""vicon/obstacle18/obstacle18""",,,0.413711210523,0.812222684025,0.773044467576,,-0.0262014714371,-0.0858324791993,-0.470682274792,0.877726873581
1542728576069388416,,2404,,1542728576,39738784,"""/world""","""vicon/obstacle18/obstacle18""",,,0.413723628027,0.812227688137,0.773033278255,,-0.0262500741566,-0.0859365212031,-0.470675341739,0.877718958784
1542728576083433168,,2405,,1542728576,56453280,"""/world""","""vicon/obstacle18/obstacle18""",,,0.413732879914,0.8122308968,0.773077119059,,-0.0262020392684,-0.0857982812391,-0.470815199092,0.877658906625
1542728576102321901,,2406,,1542728576,73196114,"""/world""","""vicon/obstacle18/obstacle18""",,,0.413729225794,0.812201606512,0.773085386659,,-0.0261094878925,-0.0859555730719,-0.470667158302,0.877725674796
1542728576120558559,,2407,,1542728576,89877642,"""/world""","""vicon/obstacle18/obstacle18""",,,0.413721480015,0.812192731333,0.773064735147,,-0.0261606925654,-0.0858549393605,-0.470724418332,0.877703292427
1542728576139473362,,2408,,1542728576,106513637,"""/world""","""vicon/obstacle18/obstacle18""",,,0.413718568928,0.812224030508,0.773048447266,,-0.0261689239508,-0.0858027490847,-0.47072723709,0.877706638878
1542728576153507581,,2409,,1542728576,123166876,"""/world""","""vicon/obstacle18/obstacle18""",,,0.413713432807,0.812236467579,0.773039817432,,-0.0261987455153,-0.0859205849312,-0.470699720655,0.877708978987
1542728576169465061,,2410,,1542728576,139920067,"""/world""","""vicon/obstacle18/obstacle18""",,,0.413725871047,0.812223697144,0.773065261026,,-0.0261829629584,-0.0858283003021,-0.470744530677,0.877694446921
1542728576186868606,,2411,,1542728576,156532400,"""/world""","""vicon/obstacle18/obstacle18""",,,0.4137358617,0.81220342569,0.773094575555,,-0.0260957161978,-0.0857750700103,-0.470824847092,0.877659167514
1542728576202852770,,2412,,1542728576,173211479,"""/world""","""vicon/obstacle18/obstacle18""",,,0.413725439574,0.812192048172,0.773075088573,,-0.0261604331743,-0.0859168652435,-0.470783258039,0.877665681198
1542728576219665540,,2413,,1542728576,189809788,"""/world""","""vicon/obstacle18/obstacle18""",,,0.413714066242,0.812205531978,0.773039324288,,-0.0263132282861,-0.0858763979538,-0.470719132246,0.8776994684
1542728576234819828,,2414,,1542728576,206535711,"""/world""","""vicon/obstacle18/obstacle18""",,,0.413719660612,0.812244944145,0.77304196555,,-0.0261526752079,-0.0858384623255,-0.470738157098,0.877697774531
1542728576251218194,,2415,,1542728576,223163007,"""/world""","""vicon/obstacle18/obstacle18""",,,0.413723222856,0.812244576905,0.773064128965,,-0.0261344202324,-0.0859232570073,-0.470723623168,0.877697816208
1542728576269582715,,2416,,1542728576,239878767,"""/world""","""vicon/obstacle18/obstacle18""",,,0.413732028568,0.812203997297,0.77308721006,,-0.0261096124385,-0.0858788633472,-0.470756660567,0.877685180176
1542728576286358792,,2417,,1542728576,256520480,"""/world""","""vicon/obstacle18/obstacle18""",,,0.413726398088,0.812188637017,0.773074508659,,-0.0261697608971,-0.085863119915,-0.470703675027,0.877713346469
1542728576304087986,,2418,,1542728576,273206032,"""/world""","""vicon/obstacle18/obstacle18""",,,0.413718480601,0.812204656141,0.773039293082,,-0.0263317335467,-0.0858583300168,-0.470746186933,0.877686170828
1542728576320396306,,2419,,1542728576,289882590,"""/world""","""vicon/obstacle18/obstacle18""",,,0.413713409482,0.81223090769,0.773042782677,,-0.0262202665649,-0.0858717525216,-0.470664602618,0.877731947454
1542728576335741824,,2420,,1542728576,306512797,"""/world""","""vicon/obstacle18/obstacle18""",,,0.413725478239,0.812242382869,0.773067844384,,-0.026049258816,-0.0857833396593,-0.470783681096,0.877681821827
1542728576352636128,,2421,,1542728576,323185970,"""/world""","""vicon/obstacle18/obstacle18""",,,0.413727182772,0.812211940599,0.773087071851,,-0.0261040107737,-0.0858130599728,-0.470725306512,0.877708599233
1542728576367816791,,2422,,1542728576,339860840,"""/world""","""vicon/obstacle18/obstacle18""",,,0.41372434656,0.812183888727,0.773076658215,,-0.0262411560525,-0.0859516783977,-0.47068729036,0.877711333756
1542728576385038037,,2423,,1542728576,356521190,"""/world""","""vicon/obstacle18/obstacle18""",,,0.413726491625,0.812205068613,0.77304797278,,-0.0262048493322,-0.085884248525,-0.470699741576,0.877712341833
1542728576402188337,,2424,,1542728576,373155990,"""/world""","""vicon/obstacle18/obstacle18""",,,0.413717940103,0.812238575348,0.773053372523,,-0.0260958541342,-0.085776300916,-0.470746667321,0.877700978582
1542728576421231212,,2425,,1542728576,389840931,"""/world""","""vicon/obstacle18/obstacle18""",,,0.413721398669,0.812226486189,0.773051554165,,-0.0262357448961,-0.0858553078488,-0.470708837135,0.877709372428
1542728576435054680,,2426,,1542728576,406501571,"""/world""","""vicon/obstacle18/obstacle18""",,,0.413730233647,0.812224026461,0.773080529251,,-0.0260088638762,-0.0858160682596,-0.470744195872,0.877700998906
1542728576452645423,,2427,,1542728576,423158388,"""/world""","""vicon/obstacle18/obstacle18""",,,0.413727456078,0.812209411424,0.773078803184,,-0.026190982671,-0.0858657263544,-0.470735958213,0.877695144745
1542728576469352821,,2428,,1542728576,439853367,"""/world""","""vicon/obstacle18/obstacle18""",,,0.413723073972,0.812202847989,0.773052804938,,-0.0263030447632,-0.0859309397915,-0.470730998474,0.877688071298
1542728576485818471,,2429,,1542728576,456543185,"""/world""","""vicon/obstacle18/obstacle18""",,,0.413726315407,0.812224976232,0.773047085947,,-0.0261108214059,-0.0859351948564,-0.470731437647,0.877693158741
1542728576502083602,,2430,,1542728576,473208424,"""/world""","""vicon/obstacle18/obstacle18""",,,0.413721748731,0.812221896477,0.773059846887,,-0.0261579854293,-0.0858067818229,-0.470776502653,0.877680147059
1542728576518389657,,2431,,1542728576,489899753,"""/world""","""vicon/obstacle18/obstacle18""",,,0.413724668309,0.812214429877,0.773076134045,,-0.026150557893,-0.0858240634289,-0.470740627529,0.877697920729
1542728576535076375,,2432,,1542728576,506491446,"""/world""","""vicon/obstacle18/obstacle18""",,,0.413729612058,0.812218368605,0.773074479874,,-0.0262081119385,-0.0857964982846,-0.470809275555,0.877662077227
1542728576553155818,,2433,,1542728576,523240266,"""/world""","""vicon/obstacle18/obstacle18""",,,0.413723102483,0.812215191778,0.773052366953,,-0.0261470116283,-0.0858879831694,-0.470747666934,0.877687998212
1542728576568888908,,2434,,1542728576,539887965,"""/world""","""vicon/obstacle18/obstacle18""",,,0.41372266392,0.812214832072,0.773037415852,,-0.0262899695536,-0.0859203148161,-0.470683085371,0.877715198768
1542728576586095013,,2435,,1542728576,556579871,"""/world""","""vicon/obstacle18/obstacle18""",,,0.413730001973,0.812213530561,0.77305775625,,-0.0262619052169,-0.0858510581626,-0.470731294154,0.877696961856
1542728576600533188,,2436,,1542728576,573120160,"""/world""","""vicon/obstacle18/obstacle18""",,,0.413728872605,0.812209010921,0.773081802743,,-0.0261407562381,-0.0856811701937,-0.470838375416,0.877659741684
1542728576618553933,,2437,,1542728576,589891819,"""/world""","""vicon/obstacle18/obstacle18""",,,0.413722662734,0.812210562525,0.77307341922,,-0.0261244574133,-0.0858229966788,-0.470743740723,0.877697132578
1542728576635490248,,2438,,1542728576,606453745,"""/world""","""vicon/obstacle18/obstacle18""",,,0.413724898622,0.812235816832,0.773059005523,,-0.0260551028126,-0.0858127359297,-0.470761171871,0.877690848208
1542728576651143694,,2439,,1542728576,623184967,"""/world""","""vicon/obstacle18/obstacle18""",,,0.41372323215,0.812218851947,0.773043751697,,-0.02612197339,-0.0859313615886,-0.470680808842,0.877720353979
1542728576665666837,,2440,,1542728576,640190615,"""/world""","""vicon/obstacle18/obstacle18""",,,0.413725787756,0.812205041787,0.773052349997,,-0.0261538461115,-0.085965036458,-0.470673503686,0.877720024705
1542728576682292425,,2441,,1542728576,656490416,"""/world""","""vicon/obstacle18/obstacle18""",,,0.413729733002,0.812207012403,0.773085665265,,-0.0261983546303,-0.0857592049879,-0.470739568428,0.87770340303
1542728576703199453,,2442,,1542728576,673204519,"""/world""","""vicon/obstacle18/obstacle18""",,,0.413728044511,0.812212677657,0.773073729847,,-0.0262102481831,-0.0858056440193,-0.470751687848,0.87769200904
1542728576720988817,,2443,,1542728576,689850602,"""/world""","""vicon/obstacle18/obstacle18""",,,0.413718230576,0.812228310575,0.773058308104,,-0.0261824556025,-0.0858443088017,-0.470741016783,0.877694781107
1542728576737307250,,2444,,1542728576,706458090,"""/world""","""vicon/obstacle18/obstacle18""",,,0.413723351166,0.812231189984,0.77303988788,,-0.02622679951,-0.0858158864412,-0.470761233836,0.877685393144
1542728576751942192,,2445,,1542728576,723183149,"""/world""","""vicon/obstacle18/obstacle18""",,,0.41372674054,0.812207440344,0.773054445824,,-0.0262163396582,-0.0858936769615,-0.47071334671,0.87770377977
1542728576767720436,,2446,,1542728576,739824269,"""/world""","""vicon/obstacle18/obstacle18""",,,0.413726511142,0.812202402873,0.773078990048,,-0.0261145960662,-0.0858273076762,-0.4707362137,0.877701041495
1542728576784301215,,2447,,1542728576,756554651,"""/world""","""vicon/obstacle18/obstacle18""",,,0.413730540518,0.812208631004,0.773083362871,,-0.0261554015294,-0.0858662820273,-0.470755486134,0.877685677709
1542728576801267853,,2448,,1542728576,773163314,"""/world""","""vicon/obstacle18/obstacle18""",,,0.413723573934,0.812224325846,0.773056240563,,-0.0262135668434,-0.0858749670709,-0.470702993149,0.877711245903
1542728576819144141,,2449,,1542728576,789879034,"""/world""","""vicon/obstacle18/obstacle18""",,,0.41372470463,0.812233053755,0.773044866751,,-0.0261824615664,-0.0858059604286,-0.470772311386,0.877681745676
1542728576834728659,,2450,,1542728576,806580278,"""/world""","""vicon/obstacle18/obstacle18""",,,0.413722238275,0.812221163238,0.77304012722,,-0.0262522411601,-0.0858758722755,-0.470711646014,0.877705360985
1542728576852015078,,2451,,1542728576,823173720,"""/world""","""vicon/obstacle18/obstacle18""",,,0.413727455689,0.812212099525,0.773072610166,,-0.026222449189,-0.0858729371973,-0.470733463598,0.877694837666
1542728576868699371,,2452,,1542728576,839924650,"""/world""","""vicon/obstacle18/obstacle18""",,,0.413727018012,0.812205828905,0.773081629318,,-0.0262039551543,-0.0858321355998,-0.470710186257,0.8777118649
1542728576885875254,,2453,,1542728576,856534096,"""/world""","""vicon/obstacle18/obstacle18""",,,0.413724924219,0.812209676239,0.773066139355,,-0.0262097169345,-0.0859551075543,-0.470712014383,0.877698678214
1542728576901425892,,2454,,1542728576,873181335,"""/world""","""vicon/obstacle18/obstacle18""",,,0.413724474103,0.812226210436,0.773043579971,,-0.0261367730202,-0.0858356845944,-0.470723659518,0.877706295247
1542728576918011559,,2455,,1542728576,889804745,"""/world""","""vicon/obstacle18/obstacle18""",,,0.413718809315,0.812223001114,0.773040979618,,-0.0262258192301,-0.0858425443839,-0.470711553175,0.877709460862
1542728576935959852,,2456,,1542728576,906546292,"""/world""","""vicon/obstacle18/obstacle18""",,,0.413721823926,0.812214391058,0.77305814049,,-0.0261506338122,-0.0858742820192,-0.47071278009,0.877707941572
1542728576951598276,,2457,,1542728576,923164804,"""/world""","""vicon/obstacle18/obstacle18""",,,0.413728359763,0.812210040597,0.773084447773,,-0.0261727027675,-0.0857790487307,-0.470771310908,0.877685203962
1542728576968262318,,2458,,1542728576,939844351,"""/world""","""vicon/obstacle18/obstacle18""",,,0.413726919024,0.812197522663,0.773077874167,,-0.026220625787,-0.0858715812177,-0.470666193923,0.877731100178
1542728576984860453,,2459,,1542728576,956510381,"""/world""","""vicon/obstacle18/obstacle18""",,,0.413724160476,0.812209090403,0.773042972039,,-0.0262171436529,-0.0858719096442,-0.470699835927,0.877713131365
1542728577001547543,,2460,,1542728576,973198138,"""/world""","""vicon/obstacle18/obstacle18""",,,0.413724763712,0.812228110798,0.773036328008,,-0.0261590599148,-0.0858252456801,-0.470751464559,0.877691739396
1542728577018359350,,2461,,1542728576,989858199,"""/world""","""vicon/obstacle18/obstacle18""",,,0.413724655588,0.812232183412,0.773060620304,,-0.0260933760314,-0.0857818459758,-0.470806747671,0.877668284135
1542728577034360252,,2462,,1542728577,6430696,"""/world""","""vicon/obstacle18/obstacle18""",,,0.413728244408,0.812213326957,0.773085858942,,-0.0260408801917,-0.0858434660062,-0.470741495658,0.877698818598
1542728577052558332,,2463,,1542728577,23175785,"""/world""","""vicon/obstacle18/obstacle18""",,,0.41372490911,0.812196086471,0.773078352492,,-0.0262058233754,-0.0858782811202,-0.470694050499,0.877715948629
1542728577066996157,,2464,,1542728577,39796319,"""/world""","""vicon/obstacle18/obstacle18""",,,0.413722236772,0.812206218185,0.77306071296,,-0.0261630267889,-0.0859122543752,-0.470670398678,0.877726584072
1542728577084865660,,2465,,1542728577,56469988,"""/world""","""vicon/obstacle18/obstacle18""",,,0.413724058162,0.812230829791,0.773038904941,,-0.0261353155137,-0.0858521395807,-0.47076196393,0.877684185074
1542728577101104124,,2466,,1542728577,73160286,"""/world""","""vicon/obstacle18/obstacle18""",,,0.413724726111,0.812236803364,0.773052679198,,-0.0261734121762,-0.0857827185465,-0.470781807455,0.877679193933
1542728577115844627,,2467,,1542728577,90168767,"""/world""","""vicon/obstacle18/obstacle18""",,,0.41372939288,0.812214625761,0.773075314727,,-0.0261272476578,-0.0858747122929,-0.47072976894,0.877699484649
1542728577132215580,,2468,,1542728577,106449462,"""/world""","""vicon/obstacle18/obstacle18""",,,0.413725261712,0.812190252553,0.773079163863,,-0.0262653246129,-0.0859273604648,-0.470695303269,0.8777086948
1542728577152023813,,2469,,1542728577,123247334,"""/world""","""vicon/obstacle18/obstacle18""",,,0.413723371583,0.812192197035,0.773058267312,,-0.0261851447133,-0.0859140210228,-0.470657009252,0.877732931381
1542728577167737813,,2470,,1542728577,139827525,"""/world""","""vicon/obstacle18/obstacle18""",,,0.413722898379,0.812225676802,0.773039416974,,-0.0261666245868,-0.085802539036,-0.470784387075,0.877676075178
1542728577185405820,,2471,,1542728577,156530639,"""/world""","""vicon/obstacle18/obstacle18""",,,0.413722840291,0.812240776136,0.773050221162,,-0.0261622007954,-0.085762732765,-0.470782411302,0.877681157441
1542728577200531917,,2472,,1542728577,173198338,"""/world""","""vicon/obstacle18/obstacle18""",,,0.413725588089,0.812215233217,0.773072344094,,-0.0261746456448,-0.0857784978605,-0.47076020293,0.87769115785
1542728577220355090,,2473,,1542728577,189875571,"""/world""","""vicon/obstacle18/obstacle18""",,,0.41372206047,0.812196804223,0.773080061086,,-0.0261419931353,-0.0859120998905,-0.470671427331,0.877726674302
1542728577234836533,,2474,,1542728577,206509673,"""/world""","""vicon/obstacle18/obstacle18""",,,0.413717889272,0.812198453958,0.773067108427,,-0.0262210457929,-0.0858701658814,-0.470685220092,0.877721023422
1542728577254199454,,2475,,1542728577,223179221,"""/world""","""vicon/obstacle18/obstacle18""",,,0.413725993825,0.812227579818,0.7730467143,,-0.0261211741949,-0.0857654246589,-0.470758971354,0.87769468899
1542728577267783994,,2476,,1542728577,239778961,"""/world""","""vicon/obstacle18/obstacle18""",,,0.413721316159,0.812238635939,0.773042906387,,-0.0262143599395,-0.0859172872157,-0.470722068247,0.877696850602
1542728577283380385,,2477,,1542728577,256464236,"""/world""","""vicon/obstacle18/obstacle18""",,,0.413726762058,0.812212954941,0.773063043029,,-0.0261632766465,-0.0858241316007,-0.470725437739,0.877705681681
1542728577300640433,,2478,,1542728577,273176887,"""/world""","""vicon/obstacle18/obstacle18""",,,0.413726004975,0.812198105936,0.773079227269,,-0.0261634409453,-0.0858954356608,-0.470694102089,0.877715506727
1542728577319442654,,2479,,1542728577,289833532,"""/world""","""vicon/obstacle18/obstacle18""",,,0.413725078222,0.81220098805,0.773059313948,,-0.0262056864474,-0.0859510565168,-0.470704795559,0.877703066714
1542728577338313574,,2480,,1542728577,306533305,"""/world""","""vicon/obstacle18/obstacle18""",,,0.413723177275,0.812227262983,0.773048646562,,-0.0261603668139,-0.0858416719918,-0.470750414952,0.877690656997
1542728577352182138,,2481,,1542728577,323244153,"""/world""","""vicon/obstacle18/obstacle18""",,,0.413727833926,0.812233015322,0.773053140238,,-0.0261291521587,-0.0858129026591,-0.470728030535,0.87770640559
1542728577368989445,,2482,,1542728577,339863379,"""/world""","""vicon/obstacle18/obstacle18""",,,0.413729072583,0.812215171818,0.773069014682,,-0.0261072125604,-0.0858706524597,-0.470667334286,0.877733960227
1542728577386255595,,2483,,1542728577,356504023,"""/world""","""vicon/obstacle18/obstacle18""",,,0.413722283414,0.812184450108,0.77306762607,,-0.0262449425245,-0.0858927971007,-0.470722612324,0.877698041837
1542728577403185373,,2484,,1542728577,373213468,"""/world""","""vicon/obstacle18/obstacle18""",,,0.413727567847,0.812206343402,0.773054461343,,-0.0261432498729,-0.0859319173771,-0.470706605365,0.877705832115
1542728577420819906,,2485,,1542728577,389849913,"""/world""","""vicon/obstacle18/obstacle18""",,,0.413720567996,0.81224105719,0.77305954142,,-0.0260531011382,-0.0857971657561,-0.470750208473,0.877698310066
1542728577436685359,,2486,,1542728577,406530284,"""/world""","""vicon/obstacle18/obstacle18""",,,0.41372357398,0.812222822345,0.773051703087,,-0.0261554429876,-0.0858636713172,-0.470731242621,0.877698934698
1542728577454007923,,2487,,1542728577,423198756,"""/world""","""vicon/obstacle18/obstacle18""",,,0.413726686604,0.812205192434,0.773070499363,,-0.0262432719488,-0.0858791496928,-0.470684753268,0.877719730533
1542728577470471125,,2488,,1542728577,439875306,"""/world""","""vicon/obstacle18/obstacle18""",,,0.413732405758,0.812189969061,0.773067805088,,-0.0261795724287,-0.0858847127678,-0.47070661264,0.877709365859
1542728577487054023,,2489,,1542728577,456532109,"""/world""","""vicon/obstacle18/obstacle18""",,,0.413725513187,0.812201911177,0.77304645438,,-0.0262088386705,-0.0859179833404,-0.47068613659,0.877716217086
1542728577501270298,,2490,,1542728577,473260666,"""/world""","""vicon/obstacle18/obstacle18""",,,0.413717588284,0.812238983799,0.773046488786,,-0.0261499900363,-0.0858308767736,-0.470762790175,0.877685384406
1542728577519178142,,2491,,1542728577,489833172,"""/world""","""vicon/obstacle18/obstacle18""",,,0.413722269811,0.812234925721,0.773052241332,,-0.0261150630369,-0.0858524479498,-0.470699431799,0.877718295108
1542728577537428011,,2492,,1542728577,506511393,"""/world""","""vicon/obstacle18/obstacle18""",,,0.413722490551,0.81220201319,0.773068263333,,-0.0261925247774,-0.0858724046004,-0.470703449751,0.877711879928
1542728577553872593,,2493,,1542728577,523157498,"""/world""","""vicon/obstacle18/obstacle18""",,,0.413735829316,0.812183639437,0.7730634277,,-0.0262276443464,-0.0859484083983,-0.470675752354,0.877718245175
1542728577568143697,,2494,,1542728577,539916242,"""/world""","""vicon/obstacle18/obstacle18""",,,0.413722801366,0.812209536596,0.773059260436,,-0.0261910767624,-0.0859128602602,-0.470687252674,0.877716650241
1542728577585452919,,2495,,1542728577,556498837,"""/world""","""vicon/obstacle18/obstacle18""",,,0.413722251989,0.812229071101,0.773032880822,,-0.0261694084366,-0.085920868701,-0.470712202577,0.877703132459
1542728577601694422,,2496,,1542728577,573124615,"""/world""","""vicon/obstacle18/obstacle18""",,,0.41372061847,0.812237763689,0.773052233143,,-0.0261691743589,-0.0858173874842,-0.470776599175,0.877678724812
1542728577616676138,,2497,,1542728577,589857023,"""/world""","""vicon/obstacle18/obstacle18""",,,0.413720707679,0.812207960217,0.773071024402,,-0.0261730512916,-0.0859434571169,-0.470689207822,0.877713144031
1542728577634715387,,2498,,1542728577,606545195,"""/world""","""vicon/obstacle18/obstacle18""",,,0.413727613092,0.812178590094,0.773061867588,,-0.0263486627142,-0.0858914550213,-0.470684184105,0.877715674214
1542728577651395237,,2499,,1542728577,623215924,"""/world""","""vicon/obstacle18/obstacle18""",,,0.413727514747,0.812209914162,0.773062811716,,-0.0262262149541,-0.0858185773896,-0.47074554872,0.877693560295
1542728577669214553,,2500,,1542728577,639840102,"""/world""","""vicon/obstacle18/obstacle18""",,,0.413726438295,0.812226740139,0.77302810157,,-0.0263495166475,-0.0858828101581,-0.470717859613,0.877698434847
1542728577683169805,,2501,,1542728577,656428971,"""/world""","""vicon/obstacle18/obstacle18""",,,0.413722816789,0.812226766543,0.77303670414,,-0.0262113296317,-0.0859316570838,-0.470700907071,0.877706883072
1542728577699778127,,2502,,1542728577,673181289,"""/world""","""vicon/obstacle18/obstacle18""",,,0.413726703923,0.812207789633,0.77306716833,,-0.0261789725427,-0.0859006039839,-0.47067331398,0.877725685587
1542728577720852897,,2503,,1542728577,689842295,"""/world""","""vicon/obstacle18/obstacle18""",,,0.413721537446,0.812184342725,0.773073261787,,-0.0262473657052,-0.0858666692952,-0.470702473579,0.877711326271
1542728577736315393,,2504,,1542728577,706504620,"""/world""","""vicon/obstacle18/obstacle18""",,,0.41372321923,0.812200899766,0.773057073319,,-0.0263526268328,-0.0859007341418,-0.470686584735,0.87771335975
1542728577752677942,,2505,,1542728577,723194235,"""/world""","""vicon/obstacle18/obstacle18""",,,0.413728234356,0.812230014125,0.773046660814,,-0.026157678387,-0.0859191178445,-0.470763630029,0.877676071049
1542728577769946010,,2506,,1542728577,739812254,"""/world""","""vicon/obstacle18/obstacle18""",,,0.413726184314,0.812223207199,0.773035921826,,-0.0261998464447,-0.08597120378,-0.470681996828,0.877713494273
1542728577786337307,,2507,,1542728577,756490020,"""/world""","""vicon/obstacle18/obstacle18""",,,0.413725817901,0.812200989549,0.773058718994,,-0.0262438122337,-0.0858831003827,-0.470662084018,0.877731484029
1542728577802816339,,2508,,1542728577,773190923,"""/world""","""vicon/obstacle18/obstacle18""",,,0.413727031999,0.812191106849,0.773072696495,,-0.0261043673094,-0.0859033416415,-0.470675034201,0.877726717198
1542728577820121019,,2509,,1542728577,789864646,"""/world""","""vicon/obstacle18/obstacle18""",,,0.413720897187,0.81220864456,0.773064044476,,-0.0261682256975,-0.0858924130245,-0.47068142642,0.87772245737
1542728577836185987,,2510,,1542728577,806479242,"""/world""","""vicon/obstacle18/obstacle18""",,,0.413725104356,0.812223229694,0.773036213645,,-0.0262140672386,-0.085961809728,-0.470680313496,0.877714892454
1542728577852990891,,2511,,1542728577,823188790,"""/world""","""vicon/obstacle18/obstacle18""",,,0.413730203872,0.81222258208,0.773035647777,,-0.0263170733499,-0.0858975676457,-0.470703813749,0.877705496875
1542728577870926553,,2512,,1542728577,839829790,"""/world""","""vicon/obstacle18/obstacle18""",,,0.413729820962,0.812195401492,0.77305186497,,-0.0262231033809,-0.0859947310618,-0.470723591906,0.877688187856
1542728577885567951,,2513,,1542728577,856529406,"""/world""","""vicon/obstacle18/obstacle18""",,,0.413724085967,0.812194548373,0.77307892807,,-0.0261786707935,-0.0858622300295,-0.470694479784,0.877718099022
1542728577902539645,,2514,,1542728577,873182947,"""/world""","""vicon/obstacle18/obstacle18""",,,0.413720577113,0.812207553005,0.773063234691,,-0.0261481736124,-0.0859097307,-0.470723868468,0.877698599089
1542728577920877544,,2515,,1542728577,889879466,"""/world""","""vicon/obstacle18/obstacle18""",,,0.413719573802,0.812229166371,0.773043658633,,-0.0262770868974,-0.085886272767,-0.47072562354,0.877696103556
1542728577936391026,,2516,,1542728577,906510835,"""/world""","""vicon/obstacle18/obstacle18""",,,0.413725464546,0.81222408831,0.773043055987,,-0.0261930015848,-0.0858891527622,-0.470700163282,0.877711989432
1542728577953416172,,2517,,1542728577,923201204,"""/world""","""vicon/obstacle18/obstacle18""",,,0.413730287375,0.81219417233,0.773042290249,,-0.0262729051027,-0.0859467547217,-0.470709740226,0.877698826629
1542728577970799352,,2518,,1542728577,939851226,"""/world""","""vicon/obstacle18/obstacle18""",,,0.413730710797,0.812188720111,0.773063577528,,-0.0262266911727,-0.0859267233628,-0.470681443576,0.87771734491
1542728577984149906,,2519,,1542728577,956520644,"""/world""","""vicon/obstacle18/obstacle18""",,,0.413722645352,0.812204352448,0.773069453825,,-0.0261188346059,-0.0858921571146,-0.470695228812,0.877716551854
1542728578004124334,,2520,,1542728577,973167877,"""/world""","""vicon/obstacle18/obstacle18""",,,0.413718367209,0.812222588154,0.773047314213,,-0.0262435469399,-0.0858872202534,-0.470696172377,0.877712808925
1542728578017986491,,2521,,1542728577,989876676,"""/world""","""vicon/obstacle18/obstacle18""",,,0.413718687871,0.812228871497,0.773050684739,,-0.0261472797781,-0.0858348250365,-0.470711726879,0.877712465873
1542728578034642933,,2522,,1542728578,6536540,"""/world""","""vicon/obstacle18/obstacle18""",,,0.413730867229,0.812201579217,0.773047810566,,-0.0262592008285,-0.085880951601,-0.470730392466,0.877694601859
1542728578051111758,,2523,,1542728578,23245500,"""/world""","""vicon/obstacle18/obstacle18""",,,0.413730306099,0.812191689104,0.773059716882,,-0.0262691352966,-0.0858245422216,-0.470719588739,0.877705616514
1542728578068726635,,2524,,1542728578,39880573,"""/world""","""vicon/obstacle18/obstacle18""",,,0.413725140502,0.812196622283,0.773054323202,,-0.0262235856587,-0.0859219334645,-0.470699944551,0.877707985098
1542728578086178441,,2525,,1542728578,56499272,"""/world""","""vicon/obstacle18/obstacle18""",,,0.413723945071,0.812217000692,0.773048417366,,-0.0262050759972,-0.0858764072179,-0.470695074222,0.877715605295
1542728578100955634,,2526,,1542728578,73142982,"""/world""","""vicon/obstacle18/obstacle18""",,,0.413717782277,0.812229679798,0.773050542875,,-0.0261723162339,-0.0858301094247,-0.470738381312,0.877697885687
1542728578120268154,,2527,,1542728578,89895126,"""/world""","""vicon/obstacle18/obstacle18""",,,0.413724850531,0.812214268469,0.773050016613,,-0.0261073783994,-0.0859110856492,-0.470668974862,0.877729118953
1542728578132645986,,2528,,1542728578,106420448,"""/world""","""vicon/obstacle18/obstacle18""",,,0.413732114918,0.812187971935,0.773058525467,,-0.0262028080921,-0.0859461826749,-0.470668087512,0.877723315134
1542728578149002317,,2529,,1542728578,123142872,"""/world""","""vicon/obstacle18/obstacle18""",,,0.413733874725,0.812188369995,0.773047615961,,-0.0263148758636,-0.085967905605,-0.470698576901,0.877701484685
1542728578167279533,,2530,,1542728578,139807497,"""/world""","""vicon/obstacle18/obstacle18""",,,0.413724219411,0.812210873452,0.773050106527,,-0.0262453123455,-0.0859628043321,-0.470680945204,0.877713522554
1542728578184501630,,2531,,1542728578,156453459,"""/world""","""vicon/obstacle18/obstacle18""",,,0.413718190326,0.812224173188,0.773039540234,,-0.0262301052098,-0.0858914590793,-0.470727425472,0.877696034938
1542728578204747716,,2532,,1542728578,173221797,"""/world""","""vicon/obstacle18/obstacle18""",,,0.413720569792,0.812228423611,0.773057191027,,-0.0262042098453,-0.085722997401,-0.470809774572,0.877669108076
1542728578220303697,,2533,,1542728578,189854146,"""/world""","""vicon/obstacle18/obstacle18""",,,0.413731164756,0.812198802418,0.773064015132,,-0.0262112906794,-0.0858882887133,-0.470711615238,0.877705386439
1542728578235340796,,2534,,1542728578,206490150,"""/world""","""vicon/obstacle18/obstacle18""",,,0.413729362037,0.812183867083,0.773057781977,,-0.0262767110736,-0.0859357845886,-0.470671445759,0.87772032307
1542728578251159973,,2535,,1542728578,223155158,"""/world""","""vicon/obstacle18/obstacle18""",,,0.413727220977,0.812202234889,0.773037276638,,-0.0262442835589,-0.0859154400502,-0.470678534865,0.877719483411
1542728578267440801,,2536,,1542728578,239849157,"""/world""","""vicon/obstacle18/obstacle18""",,,0.413716956655,0.812231405832,0.773044708419,,-0.0261978181583,-0.085800256758,-0.470752831139,0.877692293597
1542728578283564891,,2537,,1542728578,256447653,"""/world""","""vicon/obstacle18/obstacle18""",,,0.413716413935,0.812233540238,0.773053037801,,-0.0261002842198,-0.0858137320215,-0.470770707509,0.877684293759
1542728578300807701,,2538,,1542728578,273166318,"""/world""","""vicon/obstacle18/obstacle18""",,,0.413732129029,0.812210166079,0.773064744993,,-0.0261654989548,-0.0858875146309,-0.470680964589,0.877723265653
1542728578318205064,,2539,,1542728578,289810319,"""/world""","""vicon/obstacle18/obstacle18""",,,0.413733230138,0.812183992759,0.773064135575,,-0.0262185625684,-0.0859733494678,-0.47070556932,0.877700083838
1542728578335262039,,2540,,1542728578,306470991,"""/world""","""vicon/obstacle18/obstacle18""",,,0.413727621391,0.812191675004,0.773041811345,,-0.0262847298286,-0.0860047298231,-0.470645967522,0.877726992112
1542728578352379896,,2541,,1542728578,323194049,"""/world""","""vicon/obstacle18/obstacle18""",,,0.413719728654,0.812228252703,0.77304309419,,-0.0261857916366,-0.0858485191388,-0.470740374554,0.877694614227
1542728578369148378,,2542,,1542728578,339913176,"""/world""","""vicon/obstacle18/obstacle18""",,,0.413716774395,0.812242365566,0.773051231816,,-0.0261490564841,-0.085825758148,-0.470739396731,0.877698459864
1542728578385085884,,2543,,1542728578,356495617,"""/world""","""vicon/obstacle18/obstacle18""",,,0.413720747751,0.812217202125,0.773074341347,,-0.0261585745896,-0.0858275969602,-0.470735709208,0.877699974166
1542728578403234701,,2544,,1542728578,373209683,"""/world""","""vicon/obstacle18/obstacle18""",,,0.413726994028,0.812187186023,0.773072395075,,-0.0262769693329,-0.0857834880579,-0.470735772493,0.877700715822
1542728578418804750,,2545,,1542728578,389877907,"""/world""","""vicon/obstacle18/obstacle18""",,,0.413725327803,0.81219240147,0.773042341532,,-0.0262601753231,-0.0860329965856,-0.470642690705,0.877726713947
1542728578436618402,,2546,,1542728578,406456140,"""/world""","""vicon/obstacle18/obstacle18""",,,0.413723221513,0.812231228609,0.773041494191,,-0.0262360713955,-0.0858957804203,-0.47074656735,0.877685167239
1542728578452947816,,2547,,1542728578,423182661,"""/world""","""vicon/obstacle18/obstacle18""",,,0.413719524908,0.812237077058,0.773051759195,,-0.026115221807,-0.0858095369804,-0.470760756378,0.877689597071
1542728578468810502,,2548,,1542728578,439835818,"""/world""","""vicon/obstacle18/obstacle18""",,,0.413721478001,0.812213310446,0.77307484637,,-0.0261545444782,-0.0857438455596,-0.470770311924,0.877689720894
1542728578486242607,,2549,,1542728578,456430232,"""/world""","""vicon/obstacle18/obstacle18""",,,0.413722359069,0.812183993639,0.773067142463,,-0.0262906223752,-0.0858583159376,-0.47069258912,0.877716149622
1542728578502930395,,2550,,1542728578,473200055,"""/world""","""vicon/obstacle18/obstacle18""",,,0.413723021064,0.812196855448,0.773041082941,,-0.02628478604,-0.085848340303,-0.470711557586,0.877707127717
1542728578518847710,,2551,,1542728578,489867626,"""/world""","""vicon/obstacle18/obstacle18""",,,0.413725522068,0.812233318595,0.773031852822,,-0.0262078062245,-0.0858517384687,-0.470792929794,0.877665452864
1542728578535049330,,2552,,1542728578,506462234,"""/world""","""vicon/obstacle18/obstacle18""",,,0.413727845782,0.812232244494,0.773038700284,,-0.0262888170331,-0.0859073726943,-0.470761512539,0.877674438347
1542728578551089541,,2553,,1542728578,523136887,"""/world""","""vicon/obstacle18/obstacle18""",,,0.413722271612,0.812197838372,0.773075913604,,-0.0262627823883,-0.0857863815783,-0.470798227127,0.877667358588
1542728578567523061,,2554,,1542728578,539740579,"""/world""","""vicon/obstacle18/obstacle18""",,,0.413722721282,0.81218511805,0.773070718362,,-0.0262610389742,-0.0858344773329,-0.470738844257,0.877694560107
1542728578584044680,,2555,,1542728578,556490457,"""/world""","""vicon/obstacle18/obstacle18""",,,0.41371481231,0.812208428075,0.773049096864,,-0.0262200695414,-0.085856536192,-0.470700424665,0.877714232178
1542728578601203982,,2556,,1542728578,573266573,"""/world""","""vicon/obstacle18/obstacle18""",,,0.413723071061,0.812237878094,0.773024254963,,-0.0262036158108,-0.0858878378762,-0.470716849899,0.877702852362
1542728578619762713,,2557,,1542728578,589842396,"""/world""","""vicon/obstacle18/obstacle18""",,,0.413729046793,0.812233501724,0.773043919352,,-0.0262195780713,-0.0858403492354,-0.47075782244,0.877685046461
1542728578636234531,,2558,,1542728578,606446437,"""/world""","""vicon/obstacle18/obstacle18""",,,0.413726262607,0.81218231022,0.773071078095,,-0.0262412035457,-0.0859108440498,-0.470684050364,0.87771706765
1542728578650580360,,2559,,1542728578,623172746,"""/world""","""vicon/obstacle18/obstacle18""",,,0.413721954724,0.812178753804,0.773071757798,,-0.0261220447195,-0.085847758143,-0.470721428038,0.877706749653
1542728578667195667,,2560,,1542728578,639833714,"""/world""","""vicon/obstacle18/obstacle18""",,,0.413717897175,0.812222863321,0.773051432408,,-0.0261063260008,-0.0857157432741,-0.47076574292,0.877696352044
1542728578685755038,,2561,,1542728578,656462499,"""/world""","""vicon/obstacle18/obstacle18""",,,0.4137171765,0.812252778815,0.773032590708,,-0.0261449461665,-0.0858430773016,-0.47068653869,0.877725236145
1542728578701863229,,2562,,1542728578,673175162,"""/world""","""vicon/obstacle18/obstacle18""",,,0.413721787539,0.812230860142,0.773036315324,,-0.0262569697961,-0.0858881675565,-0.470726174226,0.877696224846
1542728578718914939,,2563,,1542728578,689770455,"""/world""","""vicon/obstacle18/obstacle18""",,,0.413734501634,0.812184791214,0.773080392858,,-0.0262185850911,-0.0858927785183,-0.470754365729,0.877681800849
1542728578734718537,,2564,,1542728578,706430978,"""/world""","""vicon/obstacle18/obstacle18""",,,0.413723543446,0.812167171665,0.773080661927,,-0.0261457317518,-0.0859172894435,-0.470705000051,0.877708051127
1542728578750546239,,2565,,1542728578,723132861,"""/world""","""vicon/obstacle18/obstacle18""",,,0.413720026572,0.812221335014,0.773044986915,,-0.026192631008,-0.0857665478963,-0.470751825205,0.877696282554
1542728578765942795,,2566,,1542728578,739843438,"""/world""","""vicon/obstacle18/obstacle18""",,,0.413717424378,0.812264556138,0.773036515213,,-0.026108550472,-0.0858031659529,-0.470783826631,0.877678043981
1542728578783251829,,2567,,1542728578,756539454,"""/world""","""vicon/obstacle18/obstacle18""",,,0.413718856098,0.812233699794,0.773042931385,,-0.0261607140602,-0.0858958243618,-0.470683568276,0.877721198873
1542728578798239080,,2568,,1542728578,773267154,"""/world""","""vicon/obstacle18/obstacle18""",,,0.413730363363,0.812178813032,0.77307080481,,-0.0261829312182,-0.0859586965234,-0.470684082426,0.877714105592
1542728578816786877,,2569,,1542728578,789813052,"""/world""","""vicon/obstacle18/obstacle18""",,,0.413730819489,0.812171838706,0.773078151267,,-0.0262273218654,-0.08592900024,-0.470716231781,0.877698446873
1542728578838216120,,2570,,1542728578,806616358,"""/world""","""vicon/obstacle18/obstacle18""",,,0.413718946836,0.81221604996,0.773044995162,,-0.026174194065,-0.0857865399625,-0.470752390891,0.877694575349
1542728578853673493,,2571,,1542728578,823203266,"""/world""","""vicon/obstacle18/obstacle18""",,,0.413718594491,0.812260704531,0.773031739423,,-0.0261350236735,-0.0857865199698,-0.470757170942,0.87769318075
1542728578870479424,,2572,,1542728578,839828765,"""/world""","""vicon/obstacle18/obstacle18""",,,0.413721808899,0.812244839803,0.773052215882,,-0.0261969838389,-0.0857827874815,-0.470742207529,0.877699723972
1542728578882837184,,2573,,1542728578,856489148,"""/world""","""vicon/obstacle18/obstacle18""",,,0.413726776101,0.812183324,0.77307098697,,-0.026293363148,-0.0859086539591,-0.470700739639,0.877706771042
1542728578899671623,,2574,,1542728578,873175322,"""/world""","""vicon/obstacle18/obstacle18""",,,0.413728779796,0.812177593376,0.773079151558,,-0.0261938094917,-0.0858724755708,-0.470730349015,0.87769740845
1542728578921093437,,2575,,1542728578,889882570,"""/world""","""vicon/obstacle18/obstacle18""",,,0.413717762312,0.812220154409,0.773053797334,,-0.0262022229365,-0.0859000427655,-0.470663817703,0.877730138979
1542728578936692751,,2576,,1542728578,906451083,"""/world""","""vicon/obstacle18/obstacle18""",,,0.413718457373,0.812253734501,0.77302869588,,-0.0261879309398,-0.0858183923831,-0.470699724102,0.877719297687
1542728578954212146,,2577,,1542728578,923173606,"""/world""","""vicon/obstacle18/obstacle18""",,,0.413721601779,0.812235203858,0.773049099637,,-0.0261324718471,-0.0858231961738,-0.470681340187,0.87773033952
1542728578971844506,,2578,,1542728578,939825284,"""/world""","""vicon/obstacle18/obstacle18""",,,0.413727924672,0.812188708378,0.773075971195,,-0.0262510984269,-0.0858097618005,-0.470737937955,0.877697760269
1542728578986817205,,2579,,1542728578,956494235,"""/world""","""vicon/obstacle18/obstacle18""",,,0.413727874696,0.812179990447,0.773075869942,,-0.026163893423,-0.0859827395504,-0.470614541615,0.877749606893
1542728579003961874,,2580,,1542728578,973221627,"""/world""","""vicon/obstacle18/obstacle18""",,,0.413725331122,0.812215688633,0.773058247262,,-0.0261462840859,-0.0857468463635,-0.470723632467,0.877714709917
1542728579021044198,,2581,,1542728578,989843818,"""/world""","""vicon/obstacle18/obstacle18""",,,0.41372054259,0.812251681657,0.773035251341,,-0.0261644556908,-0.0858500935106,-0.470706231996,0.877713407589
1542728579036450378,,2582,,1542728579,6517800,"""/world""","""vicon/obstacle18/obstacle18""",,,0.413716553858,0.812240058109,0.773054072998,,-0.0261702703783,-0.0857921667689,-0.470662201747,0.877742509462
1542728579052923136,,2583,,1542728579,23176247,"""/world""","""vicon/obstacle18/obstacle18""",,,0.413729164826,0.81218714076,0.773074083731,,-0.0261301002985,-0.0858589397666,-0.470709377471,0.877711878854
1542728579070018031,,2584,,1542728579,39938933,"""/world""","""vicon/obstacle18/obstacle18""",,,0.413728727283,0.812193987889,0.773080260673,,-0.0261658675723,-0.0859065444226,-0.470700955576,0.877710671816
1542728579086328626,,2585,,1542728579,56466063,"""/world""","""vicon/obstacle18/obstacle18""",,,0.413720114139,0.812211380777,0.773056969882,,-0.0263126593285,-0.0858952601378,-0.470689271622,0.877713653662
1542728579101612752,,2586,,1542728579,73349282,"""/world""","""vicon/obstacle18/obstacle18""",,,0.413717911284,0.812239483994,0.773038120434,,-0.0262413392608,-0.0858492581431,-0.470715096664,0.877706439969
1542728579119851410,,2587,,1542728579,89830011,"""/world""","""vicon/obstacle18/obstacle18""",,,0.413720285931,0.812235703797,0.773062785906,,-0.0260321369416,-0.0857248110266,-0.47073347532,0.877714976421
1542728579137767615,,2588,,1542728579,106424778,"""/world""","""vicon/obstacle18/obstacle18""",,,0.413721251543,0.812193635716,0.773071103032,,-0.0262442562592,-0.0858470246683,-0.470711006003,0.877708765022
1542728579151367888,,2589,,1542728579,123217172,"""/world""","""vicon/obstacle18/obstacle18""",,,0.413726855413,0.812193604813,0.773071992055,,-0.0261586909865,-0.0858458506596,-0.470751063458,0.877689950418
1542728579165491472,,2590,,1542728579,139774088,"""/world""","""vicon/obstacle18/obstacle18""",,,0.413730829558,0.812221862315,0.773045043482,,-0.026173488945,-0.0859365661636,-0.470704748821,0.877705471391
1542728579184665591,,2591,,1542728579,157546629,"""/world""","""vicon/obstacle18/obstacle18""",,,0.41371301744,0.812235657493,0.773036036399,,-0.026233490852,-0.0858141214612,-0.470732454376,0.877700801477
1542728579199949870,,2592,,1542728579,173218192,"""/world""","""vicon/obstacle18/obstacle18""",,,0.413720552773,0.812218968211,0.773051693898,,-0.0261731456522,-0.0858301111349,-0.470702112798,0.877717311825
1542728579217476047,,2593,,1542728579,189838360,"""/world""","""vicon/obstacle18/obstacle18""",,,0.413728373644,0.81220166577,0.77307826798,,-0.0261247286089,-0.085780657056,-0.470762955325,0.877690957754
1542728579233827609,,2594,,1542728579,206481509,"""/world""","""vicon/obstacle18/obstacle18""",,,0.413720439929,0.812199759599,0.773078748137,,-0.0261802589039,-0.0858075316128,-0.470742345871,0.877697730068
1542728579251218790,,2595,,1542728579,223193381,"""/world""","""vicon/obstacle18/obstacle18""",,,0.41372505766,0.812224001151,0.77304910446,,-0.0261755814018,-0.0859233706988,-0.470685858917,0.877716831058
1542728579267452234,,2596,,1542728579,239921184,"""/world""","""vicon/obstacle18/obstacle18""",,,0.413725001279,0.812232817693,0.773033507633,,-0.0261356752477,-0.0858816186965,-0.470712657194,0.877707735187
1542728579287138064,,2597,,1542728579,256465551,"""/world""","""vicon/obstacle18/obstacle18""",,,0.413717458366,0.812220176195,0.773052338583,,-0.0261853688018,-0.0858676986665,-0.470698835385,0.877715028443
1542728579300945257,,2598,,1542728579,273167191,"""/world""","""vicon/obstacle18/obstacle18""",,,0.413725391021,0.812205150525,0.773068641963,,-0.0261614325968,-0.0859070249784,-0.470695478068,0.877713694453
1542728579319430236,,2599,,1542728579,289845778,"""/world""","""vicon/obstacle18/obstacle18""",,,0.413727430706,0.812208512586,0.773083512527,,-0.0259638201346,-0.0859094324379,-0.470661698639,0.877737440751
1542728579334257089,,2600,,1542728579,306507239,"""/world""","""vicon/obstacle18/obstacle18""",,,0.41372189684,0.812219983607,0.773057033594,,-0.0260873254468,-0.0858092519513,-0.470723372869,0.877710504646
1542728579351103023,,2601,,1542728579,323176754,"""/world""","""vicon/obstacle18/obstacle18""",,,0.413717318855,0.812238657445,0.773035098416,,-0.0262445616044,-0.0858642745383,-0.470664131783,0.8777322054
1542728579366792989,,2602,,1542728579,339895011,"""/world""","""vicon/obstacle18/obstacle18""",,,0.413722202293,0.812220995961,0.773051133217,,-0.0261761961691,-0.0859211949541,-0.470699010455,0.877709972923
1542728579383626117,,2603,,1542728579,356453871,"""/world""","""vicon/obstacle18/obstacle18""",,,0.413720157271,0.812208838996,0.773082952065,,-0.0262293690398,-0.0857928640537,-0.470697594683,0.877721697941
1542728579400120375,,2604,,1542728579,373183212,"""/world""","""vicon/obstacle18/obstacle18""",,,0.413723464512,0.812206326733,0.773081119487,,-0.0261431828317,-0.0858347213384,-0.470733594852,0.877700870047
1542728579417707104,,2605,,1542728579,389859483,"""/world""","""vicon/obstacle18/obstacle18""",,,0.413726218173,0.812214506283,0.773056655012,,-0.026187668172,-0.0858360679872,-0.470741598817,0.877695119396
1542728579434139240,,2606,,1542728579,406488315,"""/world""","""vicon/obstacle18/obstacle18""",,,0.413720165934,0.812225411585,0.773034453377,,-0.0262499399628,-0.0858880782539,-0.470698185475,0.877711454213
1542728579450973392,,2607,,1542728579,423178627,"""/world""","""vicon/obstacle18/obstacle18""",,,0.413722445489,0.812224262595,0.773042129687,,-0.0261585091436,-0.0858834689149,-0.470684300025,0.877722081229
1542728579467902138,,2608,,1542728579,439838645,"""/world""","""vicon/obstacle18/obstacle18""",,,0.413726317552,0.812217838449,0.773069917682,,-0.0262064162568,-0.0858013911285,-0.470698838219,0.877720883155
1542728579484287671,,2609,,1542728579,456546379,"""/world""","""vicon/obstacle18/obstacle18""",,,0.413724837827,0.812199162052,0.773071070727,,-0.0262563382405,-0.0857056836868,-0.47074376089,0.87770464968
1542728579500400500,,2610,,1542728579,473195958,"""/world""","""vicon/obstacle18/obstacle18""",,,0.413724829577,0.812213021677,0.773067221571,,-0.0261888216775,-0.0858304664784,-0.470716191057,0.877709259448
1542728579519638898,,2611,,1542728579,489850804,"""/world""","""vicon/obstacle18/obstacle18""",,,0.41371793232,0.812226325925,0.773041233332,,-0.0262002640462,-0.0858601004735,-0.470717731019,0.877705193681
1542728579535557127,,2612,,1542728579,506470879,"""/world""","""vicon/obstacle18/obstacle18""",,,0.413717561218,0.81222138943,0.773035155164,,-0.0262318286665,-0.0858767749472,-0.470687612776,0.877718771514
1542728579548945540,,2613,,1542728579,523115921,"""/world""","""vicon/obstacle18/obstacle18""",,,0.413727146314,0.812218338826,0.773073319092,,-0.0260931580405,-0.0857994320779,-0.470707910987,0.877719583405
1542728579564684055,,2614,,1542728579,539814454,"""/world""","""vicon/obstacle18/obstacle18""",,,0.413727667061,0.812199269498,0.773078312414,,-0.0261642292678,-0.0858284489574,-0.470743751626,0.877695408876
1542728579581303991,,2615,,1542728579,556423700,"""/world""","""vicon/obstacle18/obstacle18""",,,0.413724895168,0.812203241418,0.773062102143,,-0.0262299853859,-0.0858815012413,-0.470713853022,0.877704291994
1542728579598098589,,2616,,1542728579,573080569,"""/world""","""vicon/obstacle18/obstacle18""",,,0.413721813701,0.812224216617,0.773046753521,,-0.0261366973667,-0.0858668464785,-0.470711053139,0.877710010299
1542728579614759745,,2617,,1542728579,589804980,"""/world""","""vicon/obstacle18/obstacle18""",,,0.413722360393,0.812226606634,0.773036325146,,-0.0262206275533,-0.0858701902573,-0.470719022523,0.877702905858
1542728579631166353,,2618,,1542728579,606398830,"""/world""","""vicon/obstacle18/obstacle18""",,,0.413724819459,0.812223957442,0.773053418267,,-0.02617012067,-0.0858359269933,-0.470724899648,0.877704612767
1542728579648167406,,2619,,1542728579,623121342,"""/world""","""vicon/obstacle18/obstacle18""",,,0.413731138923,0.812197603313,0.773072336183,,-0.026187626759,-0.0858537251378,-0.470730633039,0.877699274925
1542728579667242211,,2620,,1542728579,639812528,"""/world""","""vicon/obstacle18/obstacle18""",,,0.413721723763,0.812198680526,0.773073365287,,-0.026175807099,-0.0859050552459,-0.470715513577,0.877702713841
1542728579684689419,,2621,,1542728579,656416780,"""/world""","""vicon/obstacle18/obstacle18""",,,0.413717964548,0.812224927542,0.773042437811,,-0.0260831179681,-0.0859221610427,-0.47072879781,0.87769667432
1542728579697902057,,2622,,1542728579,673089896,"""/world""","""vicon/obstacle18/obstacle18""",,,0.413719096382,0.812234068408,0.773033786847,,-0.0261828493983,-0.0858793093249,-0.470746609713,0.877688345639
1542728579717566528,,2623,,1542728579,689797203,"""/world""","""vicon/obstacle18/obstacle18""",,,0.41372455613,0.81221697027,0.773057487132,,-0.0261631633056,-0.0858826580904,-0.470707298917,0.87770968815
1542728579738919361,,2624,,1542728579,706448687,"""/world""","""vicon/obstacle18/obstacle18""",,,0.413733746636,0.812193403338,0.773065592348,,-0.0262800314347,-0.0858728872859,-0.470674344157,0.877724825289
1542728579751879565,,2625,,1542728579,723191034,"""/world""","""vicon/obstacle18/obstacle18""",,,0.413721310977,0.812192822636,0.773068584281,,-0.0263024239925,-0.0859330760294,-0.470720643974,0.877693434106
1542728579769734801,,2626,,1542728579,739801273,"""/world""","""vicon/obstacle18/obstacle18""",,,0.413723699601,0.812217965323,0.773045482857,,-0.0261459583712,-0.0860123711804,-0.470677977259,0.877713223432
1542728579785065006,,2627,,1542728579,756418808,"""/world""","""vicon/obstacle18/obstacle18""",,,0.413719559524,0.812246882137,0.773050251333,,-0.0261632546385,-0.0857439265609,-0.470863752282,0.877639327943
1542728579801764881,,2628,,1542728579,773202956,"""/world""","""vicon/obstacle18/obstacle18""",,,0.413726782562,0.812213321083,0.773052250057,,-0.0262608573217,-0.0858456307177,-0.470769276984,0.877677151866
1542728579817690102,,2629,,1542728579,789873368,"""/world""","""vicon/obstacle18/obstacle18""",,,0.413733413581,0.812180779002,0.773077467986,,-0.0262869499074,-0.0858882495567,-0.470687305819,0.877716164254
1542728579834029790,,2630,,1542728579,806544895,"""/world""","""vicon/obstacle18/obstacle18""",,,0.413728942809,0.812184584849,0.773076093782,,-0.0262386055225,-0.0858495675818,-0.470731251523,0.877697827368
1542728579851415585,,2631,,1542728579,823219059,"""/world""","""vicon/obstacle18/obstacle18""",,,0.41371323872,0.812218624224,0.773044934768,,-0.0262530502661,-0.0858616767779,-0.470698163599,0.877713956023
1542728579868627127,,2632,,1542728579,839950581,"""/world""","""vicon/obstacle18/obstacle18""",,,0.413712620128,0.812254661744,0.773039475285,,-0.0260554703208,-0.0858464568991,-0.470718717731,0.877710309317
1542728579886075315,,2633,,1542728579,856519720,"""/world""","""vicon/obstacle18/obstacle18""",,,0.41372497022,0.812229206606,0.773070036014,,-0.0260915418131,-0.085852196377,-0.470705125309,0.87771596592
1542728579901763391,,2634,,1542728579,873232535,"""/world""","""vicon/obstacle18/obstacle18""",,,0.413734202349,0.812173764566,0.773073558256,,-0.0262121299509,-0.0859189347976,-0.4706816702,0.877718420807
1542728579919315700,,2635,,1542728579,889879059,"""/world""","""vicon/obstacle18/obstacle18""",,,0.413730874016,0.812173108325,0.773066511136,,-0.0263443512498,-0.085932165498,-0.470679134522,0.87771452672
1542728579935740339,,2636,,1542728579,906522606,"""/world""","""vicon/obstacle18/obstacle18""",,,0.413724940231,0.812222236496,0.773041247467,,-0.0261629117581,-0.0857910526964,-0.47072668924,0.877708255266
1542728579953372317,,2637,,1542728579,923133148,"""/world""","""vicon/obstacle18/obstacle18""",,,0.413712869072,0.812255536953,0.773031265186,,-0.0261295635019,-0.0858777232924,-0.470734246676,0.877696719579
1542728579968982059,,2638,,1542728579,939926170,"""/world""","""vicon/obstacle18/obstacle18""",,,0.413723001075,0.812232581344,0.773059188552,,-0.0260079697942,-0.0859176390519,-0.470683290043,0.87772375226
1542728579986219533,,2639,,1542728579,956565153,"""/world""","""vicon/obstacle18/obstacle18""",,,0.41373437983,0.812180358059,0.773092132711,,-0.026166498788,-0.0859205082779,-0.470657277436,0.877732708628
1542728580001615442,,2640,,1542728579,973233692,"""/world""","""vicon/obstacle18/obstacle18""",,,0.413732753333,0.812168489,0.773073468683,,-0.0262305154318,-0.0859473705024,-0.470665994728,0.877723493459
1542728580018053738,,2641,,1542728579,989848130,"""/world""","""vicon/obstacle18/obstacle18""",,,0.413721558763,0.812219163345,0.773046911828,,-0.0261714993278,-0.0858990865064,-0.470719381828,0.877701351903
1542728580034616141,,2642,,1542728580,6501732,"""/world""","""vicon/obstacle18/obstacle18""",,,0.413711883417,0.812257974336,0.773040644591,,-0.0261111008839,-0.0856861271451,-0.470845874795,0.877656117289
1542728580050979723,,2643,,1542728580,23179795,"""/world""","""vicon/obstacle18/obstacle18""",,,0.41372245924,0.812236057511,0.773059928051,,-0.0261716102952,-0.0858192580921,-0.470783612516,0.877674707361
1542728580068235267,,2644,,1542728580,39856242,"""/world""","""vicon/obstacle18/obstacle18""",,,0.413727506248,0.812183536793,0.773093521725,,-0.026179659271,-0.085886679123,-0.470706606648,0.877709174071
1542728580085818889,,2645,,1542728580,56535876,"""/world""","""vicon/obstacle18/obstacle18""",,,0.413728930117,0.812178472822,0.773080330391,,-0.0262789824263,-0.0859188601433,-0.470712038812,0.877700143028
1542728580102559803,,2646,,1542728580,73219140,"""/world""","""vicon/obstacle18/obstacle18""",,,0.413725931292,0.812219574166,0.773043147673,,-0.0261749036957,-0.0858169976431,-0.47073445109,0.877701198523
1542728580118637001,,2647,,1542728580,89842952,"""/world""","""vicon/obstacle18/obstacle18""",,,0.413715883133,0.812255814267,0.773035846057,,-0.0260875138269,-0.0858600012069,-0.470785643834,0.877672136606
1542728580134835369,,2648,,1542728580,106509437,"""/world""","""vicon/obstacle18/obstacle18""",,,0.413715568423,0.812238261297,0.773070278574,,-0.0261230014816,-0.0858354084925,-0.470737471405,0.877699324631
1542728580152469353,,2649,,1542728580,123167202,"""/world""","""vicon/obstacle18/obstacle18""",,,0.413723441185,0.812191606252,0.773094991436,,-0.0261588865892,-0.0858280937383,-0.47071621626,0.877710370639
1542728580168672693,,2650,,1542728580,139837666,"""/world""","""vicon/obstacle18/obstacle18""",,,0.413726423499,0.812178220277,0.77308417694,,-0.0262353113228,-0.0858681266193,-0.470690076594,0.877718192284
1542728580184968180,,2651,,1542728580,156550198,"""/world""","""vicon/obstacle18/obstacle18""",,,0.41372150063,0.812219586234,0.773043147476,,-0.0262282009995,-0.0859117349287,-0.470695838462,0.877711047514
1542728580200970409,,2652,,1542728580,173224214,"""/world""","""vicon/obstacle18/obstacle18""",,,0.413719401923,0.812245108839,0.773037102202,,-0.0261478870055,-0.0858161352184,-0.470785029999,0.877674959464
1542728580218974929,,2653,,1542728580,191580347,"""/world""","""vicon/obstacle18/obstacle18""",,,0.41371659459,0.812226344606,0.773058076034,,-0.0260827803528,-0.0858814201211,-0.470698375352,0.877716987239
1542728580231375053,,2654,,1542728580,206818587,"""/world""","""vicon/obstacle18/obstacle18""",,,0.413718864153,0.812192393003,0.773091770829,,-0.0261880097594,-0.0859029192467,-0.470668354386,0.877727848931
1542728580248050739,,2655,,1542728580,223111565,"""/world""","""vicon/obstacle18/obstacle18""",,,0.413729434064,0.812184952809,0.773086070594,,-0.0262600996653,-0.0858766394088,-0.470723651288,0.877698612331
1542728580266632510,,2656,,1542728580,239818756,"""/world""","""vicon/obstacle18/obstacle18""",,,0.413724545431,0.812224285398,0.773045926042,,-0.026187407727,-0.0858537529518,-0.470723014749,0.877703364564
1542728580282786404,,2657,,1542728580,256518298,"""/world""","""vicon/obstacle18/obstacle18""",,,0.413719010112,0.812246903766,0.773034820253,,-0.0261542092126,-0.0858528497335,-0.47072623641,0.877702714983
1542728580301992717,,2658,,1542728580,273156517,"""/world""","""vicon/obstacle18/obstacle18""",,,0.413719345595,0.81221129135,0.773057845909,,-0.0262021238233,-0.0859660840867,-0.470715265933,0.877696086075
1542728580319314211,,2659,,1542728580,289853802,"""/world""","""vicon/obstacle18/obstacle18""",,,0.413724315742,0.812187728441,0.773093401577,,-0.0261519332045,-0.0858249775547,-0.47076503608,0.877684698751
1542728580335917434,,2660,,1542728580,306542819,"""/world""","""vicon/obstacle18/obstacle18""",,,0.413725616542,0.812197016385,0.773087198414,,-0.0261850252665,-0.0858198986379,-0.470717873943,0.877709503537
1542728580353059873,,2661,,1542728580,323223470,"""/world""","""vicon/obstacle18/obstacle18""",,,0.413720553088,0.812225216238,0.773054734673,,-0.0261145730651,-0.0858626796981,-0.470733501128,0.877699037384
1542728580369457699,,2662,,1542728580,339854522,"""/world""","""vicon/obstacle18/obstacle18""",,,0.413718279075,0.812240077174,0.773023404056,,-0.0262354677466,-0.0858553618942,-0.470709408431,0.877709069043
1542728580386109324,,2663,,1542728580,356522804,"""/world""","""vicon/obstacle18/obstacle18""",,,0.41372398528,0.812210419394,0.773056161947,,-0.0261974121087,-0.0859594853387,-0.470698366352,0.877705936173
1542728580402712547,,2664,,1542728580,373237748,"""/world""","""vicon/obstacle18/obstacle18""",,,0.413727620144,0.812176813679,0.773081608303,,-0.0262041157466,-0.0859700863183,-0.470637365564,0.877737408746
1542728580419883077,,2665,,1542728580,389889258,"""/world""","""vicon/obstacle18/obstacle18""",,,0.413724666439,0.812198625033,0.773086004395,,-0.0260841526901,-0.0858181521028,-0.470727330683,0.877707606151
1542728580436246514,,2666,,1542728580,406508561,"""/world""","""vicon/obstacle18/obstacle18""",,,0.413719803539,0.812231333686,0.773054811502,,-0.0261537360843,-0.0857789255057,-0.470730620222,0.877707605763
1542728580453116119,,2667,,1542728580,423181600,"""/world""","""vicon/obstacle18/obstacle18""",,,0.413720134998,0.812232483473,0.773026732418,,-0.0262744860003,-0.0859516908034,-0.470647410965,0.87773172028
1542728580468616474,,2668,,1542728580,439886001,"""/world""","""vicon/obstacle18/obstacle18""",,,0.413728599471,0.812207532492,0.773050223115,,-0.0261616924538,-0.0858882482376,-0.470730182728,0.877696912226
1542728580486082550,,2669,,1542728580,456526374,"""/world""","""vicon/obstacle18/obstacle18""",,,0.413725969262,0.812177970576,0.7730820424,,-0.0262932990226,-0.0859285715221,-0.470649100877,0.877732514418
1542728580502919687,,2670,,1542728580,473162600,"""/world""","""vicon/obstacle18/obstacle18""",,,0.413724850713,0.812196418997,0.773078846516,,-0.0261524395882,-0.0858804630113,-0.470681139639,0.877724250984
1542728580519396407,,2671,,1542728580,489860252,"""/world""","""vicon/obstacle18/obstacle18""",,,0.413719582325,0.812240726959,0.773058981742,,-0.0261615537538,-0.0857080258379,-0.470791395178,0.877681701779
1542728580536261020,,2672,,1542728580,506604008,"""/world""","""vicon/obstacle18/obstacle18""",,,0.413717960231,0.812236391115,0.773025914609,,-0.0262095140044,-0.0858405274894,-0.470726679834,0.877702032644
1542728580552517413,,2673,,1542728580,523209548,"""/world""","""vicon/obstacle18/obstacle18""",,,0.413724170818,0.812208176644,0.773046099426,,-0.0262672062159,-0.0859445544579,-0.470660254714,0.877725749918
1542728580568892923,,2674,,1542728580,539833544,"""/world""","""vicon/obstacle18/obstacle18""",,,0.413734183808,0.812176899044,0.77307685931,,-0.0263750932358,-0.0859553409942,-0.470683285593,0.877709108119
1542728580586212742,,2675,,1542728580,556486436,"""/world""","""vicon/obstacle18/obstacle18""",,,0.413723724466,0.81218914094,0.77307281859,,-0.0261860310832,-0.0858623075467,-0.47073544346,0.877695903027
1542728580602093055,,2676,,1542728580,573169551,"""/world""","""vicon/obstacle18/obstacle18""",,,0.413723769322,0.812235065154,0.773050217838,,-0.0260863445161,-0.0858614824644,-0.470690923734,0.877722827989
1542728580618631121,,2677,,1542728580,589853004,"""/world""","""vicon/obstacle18/obstacle18""",,,0.41371557243,0.812246736997,0.773042446526,,-0.026124290583,-0.0858011461785,-0.470711495182,0.877716567611
1542728580636998757,,2678,,1542728580,606557461,"""/world""","""vicon/obstacle18/obstacle18""",,,0.413721797207,0.81221478155,0.77305463829,,-0.0261945177696,-0.0858935907438,-0.470699409835,0.877711913949
1542728580653990362,,2679,,1542728580,623211964,"""/world""","""vicon/obstacle18/obstacle18""",,,0.41373204025,0.812180112205,0.773072986924,,-0.0263636077496,-0.0859497784305,-0.470698288456,0.87770195227
1542728580671211228,,2680,,1542728580,639888112,"""/world""","""vicon/obstacle18/obstacle18""",,,0.41373144161,0.812193148211,0.773076632178,,-0.0262121707342,-0.0858149710694,-0.470714183296,0.877711154361
1542728580687673285,,2681,,1542728580,656537170,"""/world""","""vicon/obstacle18/obstacle18""",,,0.413721406021,0.812222031333,0.773041564082,,-0.0261870161458,-0.085823928983,-0.470730880051,0.877702074719
1542728580703570016,,2682,,1542728580,673218576,"""/world""","""vicon/obstacle18/obstacle18""",,,0.41371493573,0.812249868304,0.773035170022,,-0.0261498952725,-0.085728115689,-0.470764211134,0.877694668249
1542728580716851416,,2683,,1542728580,689827093,"""/world""","""vicon/obstacle18/obstacle18""",,,0.413724618452,0.812227477441,0.773057506527,,-0.0261735195528,-0.085857694778,-0.470684079085,0.8777242738
1542728580733343733,,2684,,1542728580,706481397,"""/world""","""vicon/obstacle18/obstacle18""",,,0.413725365628,0.812184852108,0.773072703551,,-0.0262416750014,-0.0858577226986,-0.470723851043,0.877700906918
1542728580755248561,,2685,,1542728580,723178852,"""/world""","""vicon/obstacle18/obstacle18""",,,0.41372909161,0.812188655716,0.773073727334,,-0.0261707383917,-0.0858298393437,-0.470737297005,0.877698540695
1542728580770975741,,2686,,1542728580,739837499,"""/world""","""vicon/obstacle18/obstacle18""",,,0.413723752997,0.812215151116,0.773051190982,,-0.0261890811401,-0.0858664880857,-0.470774095438,0.877674671685
1542728580785480470,,2687,,1542728580,756547010,"""/world""","""vicon/obstacle18/obstacle18""",,,0.413715255692,0.81224721268,0.773032023879,,-0.0262675364954,-0.0858204528849,-0.470755238639,0.877686944011
1542728580803166594,,2688,,1542728580,773194581,"""/world""","""vicon/obstacle18/obstacle18""",,,0.413713990493,0.812237842159,0.773062640772,,-0.0261252010035,-0.0858244952798,-0.470704655123,0.877717925947
1542728580820808199,,2689,,1542728580,789843454,"""/world""","""vicon/obstacle18/obstacle18""",,,0.413726121574,0.812202503823,0.773072545724,,-0.026199481585,-0.0859526204078,-0.470701291803,0.877704977829
1542728580834388967,,2690,,1542728580,806529388,"""/world""","""vicon/obstacle18/obstacle18""",,,0.413729168264,0.812190161896,0.773073247318,,-0.0262687203091,-0.0859371609912,-0.470713307609,0.877697978085
1542728580850779052,,2691,,1542728580,823197086,"""/world""","""vicon/obstacle18/obstacle18""",,,0.413728336711,0.812204993218,0.773049067034,,-0.0262020306073,-0.0858821935861,-0.470740999926,0.877690499781
1542728580869489164,,2692,,1542728580,839794421,"""/world""","""vicon/obstacle18/obstacle18""",,,0.413715562317,0.812239479589,0.77303581492,,-0.0262390208701,-0.0859240380501,-0.470683323536,0.877716231144
1542728580886270379,,2693,,1542728580,856535566,"""/world""","""vicon/obstacle18/obstacle18""",,,0.413717787909,0.812238199516,0.773052047995,,-0.0262095807926,-0.0857624103633,-0.470799240356,0.87767074813
1542728580899601260,,2694,,1542728580,873170784,"""/world""","""vicon/obstacle18/obstacle18""",,,0.413718889712,0.812214276626,0.77308145782,,-0.026228105481,-0.0857927234696,-0.470733732476,0.877702368797
1542728580916451055,,2695,,1542728580,889778697,"""/world""","""vicon/obstacle18/obstacle18""",,,0.413723639165,0.812194193808,0.773083117261,,-0.026177179286,-0.0858509902662,-0.470677867342,0.877728151508
1542728580931474122,,2696,,1542728580,906416232,"""/world""","""vicon/obstacle18/obstacle18""",,,0.413728763584,0.812198671106,0.773056102237,,-0.0261966707171,-0.0859179483119,-0.470684485482,0.877717469193
1542728580955021869,,2697,,1542728580,923157045,"""/world""","""vicon/obstacle18/obstacle18""",,,0.413715457699,0.812233127851,0.773048609997,,-0.0261649787875,-0.0857574692911,-0.470737930187,0.877705446849
1542728580971110595,,2698,,1542728580,939818574,"""/world""","""vicon/obstacle18/obstacle18""",,,0.413713929099,0.812235860088,0.773047613597,,-0.0261872255789,-0.0857678167956,-0.470729731216,0.877708169591
1542728580984931082,,2699,,1542728580,956473007,"""/world""","""vicon/obstacle18/obstacle18""",,,0.41371611284,0.812222259424,0.773082000817,,-0.026120227585,-0.085758134096,-0.470736363667,0.87770755498
1542728581001854475,,2700,,1542728580,973190200,"""/world""","""vicon/obstacle18/obstacle18""",,,0.413725180858,0.812200043593,0.773084944277,,-0.0261628123959,-0.0858122090367,-0.470775692298,0.877679907238
1542728581022252985,,2701,,1542728580,989808941,"""/world""","""vicon/obstacle18/obstacle18""",,,0.413727750611,0.81219818988,0.773055095294,,-0.0261649021833,-0.0858828287195,-0.470697686774,0.877714774452
1542728581038002180,,2702,,1542728581,6501348,"""/world""","""vicon/obstacle18/obstacle18""",,,0.413724009977,0.812223220805,0.773042682628,,-0.0262244571331,-0.0859712237,-0.47069213062,0.877707322925
1542728581053468788,,2703,,1542728581,23253784,"""/world""","""vicon/obstacle18/obstacle18""",,,0.41371885326,0.812233872245,0.773038854456,,-0.0262173138789,-0.085838492328,-0.470735984682,0.877697008319
1542728581069596450,,2704,,1542728581,39803281,"""/world""","""vicon/obstacle18/obstacle18""",,,0.413718430069,0.812226826274,0.773074953553,,-0.0260998328805,-0.0857444015626,-0.470769343577,0.877691814632
1542728581087028993,,2705,,1542728581,56499599,"""/world""","""vicon/obstacle18/obstacle18""",,,0.41372587716,0.812196513255,0.773083636249,,-0.0262106092622,-0.0857945838068,-0.470774227167,0.877680990102
1542728581103700609,,2706,,1542728581,73194882,"""/world""","""vicon/obstacle18/obstacle18""",,,0.413728649751,0.812202940202,0.773065674432,,-0.0261838683444,-0.0858774966875,-0.470693512399,0.87771696918
1542728581120561616,,2707,,1542728581,89853356,"""/world""","""vicon/obstacle18/obstacle18""",,,0.413720247732,0.812223476884,0.773039669461,,-0.0263046755209,-0.0859095503659,-0.470700125883,0.877706673494
1542728581137168287,,2708,,1542728581,106547151,"""/world""","""vicon/obstacle18/obstacle18""",,,0.413721269486,0.812233452191,0.773042224546,,-0.0262046180241,-0.0859491993813,-0.470647628859,0.877733936093
1542728581153961439,,2709,,1542728581,123216577,"""/world""","""vicon/obstacle18/obstacle18""",,,0.413718344451,0.812226115961,0.773076009023,,-0.0259662449713,-0.0858059304504,-0.470742868117,0.877703964067
1542728581170579553,,2710,,1542728581,139861801,"""/world""","""vicon/obstacle18/obstacle18""",,,0.413724435962,0.81219211543,0.773088349909,,-0.0261383993511,-0.0857266645395,-0.470793969162,0.877679190631
1542728581187082031,,2711,,1542728581,156521270,"""/world""","""vicon/obstacle18/obstacle18""",,,0.41371985757,0.812204358283,0.773067215633,,-0.0261461323294,-0.0858546440412,-0.470709753379,0.877711620029
1542728581203925769,,2712,,1542728581,173193053,"""/world""","""vicon/obstacle18/obstacle18""",,,0.413720436909,0.812233195123,0.773039171493,,-0.0261875425022,-0.0858433143544,-0.47076116959,0.877683917595
1542728581220459544,,2713,,1542728581,189901401,"""/world""","""vicon/obstacle18/obstacle18""",,,0.413718391517,0.812235057109,0.773036594167,,-0.0262566744754,-0.0859344967263,-0.4706639611,0.877725062329
1542728581236879659,,2714,,1542728581,206499722,"""/world""","""vicon/obstacle18/obstacle18""",,,0.413724954971,0.812215293016,0.773073680183,,-0.026176824753,-0.0857917522894,-0.470749597858,0.877695485463
1542728581252826540,,2715,,1542728581,223223929,"""/world""","""vicon/obstacle18/obstacle18""",,,0.413729002993,0.812196825649,0.773086881437,,-0.0261552120531,-0.0858261887676,-0.470775382582,0.877678932959
1542728581268098649,,2716,,1542728581,239874449,"""/world""","""vicon/obstacle18/obstacle18""",,,0.413718336596,0.812205902919,0.773071692261,,-0.0261662638459,-0.0858587240412,-0.470682316733,0.877725334519
1542728581282709242,,2717,,1542728581,256423326,"""/world""","""vicon/obstacle18/obstacle18""",,,0.413719151077,0.81224061174,0.773039087263,,-0.0261523916208,-0.0859091615348,-0.470693844379,0.877714630869
1542728581298854436,,2718,,1542728581,273492058,"""/world""","""vicon/obstacle18/obstacle18""",,,0.413720349861,0.812245662343,0.773046391757,,-0.0262327681352,-0.085831805632,-0.470741448371,0.877694270121
1542728581320616254,,2719,,1542728581,289813585,"""/world""","""vicon/obstacle18/obstacle18""",,,0.413726022639,0.812202619698,0.773065963769,,-0.0262569166119,-0.0859703350782,-0.470690825611,0.877707139371
1542728581334860198,,2720,,1542728581,306496635,"""/world""","""vicon/obstacle18/obstacle18""",,,0.413728015912,0.812176360829,0.773081437762,,-0.0262771477531,-0.0858989061445,-0.47076281136,0.877674919813
1542728581349104251,,2721,,1542728581,323151909,"""/world""","""vicon/obstacle18/obstacle18""",,,0.413721707611,0.812214204795,0.773070474608,,-0.0260544185484,-0.0857708706466,-0.470749310437,0.87770132263
1542728581365269190,,2722,,1542728581,339742971,"""/world""","""vicon/obstacle18/obstacle18""",,,0.413712460817,0.812245523034,0.773035907639,,-0.0262003754963,-0.0857981108087,-0.470761432251,0.877687813753
1542728581382184227,,2723,,1542728581,356388990,"""/world""","""vicon/obstacle18/obstacle18""",,,0.413717131756,0.81225651902,0.773043077734,,-0.026166171798,-0.0858415709152,-0.470723572343,0.87770489038
1542728581399423810,,2724,,1542728581,373130785,"""/world""","""vicon/obstacle18/obstacle18""",,,0.413730499408,0.812209955946,0.773073098484,,-0.0261907201509,-0.0858940411532,-0.47067339907,0.877725931758
1542728581416442893,,2725,,1542728581,389782632,"""/world""","""vicon/obstacle18/obstacle18""",,,0.413731203952,0.812161131165,0.773081630449,,-0.0262714781663,-0.0858827673567,-0.470714478706,0.877702591567
1542728581433268733,,2726,,1542728581,406512655,"""/world""","""vicon/obstacle18/obstacle18""",,,0.413722561885,0.812201189444,0.773074490159,,-0.0261842440309,-0.0857688140724,-0.470733387022,0.877706200411
1542728581450811533,,2727,,1542728581,423216469,"""/world""","""vicon/obstacle18/obstacle18""",,,0.413714079105,0.812254468296,0.773030354692,,-0.0261600123984,-0.0858379954639,-0.47076010087,0.877685832012
1542728581467459598,,2728,,1542728581,439781467,"""/world""","""vicon/obstacle18/obstacle18""",,,0.413711420443,0.81226598906,0.773034442345,,-0.0262754174115,-0.085827565871,-0.470729373482,0.877699885108
1542728581483928507,,2729,,1542728581,456526778,"""/world""","""vicon/obstacle18/obstacle18""",,,0.413730707068,0.81221185739,0.77307015108,,-0.0261792870187,-0.0858733910528,-0.470667546059,0.877731432004
1542728581500446726,,2730,,1542728581,473181551,"""/world""","""vicon/obstacle18/obstacle18""",,,0.413736096752,0.812167976536,0.773095660944,,-0.0261513889306,-0.085943997799,-0.470678110129,0.877719688024
1542728581518501068,,2731,,1542728581,489911148,"""/world""","""vicon/obstacle18/obstacle18""",,,0.413720817073,0.812187199774,0.77306893877,,-0.0261591679691,-0.0859336523984,-0.470638834076,0.877741529823
1542728581534152635,,2732,,1542728581,506490455,"""/world""","""vicon/obstacle18/obstacle18""",,,0.413711938608,0.812253472227,0.773030375431,,-0.0261669775015,-0.0857779343311,-0.470754373002,0.877694568497
1542728581553606918,,2733,,1542728581,523216369,"""/world""","""vicon/obstacle18/obstacle18""",,,0.413711710601,0.812277174045,0.773041820355,,-0.0260671576116,-0.0858012819335,-0.470731192288,0.877707689336
1542728581571263042,,2734,,1542728581,539812497,"""/world""","""vicon/obstacle18/obstacle18""",,,0.413720655097,0.81221556431,0.77306825147,,-0.0261463598009,-0.0857826843801,-0.470672469624,0.877738642916
1542728581583925267,,2735,,1542728581,556409705,"""/world""","""vicon/obstacle18/obstacle18""",,,0.413728456174,0.812160764215,0.773094956137,,-0.0262385588961,-0.0858270830452,-0.470724902355,0.877703432912
1542728581600820769,,2736,,1542728581,573112802,"""/world""","""vicon/obstacle18/obstacle18""",,,0.413728875892,0.812182213076,0.773070173611,,-0.026317829627,-0.0858919019901,-0.470695694059,0.877710383105
1542728581621850491,,2737,,1542728581,589859160,"""/world""","""vicon/obstacle18/obstacle18""",,,0.413714122838,0.812244377367,0.773033247125,,-0.0261618905251,-0.0858468819997,-0.470706610213,0.877713595336
1542728581636421147,,2738,,1542728581,606496223,"""/world""","""vicon/obstacle18/obstacle18""",,,0.413711871588,0.812273074471,0.773032813437,,-0.026188436765,-0.0857728807374,-0.470775507852,0.877683086266
1542728581651742461,,2739,,1542728581,623134259,"""/world""","""vicon/obstacle18/obstacle18""",,,0.413719953524,0.812225006701,0.773070510546,,-0.0261811774748,-0.0858137958734,-0.470711874355,0.877713432576
1542728581667814717,,2740,,1542728581,639812692,"""/world""","""vicon/obstacle18/obstacle18""",,,0.413729853471,0.812173616798,0.773093505644,,-0.0261795375976,-0.0859013530284,-0.470682137805,0.877720863664
1542728581683607565,,2741,,1542728581,656443737,"""/world""","""vicon/obstacle18/obstacle18""",,,0.413728105909,0.812177357738,0.773075030197,,-0.0262696177184,-0.085937098146,-0.47071586881,0.877696583791
1542728581703851327,,2742,,1542728581,673188703,"""/world""","""vicon/obstacle18/obstacle18""",,,0.413716766675,0.812241297658,0.773034784348,,-0.0262249650252,-0.085838914983,-0.470692450578,0.877720085707
1542728581721402372,,2743,,1542728581,689812657,"""/world""","""vicon/obstacle18/obstacle18""",,,0.413711114782,0.812259395175,0.773032571425,,-0.0262241061387,-0.085739911139,-0.470731831843,0.877708668286
1542728581735167415,,2744,,1542728581,706487856,"""/world""","""vicon/obstacle18/obstacle18""",,,0.413725365125,0.812224485408,0.773065742974,,-0.0260719847881,-0.0858729818112,-0.470714909162,0.877709266726
1542728581750600866,,2745,,1542728581,723176217,"""/world""","""vicon/obstacle18/obstacle18""",,,0.413724783998,0.812184288935,0.773091178899,,-0.0261721931939,-0.0858111432322,-0.470753051116,0.877691875811
1542728581770308944,,2746,,1542728581,739895774,"""/world""","""vicon/obstacle18/obstacle18""",,,0.413728054512,0.812178903311,0.773072458788,,-0.0262264794116,-0.0859588444679,-0.47070007846,0.87770421269
1542728581786786843,,2747,,1542728581,756553391,"""/world""","""vicon/obstacle18/obstacle18""",,,0.413720334923,0.812229950736,0.773038873929,,-0.026211894273,-0.0859349922575,-0.470648002576,0.877734909512
1542728581802163042,,2748,,1542728581,773238532,"""/world""","""vicon/obstacle18/obstacle18""",,,0.413716401329,0.812247336263,0.773029197497,,-0.0262133927192,-0.0858608512341,-0.470656417671,0.877737608157
1542728581818883639,,2749,,1542728581,789848009,"""/world""","""vicon/obstacle18/obstacle18""",,,0.413718730957,0.812213522457,0.773066195662,,-0.0261999461655,-0.0858043546287,-0.470750564199,0.877693045349
1542728581835137553,,2750,,1542728581,806518708,"""/world""","""vicon/obstacle18/obstacle18""",,,0.41372616699,0.812184989614,0.773092150872,,-0.0261205277409,-0.0858380264517,-0.470733208259,0.877701428669
1542728581852770751,,2751,,1542728581,823193275,"""/world""","""vicon/obstacle18/obstacle18""",,,0.413723233288,0.812195030482,0.773073059713,,-0.0262082045128,-0.0858932407092,-0.470690130938,0.877716515655
1542728581868863499,,2752,,1542728581,839832471,"""/world""","""vicon/obstacle18/obstacle18""",,,0.413715113707,0.812228644254,0.773048563795,,-0.0262463054094,-0.0859046529681,-0.470701532499,0.877708145885
1542728581885352885,,2753,,1542728581,856577133,"""/world""","""vicon/obstacle18/obstacle18""",,,0.41371966533,0.812237096193,0.773027940332,,-0.0262479582064,-0.0859426732416,-0.470635080997,0.877740008283
1542728581902034043,,2754,,1542728581,873159371,"""/world""","""vicon/obstacle18/obstacle18""",,,0.413721368517,0.812219934767,0.773069024471,,-0.0261371346227,-0.0857835833449,-0.470763227853,0.877690156219
1542728581919126628,,2755,,1542728581,889812429,"""/world""","""vicon/obstacle18/obstacle18""",,,0.413727451539,0.812189472954,0.773089470415,,-0.0261931607229,-0.0858544108834,-0.470720616294,0.877704414857
1542728581935835568,,2756,,1542728581,906532157,"""/world""","""vicon/obstacle18/obstacle18""",,,0.413726852053,0.81220213056,0.773069160676,,-0.0261143658542,-0.0859426086719,-0.47069324696,0.877712809053
1542728581952690068,,2757,,1542728581,923215232,"""/world""","""vicon/obstacle18/obstacle18""",,,0.413720905141,0.812238530197,0.773041321712,,-0.026194408069,-0.0858182737102,-0.470742192791,0.877696339749
1542728581968961048,,2758,,1542728581,939780278,"""/world""","""vicon/obstacle18/obstacle18""",,,0.413715564286,0.812228427318,0.773023133063,,-0.0263157972619,-0.085969864297,-0.470615731078,0.8777456892
1542728581984844727,,2759,,1542728581,956555211,"""/world""","""vicon/obstacle18/obstacle18""",,,0.413726010579,0.812209721588,0.773064180704,,-0.0262678889316,-0.0858935782152,-0.470705491119,0.877706461104
1542728582002591347,,2760,,1542728581,973190563,"""/world""","""vicon/obstacle18/obstacle18""",,,0.413731863087,0.812181798438,0.773097216438,,-0.0261558532757,-0.0857945513606,-0.470734561429,0.877703901651
1542728582019449773,,2761,,1542728581,989868674,"""/world""","""vicon/obstacle18/obstacle18""",,,0.413726306068,0.81219975616,0.773071514527,,-0.0262207941076,-0.0858680024287,-0.470713287633,0.877706190568
1542728582035950960,,2762,,1542728582,6529224,"""/world""","""vicon/obstacle18/obstacle18""",,,0.413717171254,0.812238959012,0.773034823966,,-0.0262656180447,-0.0858670684524,-0.470736410393,0.877692540583
1542728582052248641,,2763,,1542728582,23200849,"""/world""","""vicon/obstacle18/obstacle18""",,,0.413717625261,0.812239376548,0.77303241264,,-0.0261737996471,-0.0859191423748,-0.470661109598,0.877730569763
1542728582070933396,,2764,,1542728582,39834758,"""/world""","""vicon/obstacle18/obstacle18""",,,0.413721245984,0.812214164137,0.773062981678,,-0.02621056741,-0.0858269763191,-0.470740301943,0.87769602051
1542728582087947210,,2765,,1542728582,56453447,"""/world""","""vicon/obstacle18/obstacle18""",,,0.413734518853,0.812184663464,0.773093975269,,-0.026095226464,-0.0860091654604,-0.470663337126,0.877722898014
1542728582104216931,,2766,,1542728582,73134346,"""/world""","""vicon/obstacle18/obstacle18""",,,0.413730919414,0.812188492134,0.773068554275,,-0.0262189977977,-0.0859592057272,-0.470742293564,0.877681760182
1542728582118492322,,2767,,1542728582,89755156,"""/world""","""vicon/obstacle18/obstacle18""",,,0.413719857936,0.81223342645,0.773035181033,,-0.0261611370742,-0.085971100266,-0.470660929192,0.877725956411
1542728582135774117,,2768,,1542728582,106521071,"""/world""","""vicon/obstacle18/obstacle18""",,,0.4137185882,0.81224605619,0.773028199327,,-0.0262377047843,-0.0858524747565,-0.470776536861,0.877673280764
1542728582154413125,,2769,,1542728582,123146977,"""/world""","""vicon/obstacle18/obstacle18""",,,0.413719888495,0.812209661561,0.773055276173,,-0.0263279539687,-0.0858803499098,-0.470727983316,0.877693893144
1542728582170726463,,2770,,1542728582,139827568,"""/world""","""vicon/obstacle18/obstacle18""",,,0.41373438693,0.812183759218,0.773084969819,,-0.0262059948044,-0.0859170273452,-0.470734432043,0.877690494843
1542728582188657171,,2771,,1542728582,156564358,"""/world""","""vicon/obstacle18/obstacle18""",,,0.413721631411,0.812193835296,0.773078811861,,-0.0262116412583,-0.0859235355939,-0.47071625201,0.877699439436
1542728582204810206,,2772,,1542728582,173182080,"""/world""","""vicon/obstacle18/obstacle18""",,,0.413722137165,0.812228607113,0.77302874932,,-0.0262085248716,-0.0858652887648,-0.470731177043,0.877697228188
1542728582219300531,,2773,,1542728582,189806946,"""/world""","""vicon/obstacle18/obstacle18""",,,0.413716925845,0.812256539123,0.773029502525,,-0.0260677309145,-0.0858278659767,-0.470745306523,0.877697503251
1542728582237457261,,2774,,1542728582,206561126,"""/world""","""vicon/obstacle18/obstacle18""",,,0.413725828832,0.81222271337,0.77305501384,,-0.026174553507,-0.0859178484989,-0.470673023911,0.877724285081
1542728582255345660,,2775,,1542728582,223186019,"""/world""","""vicon/obstacle18/obstacle18""",,,0.4137298955,0.812174070686,0.773086826616,,-0.0262161547867,-0.0859614358899,-0.47068944673,0.877709968899
1542728582271047118,,2776,,1542728582,239854249,"""/world""","""vicon/obstacle18/obstacle18""",,,0.413724211829,0.812190534253,0.773085621162,,-0.0261792143069,-0.0858466992576,-0.470750935529,0.877689324114
1542728582285366965,,2777,,1542728582,256510452,"""/world""","""vicon/obstacle18/obstacle18""",,,0.41371697048,0.812230945246,0.773041162305,,-0.026233508371,-0.0858480182708,-0.470722653078,0.877702742776
1542728582301943108,,2778,,1542728582,273130813,"""/world""","""vicon/obstacle18/obstacle18""",,,0.413716834899,0.812256783504,0.773021726349,,-0.026201546556,-0.0858282589119,-0.470760662077,0.877685244248
1542728582318905614,,2779,,1542728582,289772590,"""/world""","""vicon/obstacle18/obstacle18""",,,0.41372677665,0.812228059449,0.77306401204,,-0.0262063704068,-0.0858916269723,-0.470732168278,0.877694183822
1542728582331290359,,2780,,1542728582,308274698,"""/world""","""vicon/obstacle18/obstacle18""",,,0.413732811234,0.812169771969,0.7730792249,,-0.026243981196,-0.0859419096284,-0.470670661107,0.877721123361
1542728582349058538,,2781,,1542728582,323160380,"""/world""","""vicon/obstacle18/obstacle18""",,,0.413721292069,0.81217816403,0.773069191352,,-0.0263854806689,-0.0859585275507,-0.470649140043,0.877726794013
1542728582367851996,,2782,,1542728582,339836868,"""/world""","""vicon/obstacle18/obstacle18""",,,0.413713591954,0.812234764112,0.773048917013,,-0.0261349850504,-0.0858308662256,-0.470756093433,0.877689424259
1542728582385391106,,2783,,1542728582,356586806,"""/world""","""vicon/obstacle18/obstacle18""",,,0.413711942007,0.812267344256,0.773033238094,,-0.0261252937387,-0.0857919855007,-0.470753158372,0.877695088361
1542728582401217458,,2784,,1542728582,373230609,"""/world""","""vicon/obstacle18/obstacle18""",,,0.41372200592,0.812230490461,0.773053980044,,-0.0261699212869,-0.0858959018861,-0.470726491508,0.8776978976
1542728582421188111,,2785,,1542728582,389787502,"""/world""","""vicon/obstacle18/obstacle18""",,,0.413732330714,0.812169121417,0.773085975232,,-0.0262739171762,-0.085955520483,-0.47069608546,0.877705260841
1542728582438057582,,2786,,1542728582,406556013,"""/world""","""vicon/obstacle18/obstacle18""",,,0.413731114049,0.812167171051,0.773077237263,,-0.0262632665868,-0.0859432394182,-0.470686806366,0.877711758346
1542728582454327537,,2787,,1542728582,423180935,"""/world""","""vicon/obstacle18/obstacle18""",,,0.413714257304,0.812226764971,0.773035239487,,-0.0262103191554,-0.0859085155162,-0.470712463871,0.87770298079
1542728582467893127,,2788,,1542728582,439803183,"""/world""","""vicon/obstacle18/obstacle18""",,,0.413707860456,0.812276700653,0.773040453194,,-0.0261431371382,-0.0857429057466,-0.470764065316,0.877693503053
1542728582483426107,,2789,,1542728582,456472355,"""/world""","""vicon/obstacle18/obstacle18""",,,0.413719992056,0.81223727963,0.773045556186,,-0.0262131284697,-0.0858417772703,-0.470746554175,0.87769114323
1542728582500502826,,2790,,1542728582,473182570,"""/world""","""vicon/obstacle18/obstacle18""",,,0.413726709216,0.812175635031,0.77308739199,,-0.0261756513392,-0.0859787490645,-0.47066828564,0.877720829694
1542728582518556724,,2791,,1542728582,489827540,"""/world""","""vicon/obstacle18/obstacle18""",,,0.413725619132,0.812167034428,0.773078484961,,-0.026243352128,-0.0860047336601,-0.470629967332,0.877736809132
1542728582535185299,,2792,,1542728582,506545113,"""/world""","""vicon/obstacle18/obstacle18""",,,0.413721244246,0.812220656116,0.773042342132,,-0.0262836205291,-0.0859193685867,-0.47069369944,0.877709789567
1542728582553628733,,2793,,1542728582,523187081,"""/world""","""vicon/obstacle18/obstacle18""",,,0.413710176321,0.812276077044,0.773032423637,,-0.0260084827037,-0.0857588289505,-0.470761886476,0.877697116508
1542728582568278381,,2794,,1542728582,539820394,"""/world""","""vicon/obstacle18/obstacle18""",,,0.413714331944,0.812245431025,0.773055658318,,-0.0261427512235,-0.0858059035542,-0.470736692715,0.877702039194
1542728582584608373,,2795,,1542728582,556522698,"""/world""","""vicon/obstacle18/obstacle18""",,,0.413724343174,0.812181565074,0.773081061634,,-0.0261568921046,-0.0859554389013,-0.470634825715,0.877741613656
1542728582605115894,,2796,,1542728582,573197321,"""/world""","""vicon/obstacle18/obstacle18""",,,0.413729057451,0.812172328336,0.773090514293,,-0.0262593875414,-0.0858854109875,-0.470734029953,0.877692209029
1542728582622076890,,2797,,1542728582,589815964,"""/world""","""vicon/obstacle18/obstacle18""",,,0.413717946665,0.812221298354,0.773042039133,,-0.0262641603572,-0.0859584584481,-0.47068805936,0.877709569321
1542728582638802563,,2798,,1542728582,606564691,"""/world""","""vicon/obstacle18/obstacle18""",,,0.413710955288,0.812269191758,0.773031319777,,-0.0261020683569,-0.0858304335358,-0.470734358119,0.877702103673
1542728582655697552,,2799,,1542728582,623179371,"""/world""","""vicon/obstacle18/obstacle18""",,,0.413714436591,0.812236961737,0.773058097206,,-0.0261225049514,-0.0857464608796,-0.470752258909,0.877700102492
1542728582667230072,,2800,,1542728582,639816525,"""/world""","""vicon/obstacle18/obstacle18""",,,0.413722943134,0.812190454844,0.773089220694,,-0.0261344071721,-0.0858370424575,-0.470693227553,0.877722553225
1542728582681974322,,2801,,1542728582,656446708,"""/world""","""vicon/obstacle18/obstacle18""",,,0.413730094565,0.812175094737,0.773084174984,,-0.0262055560591,-0.0858414948456,-0.470698874573,0.877716968088
1542728582703020147,,2802,,1542728582,673122239,"""/world""","""vicon/obstacle18/obstacle18""",,,0.413723440716,0.81222446946,0.773044926071,,-0.0262516846055,-0.0858967783757,-0.470723779165,0.877696824791
1542728582718983001,,2803,,1542728582,689829194,"""/world""","""vicon/obstacle18/obstacle18""",,,0.413709140423,0.812258927536,0.773030671825,,-0.0261067916785,-0.085896601269,-0.470687095652,0.877720836773
1542728582734518470,,2804,,1542728582,706484330,"""/world""","""vicon/obstacle18/obstacle18""",,,0.413715886852,0.812229609741,0.773045696907,,-0.026235516163,-0.0858456399599,-0.470729608307,0.877699185174
1542728582754395823,,2805,,1542728582,723241399,"""/world""","""vicon/obstacle18/obstacle18""",,,0.413722212535,0.812186572304,0.77308659662,,-0.0261961298723,-0.0858312752313,-0.470724427463,0.877704545027
1542728582771141784,,2806,,1542728582,739788594,"""/world""","""vicon/obstacle18/obstacle18""",,,0.413730468757,0.812185076744,0.773084380214,,-0.0262529785528,-0.0858246763427,-0.470677704376,0.877728548386
1542728582783780539,,2807,,1542728582,756547015,"""/world""","""vicon/obstacle18/obstacle18""",,,0.413720963807,0.812226370945,0.773049204945,,-0.026265289076,-0.0858566213036,-0.470717441476,0.877703745838
1542728582800755268,,2808,,1542728582,773185775,"""/world""","""vicon/obstacle18/obstacle18""",,,0.413716990128,0.812253057368,0.773013958497,,-0.0261573509947,-0.0858450316565,-0.470714098846,0.87770989551
1542728582820954238,,2809,,1542728582,789797614,"""/world""","""vicon/obstacle18/obstacle18""",,,0.413715125522,0.812230630016,0.773044961161,,-0.0262084447698,-0.0858076973805,-0.470702725383,0.877718121501
1542728582838487184,,2810,,1542728582,806541624,"""/world""","""vicon/obstacle18/obstacle18""",,,0.41372377897,0.812186580495,0.77308299722,,-0.0263106899968,-0.0858250821928,-0.470705031384,0.877712126092
1542728582854073014,,2811,,1542728582,823190078,"""/world""","""vicon/obstacle18/obstacle18""",,,0.413731899441,0.812188085212,0.77308745274,,-0.0261708512648,-0.085794248198,-0.470729168143,0.877706376745
1542728582868785959,,2812,,1542728582,839800822,"""/world""","""vicon/obstacle18/obstacle18""",,,0.413724568839,0.812233311888,0.773046280147,,-0.0262243845917,-0.0858156824912,-0.470709140254,0.877713424515
1542728582885126136,,2813,,1542728582,856567316,"""/world""","""vicon/obstacle18/obstacle18""",,,0.41370999583,0.812247116659,0.773012372715,,-0.0262662406288,-0.0858628795264,-0.470739586957,0.877691228049
1542728582903417211,,2814,,1542728582,873161283,"""/world""","""vicon/obstacle18/obstacle18""",,,0.413714742737,0.812229673859,0.773030220696,,-0.0262157062292,-0.0858578112038,-0.470729366979,0.877698715999
1542728582920715858,,2815,,1542728582,889875806,"""/world""","""vicon/obstacle18/obstacle18""",,,0.41371703462,0.812198012407,0.773088449894,,-0.026062399412,-0.0858245575579,-0.470708252011,0.877717857939
1542728582933560061,,2816,,1542728582,906445050,"""/world""","""vicon/obstacle18/obstacle18""",,,0.413732155384,0.812182602735,0.773094692563,,-0.026191565298,-0.0858406525133,-0.470739638203,0.877695606294
1542728582950547779,,2817,,1542728582,923195537,"""/world""","""vicon/obstacle18/obstacle18""",,,0.413728621214,0.812226712569,0.773053152149,,-0.0261540616906,-0.085930375457,-0.470673195748,0.877723577464
1542728582967464481,,2818,,1542728582,939806556,"""/world""","""vicon/obstacle18/obstacle18""",,,0.413713055375,0.812249834351,0.773020754017,,-0.0262551993017,-0.0857665185048,-0.470766934206,0.877686312114
1542728582984556090,,2819,,1542728582,956532046,"""/world""","""vicon/obstacle18/obstacle18""",,,0.413710438518,0.812225291369,0.773032609559,,-0.0262559176126,-0.0858889598441,-0.470708059905,0.877705893627
1542728583000084433,,2820,,1542728582,973170996,"""/world""","""vicon/obstacle18/obstacle18""",,,0.41371724051,0.812203219587,0.773086250557,,-0.0260651803442,-0.0858535408094,-0.470697526192,0.877720692897
1542728583018334059,,2821,,1542728582,989828066,"""/world""","""vicon/obstacle18/obstacle18""",,,0.413725742143,0.812191502887,0.7730964579,,-0.0261470425822,-0.0858697675523,-0.470696916232,0.877716997804
1542728583038036755,,2822,,1542728583,6493392,"""/world""","""vicon/obstacle18/obstacle18""",,,0.413722858298,0.812222472119,0.773065713421,,-0.026072094368,-0.0859005263967,-0.470732189911,0.877697300236
1542728583048278775,,2823,,1542728583,23040630,"""/world""","""vicon/obstacle18/obstacle18""",,,0.413719297,0.812248850754,0.77302506801,,-0.0261768137614,-0.0858792402336,-0.470680983141,0.877723727962
1542728583064489854,,2824,,1542728583,39789133,"""/world""","""vicon/obstacle18/obstacle18""",,,0.413710644126,0.812234132872,0.7730267927,,-0.0262752996493,-0.0857937237056,-0.470754693856,0.877689617014
1542728583088210002,,2825,,1542728583,56469302,"""/world""","""vicon/obstacle18/obstacle18""",,,0.413719990873,0.81220211157,0.773076859183,,-0.0262270728118,-0.0858290726105,-0.470705969886,0.877713735144
1542728583105059702,,2826,,1542728583,73141684,"""/world""","""vicon/obstacle18/obstacle18""",,,0.413727130481,0.812198294277,0.773107900378,,-0.02607867978,-0.0858023517637,-0.470734280733,0.87770558608
1542728583116055198,,2827,,1542728583,89792532,"""/world""","""vicon/obstacle18/obstacle18""",,,0.413720758742,0.812220817033,0.773067302592,,-0.0261666820825,-0.0858029058322,-0.470730364469,0.877705013126
1542728583133014351,,2828,,1542728583,106509352,"""/world""","""vicon/obstacle18/obstacle18""",,,0.413717866938,0.812243390495,0.773026463244,,-0.0261612106532,-0.0859257614377,-0.470668630307,0.87772626429
1542728583149743492,,2829,,1542728583,123133639,"""/world""","""vicon/obstacle18/obstacle18""",,,0.413718135681,0.812239377683,0.773030809125,,-0.0261976888408,-0.0858835606772,-0.470692044201,0.877716750798
1542728583166517296,,2830,,1542728583,139711457,"""/world""","""vicon/obstacle18/obstacle18""",,,0.413717773355,0.812197281769,0.773072814756,,-0.0262402324333,-0.0858353723405,-0.470737235563,0.877695957671
1542728583183376456,,2831,,1542728583,156501245,"""/world""","""vicon/obstacle18/obstacle18""",,,0.413723156675,0.812190851646,0.773098878895,,-0.0260770774875,-0.0858482966299,-0.470699722816,0.877719674461
1542728583202570908,,2832,,1542728583,173203656,"""/world""","""vicon/obstacle18/obstacle18""",,,0.4137210048,0.812218457351,0.773074879427,,-0.0260449518287,-0.0858096895068,-0.470694222662,0.877727353125
1542728583218119173,,2833,,1542728583,189860825,"""/world""","""vicon/obstacle18/obstacle18""",,,0.413714001564,0.812244235591,0.773030874572,,-0.0261636314982,-0.0859004986326,-0.470704036148,0.877709678126
1542728583233563382,,2834,,1542728583,206534477,"""/world""","""vicon/obstacle18/obstacle18""",,,0.413716835625,0.812244306088,0.773033613709,,-0.0261489444911,-0.0858512183417,-0.470732992437,0.877699408022
1542728583249955496,,2835,,1542728583,223170134,"""/world""","""vicon/obstacle18/obstacle18""",,,0.413728042138,0.812195685293,0.773072408042,,-0.0262610835593,-0.0859357836317,-0.470688341626,0.877711730376
1542728583267678366,,2836,,1542728583,239797921,"""/world""","""vicon/obstacle18/obstacle18""",,,0.413723576157,0.812177992406,0.77308990329,,-0.0261576866073,-0.0858904453204,-0.470707815687,0.877708812241
1542728583283905695,,2837,,1542728583,256536405,"""/world""","""vicon/obstacle18/obstacle18""",,,0.413719296752,0.812210257403,0.773069220293,,-0.0261055400268,-0.0857368788117,-0.470770427885,0.877691798196
1542728583300309437,,2838,,1542728583,273205547,"""/world""","""vicon/obstacle18/obstacle18""",,,0.413719407224,0.812251886243,0.773035913645,,-0.0261693252011,-0.0858170475315,-0.470731435481,0.877702977335
1542728583317656942,,2839,,1542728583,289890024,"""/world""","""vicon/obstacle18/obstacle18""",,,0.413719858522,0.812246234417,0.773037561989,,-0.0262481181393,-0.0859044707656,-0.470691257903,0.877713619542
1542728583334209953,,2840,,1542728583,306501084,"""/world""","""vicon/obstacle18/obstacle18""",,,0.413726121953,0.812190507441,0.773063511816,,-0.0262721289329,-0.0859621646165,-0.470688764173,0.877708589896
1542728583350100189,,2841,,1542728583,323214812,"""/world""","""vicon/obstacle18/obstacle18""",,,0.413723737593,0.812176383178,0.773083322297,,-0.0261413711151,-0.0859089625253,-0.470682031805,0.877721313294
1542728583368294639,,2842,,1542728583,340622032,"""/world""","""vicon/obstacle18/obstacle18""",,,0.413719733373,0.812213141254,0.773068121213,,-0.026151142955,-0.0857211154504,-0.470778327675,0.877687743038
1542728583381808332,,2843,,1542728583,356363506,"""/world""","""vicon/obstacle18/obstacle18""",,,0.41371641329,0.812256948585,0.773053161608,,-0.026098632765,-0.0858290195375,-0.470748035986,0.877695008182
1542728583399105189,,2844,,1542728583,373178818,"""/world""","""vicon/obstacle18/obstacle18""",,,0.413719126987,0.812250737092,0.773033363059,,-0.0262345806991,-0.0858249602659,-0.470765440198,0.877682017183
1542728583416400387,,2845,,1542728583,389752796,"""/world""","""vicon/obstacle18/obstacle18""",,,0.413719076858,0.812201889475,0.773071901854,,-0.0261636633134,-0.0858943452201,-0.470701500679,0.877711639116
1542728583433353727,,2846,,1542728583,406541246,"""/world""","""vicon/obstacle18/obstacle18""",,,0.413726461164,0.812176054166,0.77308479324,,-0.0261857187454,-0.0859049881866,-0.470687534035,0.877717429725
1542728583449900403,,2847,,1542728583,423201218,"""/world""","""vicon/obstacle18/obstacle18""",,,0.413724939392,0.812210179995,0.773068066676,,-0.026120000252,-0.0858314485711,-0.470753048928,0.877691446322
1542728583468749793,,2848,,1542728583,439798414,"""/world""","""vicon/obstacle18/obstacle18""",,,0.413721170719,0.812262195483,0.773043515965,,-0.026140328088,-0.0857153589024,-0.470753349801,0.877702024691
1542728583487470230,,2849,,1542728583,456530903,"""/world""","""vicon/obstacle18/obstacle18""",,,0.4137215841,0.812251819166,0.773037400865,,-0.0261059135559,-0.0857856580434,-0.470771436572,0.877686479706
1542728583503193207,,2850,,1542728583,473200074,"""/world""","""vicon/obstacle18/obstacle18""",,,0.413726355636,0.812203724818,0.773053333788,,-0.0263096770512,-0.0858175787653,-0.470743318883,0.877692356008
1542728583519918771,,2851,,1542728583,489847294,"""/world""","""vicon/obstacle18/obstacle18""",,,0.413725874941,0.812179204046,0.773081103479,,-0.0262976134519,-0.0859404621331,-0.470717678158,0.877694445673
1542728583535451229,,2852,,1542728583,506495731,"""/world""","""vicon/obstacle18/obstacle18""",,,0.413729005056,0.812203272579,0.773064640938,,-0.0261718405742,-0.0858741850026,-0.470721649143,0.877702562454
1542728583553099184,,2853,,1542728583,523247892,"""/world""","""vicon/obstacle18/obstacle18""",,,0.413724430282,0.812255917166,0.773048990718,,-0.0261000125752,-0.0857177152874,-0.470806407416,0.877674534987
1542728583567021084,,2854,,1542728583,539801592,"""/world""","""vicon/obstacle18/obstacle18""",,,0.413719204019,0.812252571802,0.773043593126,,-0.0260944091296,-0.0858763463575,-0.470708521485,0.877711696829
1542728583583753231,,2855,,1542728583,556530480,"""/world""","""vicon/obstacle18/obstacle18""",,,0.413722228711,0.812205952957,0.773047595673,,-0.0261992131157,-0.0859425684639,-0.470715178266,0.877698522904
1542728583605661051,,2856,,1542728583,573213816,"""/world""","""vicon/obstacle18/obstacle18""",,,0.413730851893,0.812189990998,0.773079767768,,-0.0261784686857,-0.0859242463192,-0.470666528579,0.877727025075
1542728583620925021,,2857,,1542728583,589832209,"""/world""","""vicon/obstacle18/obstacle18""",,,0.413729967294,0.812205207539,0.773068966445,,-0.0261846708108,-0.0859550611354,-0.470656900427,0.877728985827
1542728583635350747,,2858,,1542728583,606546031,"""/world""","""vicon/obstacle18/obstacle18""",,,0.413719653999,0.812243937009,0.773043783301,,-0.026200303142,-0.085737348295,-0.470829354865,0.877657319129
1542728583651304756,,2859,,1542728583,623199035,"""/world""","""vicon/obstacle18/obstacle18""",,,0.413724397117,0.812248927581,0.773040868416,,-0.0261379798705,-0.0858114494747,-0.470763308608,0.87768736371
1542728583667393855,,2860,,1542728583,639812780,"""/world""","""vicon/obstacle18/obstacle18""",,,0.413722870775,0.812211506018,0.773055211878,,-0.0261875888617,-0.0858948634731,-0.470699074618,0.877712175928
1542728583684244117,,2861,,1542728583,656501997,"""/world""","""vicon/obstacle18/obstacle18""",,,0.413729672244,0.812191802814,0.773066394494,,-0.0262875675834,-0.0859123954818,-0.470710376305,0.877701410351
1542728583701600416,,2862,,1542728583,673199584,"""/world""","""vicon/obstacle18/obstacle18""",,,0.413730692604,0.812211621323,0.773076726139,,-0.0261572717472,-0.0858546013964,-0.47075056591,0.877689403633
1542728583717804582,,2863,,1542728583,689842223,"""/world""","""vicon/obstacle18/obstacle18""",,,0.413723077446,0.812238687215,0.773051009049,,-0.0260911343233,-0.0857872311417,-0.470786767539,0.87767854206
1542728583733530562,,2864,,1542728583,706521048,"""/world""","""vicon/obstacle18/obstacle18""",,,0.413721368269,0.812239144128,0.773044311891,,-0.0261351545458,-0.0858970856027,-0.47067615515,0.877725812173
1542728583750530922,,2865,,1542728583,723207480,"""/world""","""vicon/obstacle18/obstacle18""",,,0.413721674271,0.812208097013,0.773055654937,,-0.0262639396915,-0.08589038173,-0.470695497489,0.877712251505
1542728583768895925,,2866,,1542728583,739830522,"""/world""","""vicon/obstacle18/obstacle18""",,,0.413729277276,0.812194704869,0.773074679519,,-0.0262696820894,-0.0858876069747,-0.470694816251,0.877712716511
1542728583786464722,,2867,,1542728583,756534198,"""/world""","""vicon/obstacle18/obstacle18""",,,0.413729852176,0.812214478345,0.773067522124,,-0.0261498805631,-0.0858555783278,-0.470740870163,0.877694728579
1542728583802512509,,2868,,1542728583,773171012,"""/world""","""vicon/obstacle18/obstacle18""",,,0.413719847249,0.81223622017,0.773053082772,,-0.0262229970917,-0.0857941319916,-0.470778786918,0.877678218442
1542728583819673696,,2869,,1542728583,789823062,"""/world""","""vicon/obstacle18/obstacle18""",,,0.413719264909,0.812233950872,0.773042628215,,-0.0261624115671,-0.0858350356704,-0.470719138346,0.877708019599
1542728583836629947,,2870,,1542728583,806557636,"""/world""","""vicon/obstacle18/obstacle18""",,,0.413720493846,0.812210739655,0.773068774961,,-0.026179026575,-0.0858118910786,-0.470699328594,0.877720411053
1542728583854439247,,2871,,1542728583,823188328,"""/world""","""vicon/obstacle18/obstacle18""",,,0.413728195679,0.812192796742,0.773071582542,,-0.0262737494902,-0.0859776529587,-0.470696369202,0.877702945933
1542728583871070601,,2872,,1542728583,839799590,"""/world""","""vicon/obstacle18/obstacle18""",,,0.413725714535,0.812223473936,0.773067378522,,-0.0260642582844,-0.085868399943,-0.470672069646,0.877732917912
1542728583887785633,,2873,,1542728583,856516235,"""/world""","""vicon/obstacle18/obstacle18""",,,0.413725879951,0.812244020269,0.773059448934,,-0.0260293762102,-0.0858401980499,-0.470734906464,0.877703013444
1542728583899869738,,2874,,1542728583,873121280,"""/world""","""vicon/obstacle18/obstacle18""",,,0.413721443091,0.812231541686,0.773044860654,,-0.0262239175211,-0.0859199851824,-0.470657493118,0.877730930564
1542728583917427485,,2875,,1542728583,889824938,"""/world""","""vicon/obstacle18/obstacle18""",,,0.413721074882,0.812207734864,0.773067650101,,-0.0261578483423,-0.0858374921795,-0.470718684906,0.877708158551
1542728583933226084,,2876,,1542728583,906451993,"""/world""","""vicon/obstacle18/obstacle18""",,,0.413730780132,0.812190063305,0.773075433118,,-0.026213381622,-0.085918685538,-0.47067957654,0.87771953056
1542728583954354069,,2877,,1542728583,923159644,"""/world""","""vicon/obstacle18/obstacle18""",,,0.413728001551,0.81221686452,0.773073025667,,-0.0261968867261,-0.0858675502519,-0.470750783149,0.877686838858
1542728583971664572,,2878,,1542728583,939799021,"""/world""","""vicon/obstacle18/obstacle18""",,,0.413726264911,0.812247033135,0.773042520346,,-0.026151043745,-0.0857766948968,-0.470744754869,0.877700323167
1542728583985346308,,2879,,1542728583,956548768,"""/world""","""vicon/obstacle18/obstacle18""",,,0.413724603503,0.812224126963,0.773045541799,,-0.0262737694221,-0.0858846242866,-0.470694910713,0.877712835374
1542728584001692393,,2880,,1542728583,973214511,"""/world""","""vicon/obstacle18/obstacle18""",,,0.413726318044,0.812208563136,0.773068993554,,-0.0261861150816,-0.0858393714792,-0.470715098139,0.877709055476
1542728584019899266,,2881,,1542728583,989785947,"""/world""","""vicon/obstacle18/obstacle18""",,,0.413722616566,0.812192706925,0.77308070438,,-0.02625080318,-0.0858524705988,-0.470723468534,0.87770135285
1542728584036462368,,2882,,1542728584,6527372,"""/world""","""vicon/obstacle18/obstacle18""",,,0.41372619415,0.812211890414,0.773060347495,,-0.0262095868317,-0.0858922365547,-0.470675189219,0.877724585227
1542728584053485222,,2883,,1542728584,23176649,"""/world""","""vicon/obstacle18/obstacle18""",,,0.4137209241,0.81224774628,0.773057790203,,-0.0261302501728,-0.0857464940725,-0.470749651633,0.877701267099
1542728584069977638,,2884,,1542728584,39815405,"""/world""","""vicon/obstacle18/obstacle18""",,,0.41372280052,0.812240916368,0.77305697421,,-0.0261682293779,-0.0857665629867,-0.470761323088,0.8776919147
1542728584086605169,,2885,,1542728584,56483046,"""/world""","""vicon/obstacle18/obstacle18""",,,0.413716804594,0.812197844115,0.773068930632,,-0.0262378368903,-0.0858804257428,-0.470673965383,0.877725553177
1542728584103224143,,2886,,1542728584,73159915,"""/world""","""vicon/obstacle18/obstacle18""",,,0.41372515146,0.812193660701,0.773070270632,,-0.0262606717237,-0.0858574840994,-0.470651787344,0.877739007117
1542728584120116451,,2887,,1542728584,89815154,"""/world""","""vicon/obstacle18/obstacle18""",,,0.413722585504,0.812217908492,0.773082148983,,-0.026162719223,-0.0857293127364,-0.470763166848,0.877694729276
1542728584136357021,,2888,,1542728584,106512410,"""/world""","""vicon/obstacle18/obstacle18""",,,0.41372293788,0.812236841421,0.773049673889,,-0.0261732024789,-0.0859515396026,-0.470670091875,0.877722599075
1542728584152860745,,2889,,1542728584,123178318,"""/world""","""vicon/obstacle18/obstacle18""",,,0.413724423334,0.812243386151,0.773058325556,,-0.0260985533702,-0.0858294114508,-0.470714688373,0.877712857255
1542728584169212131,,2890,,1542728584,139831948,"""/world""","""vicon/obstacle18/obstacle18""",,,0.413722439713,0.812211413095,0.773063483751,,-0.0261031572612,-0.0859326173073,-0.470695099101,0.877713127477
1542728584185879587,,2891,,1542728584,156544188,"""/world""","""vicon/obstacle18/obstacle18""",,,0.4137209883,0.812193303287,0.773075077209,,-0.0261561355226,-0.0859100338272,-0.470675710953,0.877724158139
1542728584202532907,,2892,,1542728584,173212011,"""/world""","""vicon/obstacle18/obstacle18""",,,0.413725146358,0.812210600766,0.773075260399,,-0.0262021150841,-0.0859008244294,-0.470656947188,0.87773374983
1542728584219341292,,2893,,1542728584,189824896,"""/world""","""vicon/obstacle18/obstacle18""",,,0.413728782583,0.812240482667,0.77306537092,,-0.0261234902607,-0.0857144365309,-0.470820912201,0.877666375829
1542728584236705703,,2894,,1542728584,206568771,"""/world""","""vicon/obstacle18/obstacle18""",,,0.41371605371,0.812243001094,0.77305583386,,-0.0261227255836,-0.0858813030457,-0.470690960242,0.877719787256
1542728584252876021,,2895,,1542728584,223182414,"""/world""","""vicon/obstacle18/obstacle18""",,,0.413724453499,0.812215247459,0.773061228655,,-0.0262853796771,-0.0858348803224,-0.470716911682,0.877705554951
1542728584271526399,,2896,,1542728584,239810377,"""/world""","""vicon/obstacle18/obstacle18""",,,0.413718993098,0.812205553244,0.773078303891,,-0.02612503541,-0.0859784665143,-0.470615673086,0.877750576227
1542728584290428370,,2897,,1542728584,256554908,"""/world""","""vicon/obstacle18/obstacle18""",,,0.413722803403,0.812210579188,0.773073371536,,-0.0262559918705,-0.0858475390426,-0.470676146284,0.877727057946
1542728584305272773,,2898,,1542728584,273192066,"""/world""","""vicon/obstacle18/obstacle18""",,,0.413724706788,0.812231943238,0.773068522622,,-0.0261220657108,-0.0858477761369,-0.470749457426,0.877691714299
1542728584315643813,,2899,,1542728584,289832367,"""/world""","""vicon/obstacle18/obstacle18""",,,0.413724919028,0.8122411906,0.773051965197,,-0.0260675077148,-0.0858955448274,-0.470712070262,0.877708714398
1542728584332717513,,2900,,1542728584,306499909,"""/world""","""vicon/obstacle18/obstacle18""",,,0.413719776253,0.812215849669,0.77304906567,,-0.0261685067231,-0.0859405414144,-0.470660306787,0.877729063101
1542728584351939975,,2901,,1542728584,323166696,"""/world""","""vicon/obstacle18/obstacle18""",,,0.413724786048,0.81220589867,0.773068527497,,-0.0262265410104,-0.0858531518696,-0.470713097279,0.877707573689
1542728584367196627,,2902,,1542728584,339748308,"""/world""","""vicon/obstacle18/obstacle18""",,,0.413725900664,0.812205620797,0.773075046758,,-0.0260967139219,-0.0858787977674,-0.470719727673,0.877705378584
1542728584389165269,,2903,,1542728584,356495715,"""/world""","""vicon/obstacle18/obstacle18""",,,0.413723057673,0.812219214845,0.773065774019,,-0.0262071337513,-0.0858723361997,-0.470745847317,0.877688712044
1542728584407561902,,2904,,1542728584,373128718,"""/world""","""vicon/obstacle18/obstacle18""",,,0.413725610617,0.81223320695,0.773055538563,,-0.0260989237405,-0.0857662615881,-0.470810359177,0.877667704912
1542728584419837910,,2905,,1542728584,389799478,"""/world""","""vicon/obstacle18/obstacle18""",,,0.413724993722,0.812225198057,0.77304886058,,-0.0262216728652,-0.0859071739829,-0.47071417975,0.877701852746
1542728584432673300,,2906,,1542728584,407184120,"""/world""","""vicon/obstacle18/obstacle18""",,,0.413718913586,0.812207690395,0.773072706627,,-0.026270114929,-0.0858990336533,-0.470658184801,0.877731228885
1542728584448869278,,2907,,1542728584,423102762,"""/world""","""vicon/obstacle18/obstacle18""",,,0.413729205465,0.812202389436,0.773074552805,,-0.0261678516955,-0.0858375925978,-0.470704049618,0.877715699363
1542728584473717673,,2908,,1542728584,439803401,"""/world""","""vicon/obstacle18/obstacle18""",,,0.413725427379,0.812224367527,0.773069217018,,-0.0261548053906,-0.0857383057545,-0.470772770075,0.877688935806
1542728584488631800,,2909,,1542728584,456491616,"""/world""","""vicon/obstacle18/obstacle18""",,,0.413720436337,0.812223644117,0.773053616965,,-0.0262976328038,-0.0858795490269,-0.470684337463,0.877718287399
1542728584503942145,,2910,,1542728584,473276993,"""/world""","""vicon/obstacle18/obstacle18""",,,0.413722529649,0.812220182436,0.773041977347,,-0.0263172569807,-0.0859326834194,-0.470744163681,0.877680413514
1542728584521578512,,2911,,1542728584,489853138,"""/world""","""vicon/obstacle18/obstacle18""",,,0.413724086066,0.812220698499,0.773075985589,,-0.0261537697767,-0.0858144317527,-0.470746009386,0.877695880289
1542728584537691868,,2912,,1542728584,506509988,"""/world""","""vicon/obstacle18/obstacle18""",,,0.413726754534,0.812197830483,0.773072980674,,-0.0262122369066,-0.0858770243217,-0.470714029952,0.877705165381
1542728584554109543,,2913,,1542728584,523173744,"""/world""","""vicon/obstacle18/obstacle18""",,,0.413727077607,0.812218573004,0.773067911049,,-0.0261625822768,-0.0858253355488,-0.470706463182,0.877715760702
1542728584570284293,,2914,,1542728584,539793736,"""/world""","""vicon/obstacle18/obstacle18""",,,0.41372466405,0.812229785576,0.77305788266,,-0.0261376984814,-0.0858272031703,-0.470744838934,0.877695738016
1542728584585580114,,2915,,1542728584,556464107,"""/world""","""vicon/obstacle18/obstacle18""",,,0.413719378912,0.81221782623,0.773054190336,,-0.02634484378,-0.0858693889931,-0.470704876204,0.877706851265
1542728584600180262,,2916,,1542728584,573187246,"""/world""","""vicon/obstacle18/obstacle18""",,,0.413726566907,0.812213604869,0.773061118719,,-0.0262260001686,-0.0859205660618,-0.47066609675,0.877726197976
1542728584620571619,,2917,,1542728584,589750468,"""/world""","""vicon/obstacle18/obstacle18""",,,0.413730905454,0.812214796639,0.773076912957,,-0.0261158941636,-0.0858513268442,-0.470765431362,0.87768298285
1542728584636666787,,2918,,1542728584,606540943,"""/world""","""vicon/obstacle18/obstacle18""",,,0.413723633402,0.812210583791,0.773062777128,,-0.0261446926045,-0.0858098390451,-0.470765269155,0.877686269648
1542728584650001997,,2919,,1542728584,623129288,"""/world""","""vicon/obstacle18/obstacle18""",,,0.413725724547,0.812230450121,0.773052884098,,-0.0261804151051,-0.0858098645117,-0.470800256483,0.877666435221
1542728584666929841,,2920,,1542728584,639755625,"""/world""","""vicon/obstacle18/obstacle18""",,,0.413719639898,0.81223249859,0.773058108779,,-0.0262136793584,-0.0858284200355,-0.470767012512,0.877681460018
1542728584685482247,,2921,,1542728584,656466924,"""/world""","""vicon/obstacle18/obstacle18""",,,0.413719683032,0.812210756023,0.773064739567,,-0.026202997107,-0.0858436585844,-0.470718358602,0.877706383763
1542728584702280651,,2922,,1542728584,673203646,"""/world""","""vicon/obstacle18/obstacle18""",,,0.413734341823,0.812215550884,0.773060788377,,-0.0262103600377,-0.0858048126288,-0.470759979893,0.877687639475
1542728584718169406,,2923,,1542728584,689781785,"""/world""","""vicon/obstacle18/obstacle18""",,,0.413726448518,0.812223313284,0.773070310668,,-0.0261355348271,-0.0857643367413,-0.470791185978,0.877677088437
1542728584734340265,,2924,,1542728584,706594462,"""/world""","""vicon/obstacle18/obstacle18""",,,0.41372796477,0.812218371702,0.773044772608,,-0.026160453795,-0.0860150379882,-0.470626731148,0.877740009243
1542728584751405245,,2925,,1542728584,723223370,"""/world""","""vicon/obstacle18/obstacle18""",,,0.413727408509,0.812233920476,0.773061888825,,-0.0261550787056,-0.0858449750397,-0.470755962129,0.877687516283
1542728584766588628,,2926,,1542728584,739830526,"""/world""","""vicon/obstacle18/obstacle18""",,,0.41372463963,0.812209577675,0.77306092472,,-0.0262701165654,-0.0858358920043,-0.470734794556,0.877696322092
1542728584783868539,,2927,,1542728584,756524260,"""/world""","""vicon/obstacle18/obstacle18""",,,0.413719598024,0.812206357155,0.773066462596,,-0.0261490199261,-0.0858898500645,-0.470671970495,0.877728351259
1542728584803516206,,2928,,1542728584,773179461,"""/world""","""vicon/obstacle18/obstacle18""",,,0.413732968712,0.812225981838,0.773071100319,,-0.0260841533308,-0.0856773190677,-0.470841013039,0.8776603867
1542728584821742444,,2929,,1542728584,789826437,"""/world""","""vicon/obstacle18/obstacle18""",,,0.413725723235,0.812224021317,0.773054917659,,-0.0261353880706,-0.0858903855093,-0.470703626754,0.877711728831
1542728584834780465,,2930,,1542728584,806593357,"""/world""","""vicon/obstacle18/obstacle18""",,,0.41371960807,0.812216104209,0.773057174091,,-0.0262120829476,-0.0859347398991,-0.470649808544,0.877733960208
1542728584850379643,,2931,,1542728584,823186314,"""/world""","""vicon/obstacle18/obstacle18""",,,0.413731776804,0.812206169805,0.773061269483,,-0.026278473249,-0.0858509737707,-0.470778649643,0.877671074599
1542728584869179844,,2932,,1542728584,839837045,"""/world""","""vicon/obstacle18/obstacle18""",,,0.413721487039,0.812212843528,0.773071338127,,-0.026222274844,-0.0858396598795,-0.470708184661,0.877711655378
1542728584883730746,,2933,,1542728584,856504242,"""/world""","""vicon/obstacle18/obstacle18""",,,0.413727193567,0.81221911894,0.773059057497,,-0.0261945390966,-0.0858564972115,-0.470739641497,0.877693965988
1542728584901348660,,2934,,1542728584,873193224,"""/world""","""vicon/obstacle18/obstacle18""",,,0.413730338961,0.812227119662,0.773058370626,,-0.0261612329056,-0.0858523679895,-0.470741219166,0.877694517119
1542728584918781606,,2935,,1542728584,889843910,"""/world""","""vicon/obstacle18/obstacle18""",,,0.41372476983,0.812218430735,0.773058598391,,-0.0262531156266,-0.0859531833861,-0.47068010584,0.877714681518
1542728584935807616,,2936,,1542728584,906549938,"""/world""","""vicon/obstacle18/obstacle18""",,,0.413719545273,0.81219719536,0.77305895061,,-0.02631226653,-0.0858763512208,-0.470684408029,0.87771812387
1542728584951478292,,2937,,1542728584,923174011,"""/world""","""vicon/obstacle18/obstacle18""",,,0.413730536195,0.812205324519,0.773062792696,,-0.0263009431725,-0.0857713405052,-0.470810206865,0.877661259626
1542728584968253071,,2938,,1542728584,939822817,"""/world""","""vicon/obstacle18/obstacle18""",,,0.413720490786,0.812228079346,0.773071179604,,-0.0260707026738,-0.0858387596369,-0.470709219212,0.877715703833
1542728584985149381,,2939,,1542728584,956541862,"""/world""","""vicon/obstacle18/obstacle18""",,,0.413723741483,0.812229468693,0.773056072477,,-0.0261867945128,-0.0858561834715,-0.470704052506,0.877713314532
1542728585001871218,,2940,,1542728584,973249417,"""/world""","""vicon/obstacle18/obstacle18""",,,0.413728431445,0.812219991006,0.773053543957,,-0.0263180148584,-0.085887619456,-0.470728679346,0.877693106592
1542728585017174479,,2941,,1542728584,989824510,"""/world""","""vicon/obstacle18/obstacle18""",,,0.413725840108,0.812202477904,0.773052867806,,-0.026210561408,-0.0859562032957,-0.47069489806,0.877707725001
1542728585035199890,,2942,,1542728585,6597281,"""/world""","""vicon/obstacle18/obstacle18""",,,0.413722425545,0.812201121312,0.773056598584,,-0.0262795708435,-0.0859516848114,-0.470638667709,0.877736256794
1542728585051871588,,2943,,1542728585,23202015,"""/world""","""vicon/obstacle18/obstacle18""",,,0.413731937959,0.812220982186,0.773059326498,,-0.0261521430591,-0.0858438229915,-0.470726594072,0.877703467636
1542728585070160088,,2944,,1542728585,39876844,"""/world""","""vicon/obstacle18/obstacle18""",,,0.41372539247,0.812244782077,0.773070069224,,-0.0260912246121,-0.0858289954336,-0.47071940656,0.87771058546
1542728585086407459,,2945,,1542728585,56530332,"""/world""","""vicon/obstacle18/obstacle18""",,,0.413720574039,0.812218412746,0.773048968913,,-0.0262631640883,-0.0859434677789,-0.470639779353,0.877736956411
1542728585100505806,,2946,,1542728585,73315152,"""/world""","""vicon/obstacle18/obstacle18""",,,0.413724403152,0.812202356991,0.773047112324,,-0.0262878490439,-0.0860081435053,-0.470644808672,0.877727185584
1542728585117504041,,2947,,1542728585,89794469,"""/world""","""vicon/obstacle18/obstacle18""",,,0.413722321471,0.812203996672,0.773057836466,,-0.0262224809833,-0.08592614565,-0.470715960763,0.877699016331
1542728585133987211,,2948,,1542728585,106523257,"""/world""","""vicon/obstacle18/obstacle18""",,,0.413722468101,0.812216656298,0.773060114731,,-0.0261436815239,-0.0858534401201,-0.470720161731,0.877706228801
1542728585150496856,,2949,,1542728585,123207157,"""/world""","""vicon/obstacle18/obstacle18""",,,0.413726634209,0.812237187048,0.773062513934,,-0.0261889031236,-0.0858630230239,-0.470726000038,0.877700812076
1542728585166703581,,2950,,1542728585,139851616,"""/world""","""vicon/obstacle18/obstacle18""",,,0.413721894731,0.812224144318,0.773048478575,,-0.0261715687999,-0.0858073347493,-0.47073970305,0.877699425921
1542728585181360484,,2951,,1542728585,156460623,"""/world""","""vicon/obstacle18/obstacle18""",,,0.413718442113,0.812197500983,0.773047001685,,-0.0262635660219,-0.0859221170818,-0.470676959163,0.877719098009
1542728585198216133,,2952,,1542728585,173160552,"""/world""","""vicon/obstacle18/obstacle18""",,,0.413728179315,0.812204548332,0.77304557112,,-0.0262722619178,-0.0859535557523,-0.470732696179,0.87768586821
1542728585218214509,,2953,,1542728585,189900530,"""/world""","""vicon/obstacle18/obstacle18""",,,0.413724618528,0.812221567371,0.773067911472,,-0.0261378420795,-0.0857830807453,-0.470821269475,0.877659050246
1542728585237762455,,2954,,1542728585,206555330,"""/world""","""vicon/obstacle18/obstacle18""",,,0.413723108902,0.812223194916,0.773060442809,,-0.0263042707273,-0.085872014526,-0.470729744114,0.877694474444
1542728585248682764,,2955,,1542728585,223215648,"""/world""","""vicon/obstacle18/obstacle18""",,,0.413729694876,0.812215081065,0.773057608494,,-0.0261906039442,-0.0859345481454,-0.470647200015,0.877736018868
1542728585267609627,,2956,,1542728585,239825422,"""/world""","""vicon/obstacle18/obstacle18""",,,0.413724908266,0.812198097823,0.773046958361,,-0.0262810735886,-0.085963619088,-0.470649719044,0.877729117284
1542728585284785242,,2957,,1542728585,256517891,"""/world""","""vicon/obstacle18/obstacle18""",,,0.413721610943,0.812207998242,0.773046626972,,-0.0262188858792,-0.085883108499,-0.470699498555,0.877712164526
1542728585301020561,,2958,,1542728585,273232003,"""/world""","""vicon/obstacle18/obstacle18""",,,0.413726118801,0.812234213093,0.773060293232,,-0.0262057354111,-0.085793583896,-0.470768703634,0.877684196094
1542728585318786047,,2959,,1542728585,289868985,"""/world""","""vicon/obstacle18/obstacle18""",,,0.413723693758,0.812230011056,0.773064254263,,-0.02614643484,-0.0857975977952,-0.470747425042,0.877696985283
1542728585334011964,,2960,,1542728585,306545800,"""/world""","""vicon/obstacle18/obstacle18""",,,0.413727584864,0.812213333574,0.773069422266,,-0.0261553688513,-0.0858831845241,-0.470659783088,0.877735349567
1542728585350738535,,2961,,1542728585,323149692,"""/world""","""vicon/obstacle18/obstacle18""",,,0.413729274147,0.812195884733,0.773054601398,,-0.0262584966061,-0.085979578345,-0.470651475367,0.877727288056
1542728585369768409,,2962,,1542728585,339833716,"""/world""","""vicon/obstacle18/obstacle18""",,,0.413726328098,0.81220490317,0.773043998666,,-0.0263016887598,-0.0858345972038,-0.470755915373,0.877684175107
1542728585384415404,,2963,,1542728585,356546007,"""/world""","""vicon/obstacle18/obstacle18""",,,0.413723962808,0.812230694894,0.773052254426,,-0.0260722213947,-0.0858173729779,-0.470749252315,0.877696279593
1542728585401297926,,2964,,1542728585,373207947,"""/world""","""vicon/obstacle18/obstacle18""",,,0.413724466405,0.81223791069,0.773066724551,,-0.0262402447064,-0.0857534759222,-0.470797476878,0.877671650841
1542728585418270120,,2965,,1542728585,389904674,"""/world""","""vicon/obstacle18/obstacle18""",,,0.413725488047,0.812212871247,0.773075313818,,-0.0261659349303,-0.085891625298,-0.470685062858,0.877720652688
1542728585434184579,,2966,,1542728585,406561623,"""/world""","""vicon/obstacle18/obstacle18""",,,0.413726307229,0.812198815474,0.773061280808,,-0.0261647769291,-0.0859378547823,-0.470692858102,0.877711981743
1542728585450720152,,2967,,1542728585,423175263,"""/world""","""vicon/obstacle18/obstacle18""",,,0.413728002689,0.812210494168,0.773047346018,,-0.0261739124269,-0.0859280400993,-0.470670485806,0.877724667549
1542728585468554333,,2968,,1542728585,439866645,"""/world""","""vicon/obstacle18/obstacle18""",,,0.413723707076,0.812235098895,0.773054502486,,-0.026103912762,-0.0857555362273,-0.470784718139,0.877682358779
1542728585481573087,,2969,,1542728585,458030136,"""/world""","""vicon/obstacle18/obstacle18""",,,0.413724584622,0.812244300972,0.77307261657,,-0.0261341718791,-0.0857450205628,-0.470768802489,0.877691022577
1542728585498122869,,2970,,1542728585,473175662,"""/world""","""vicon/obstacle18/obstacle18""",,,0.413722858414,0.812215923155,0.773075223102,,-0.0261580845126,-0.0857981763962,-0.470763897284,0.877687746613
1542728585518285666,,2971,,1542728585,489946081,"""/world""","""vicon/obstacle18/obstacle18""",,,0.413724803248,0.812202019374,0.773064141395,,-0.0261550887548,-0.0858733655353,-0.470712696796,0.877707943167
1542728585535297314,,2972,,1542728585,506512748,"""/world""","""vicon/obstacle18/obstacle18""",,,0.41372200536,0.81221658922,0.773053351664,,-0.0261839045479,-0.0858946013395,-0.470718363934,0.877701966763
1542728585551045047,,2973,,1542728585,523159840,"""/world""","""vicon/obstacle18/obstacle18""",,,0.413728250333,0.812233563359,0.773048107609,,-0.0261743569045,-0.0858834037306,-0.470738482669,0.877692557186
1542728585568328394,,2974,,1542728585,539855831,"""/world""","""vicon/obstacle18/obstacle18""",,,0.413726478036,0.812243060772,0.773068991378,,-0.0260552386396,-0.0858438586138,-0.470776417014,0.877679623588
1542728585586783330,,2975,,1542728585,556579920,"""/world""","""vicon/obstacle18/obstacle18""",,,0.413726258189,0.812214374644,0.77307005431,,-0.0261608105507,-0.085922816482,-0.47070703403,0.877705969966
1542728585601374339,,2976,,1542728585,573196996,"""/world""","""vicon/obstacle18/obstacle18""",,,0.413718409043,0.812197788815,0.773057348163,,-0.0261944085689,-0.0858827355261,-0.470690026563,0.877718011432
1542728585617643279,,2977,,1542728585,589788732,"""/world""","""vicon/obstacle18/obstacle18""",,,0.41372181093,0.812225292786,0.773053738902,,-0.0261215599771,-0.0858462582676,-0.47068586268,0.877725983846
1542728585634892722,,2978,,1542728585,606575399,"""/world""","""vicon/obstacle18/obstacle18""",,,0.413725744495,0.812235043997,0.773057405484,,-0.0261181274411,-0.0858623611049,-0.470725486555,0.877703261172
1542728585651262544,,2979,,1542728585,623224653,"""/world""","""vicon/obstacle18/obstacle18""",,,0.413727452696,0.812231758066,0.773067485651,,-0.0261254294751,-0.0859307158339,-0.470700253347,0.87770988687
1542728585666588216,,2980,,1542728585,639877459,"""/world""","""vicon/obstacle18/obstacle18""",,,0.41372403689,0.812214633945,0.773071491357,,-0.0262116201869,-0.0858414319844,-0.470754272277,0.877687082424
1542728585682936491,,2981,,1542728585,656524889,"""/world""","""vicon/obstacle18/obstacle18""",,,0.41371816299,0.812202338142,0.773062224304,,-0.0261303359694,-0.0858347641064,-0.470684637384,0.877727503809
1542728585701112231,,2982,,1542728585,673190340,"""/world""","""vicon/obstacle18/obstacle18""",,,0.413722157172,0.812218999231,0.773046980383,,-0.0261917278395,-0.0859486126417,-0.470675173896,0.877719607879
1542728585719275515,,2983,,1542728585,689809385,"""/world""","""vicon/obstacle18/obstacle18""",,,0.413727324375,0.81223954506,0.773058783658,,-0.0262163876264,-0.0858629622645,-0.470716079301,0.877705318098
1542728585737428312,,2984,,1542728585,706570019,"""/world""","""vicon/obstacle18/obstacle18""",,,0.413730114679,0.812223791627,0.773067492812,,-0.0261637894102,-0.0859132440996,-0.470698407312,0.877711444591
1542728585750870257,,2985,,1542728585,723161770,"""/world""","""vicon/obstacle18/obstacle18""",,,0.413728898785,0.812205783641,0.773066124706,,-0.0261073166697,-0.0858985968215,-0.470744370796,0.877689909048
1542728585767053437,,2986,,1542728585,739886070,"""/world""","""vicon/obstacle18/obstacle18""",,,0.413729670461,0.812207051624,0.773063168407,,-0.0261565094603,-0.0858177846286,-0.470746740675,0.877695078599
1542728585784043522,,2987,,1542728585,756557756,"""/world""","""vicon/obstacle18/obstacle18""",,,0.413718612339,0.81222535417,0.773049476188,,-0.0261471978366,-0.0859075364604,-0.470706916917,0.877707934105
1542728585800703847,,2988,,1542728585,773154661,"""/world""","""vicon/obstacle18/obstacle18""",,,0.41372582483,0.812244800809,0.7730530044,,-0.0261709569711,-0.0857768111443,-0.47075207089,0.877695794358
1542728585817533775,,2989,,1542728585,789881113,"""/world""","""vicon/obstacle18/obstacle18""",,,0.41372720149,0.812232642019,0.773073137124,,-0.0261243470249,-0.0858081283519,-0.470733945292,0.877703843191
1542728585834025875,,2990,,1542728585,806504965,"""/world""","""vicon/obstacle18/obstacle18""",,,0.413730286229,0.812202416338,0.773070423382,,-0.0261291985857,-0.0859211297851,-0.470741706592,0.877688481246
1542728585850495038,,2991,,1542728585,823200947,"""/world""","""vicon/obstacle18/obstacle18""",,,0.41372662863,0.812201494366,0.773060009804,,-0.0262261355011,-0.0857951252003,-0.470755355574,0.877690595544
1542728585868156586,,2992,,1542728585,839877072,"""/world""","""vicon/obstacle18/obstacle18""",,,0.413724667773,0.812225233438,0.773051254376,,-0.0261546357135,-0.0858703670558,-0.470717490572,0.877705679122
1542728585885009195,,2993,,1542728585,856553735,"""/world""","""vicon/obstacle18/obstacle18""",,,0.413717945952,0.812244692092,0.773051491273,,-0.0261713148997,-0.0858478848406,-0.470747614045,0.877691225213
1542728585901374052,,2994,,1542728585,873196173,"""/world""","""vicon/obstacle18/obstacle18""",,,0.413726423856,0.812244211236,0.77307563248,,-0.0260761874693,-0.0858629990399,-0.470739164904,0.877697109753
1542728585918212565,,2995,,1542728585,889904599,"""/world""","""vicon/obstacle18/obstacle18""",,,0.413730071329,0.812205619217,0.773081609229,,-0.0261224977639,-0.0858310784264,-0.470746755724,0.877694783545
1542728585934590047,,2996,,1542728585,906510397,"""/world""","""vicon/obstacle18/obstacle18""",,,0.413730374729,0.812199138041,0.77306634021,,-0.026246058446,-0.0858622538233,-0.470758553613,0.877681720206
1542728585951815651,,2997,,1542728585,923184468,"""/world""","""vicon/obstacle18/obstacle18""",,,0.413724884527,0.812210508939,0.773050867484,,-0.0262369355587,-0.0859107021514,-0.470675564631,0.87772175963
1542728585968071103,,2998,,1542728585,939832845,"""/world""","""vicon/obstacle18/obstacle18""",,,0.413724367666,0.812240761487,0.773047079614,,-0.0261908311937,-0.0858414237483,-0.470741803579,0.877694391399
1542728585984607004,,2999,,1542728585,956541129,"""/world""","""vicon/obstacle18/obstacle18""",,,0.413723494911,0.812244930447,0.773066259926,,-0.0261269394646,-0.0858609921191,-0.470786549768,0.877670380965
1542728586000887704,,3000,,1542728585,973143053,"""/world""","""vicon/obstacle18/obstacle18""",,,0.413729453361,0.81221140362,0.773078313287,,-0.026192844657,-0.0858021616608,-0.470792702764,0.877670869385
1542728586017833961,,3001,,1542728585,989847702,"""/world""","""vicon/obstacle18/obstacle18""",,,0.413731054284,0.8121958465,0.773070215869,,-0.0261936309814,-0.0859151056189,-0.470762430201,0.877676035126
1542728586034992687,,3002,,1542728586,6588206,"""/world""","""vicon/obstacle18/obstacle18""",,,0.413732284644,0.812200332544,0.773047245265,,-0.0262133522096,-0.0859296896879,-0.470690174352,0.877712770993
1542728586053004235,,3003,,1542728586,23174883,"""/world""","""vicon/obstacle18/obstacle18""",,,0.413724832819,0.81222845908,0.773048934332,,-0.0262687126252,-0.0858838728952,-0.470710169212,0.877704877344
1542728586070207471,,3004,,1542728586,39840185,"""/world""","""vicon/obstacle18/obstacle18""",,,0.413725229336,0.812246474459,0.773061803796,,-0.0260236381059,-0.0858777580714,-0.470778601399,0.877676073157
1542728586084288659,,3005,,1542728586,56506278,"""/world""","""vicon/obstacle18/obstacle18""",,,0.413724909134,0.812231919566,0.773077858913,,-0.0260571587355,-0.0858230538355,-0.470744070694,0.877698950561
1542728586100927419,,3006,,1542728586,73281618,"""/world""","""vicon/obstacle18/obstacle18""",,,0.413724985061,0.812206730738,0.773080644287,,-0.0261556323934,-0.0858494635916,-0.470712273135,0.877710492369
1542728586119009418,,3007,,1542728586,89898945,"""/world""","""vicon/obstacle18/obstacle18""",,,0.413733300231,0.812198051078,0.773052637672,,-0.026248789208,-0.0859209834535,-0.470674050806,0.877721210616
1542728586134913989,,3008,,1542728586,106528236,"""/world""","""vicon/obstacle18/obstacle18""",,,0.413731508754,0.812217793163,0.773050646876,,-0.0262438458572,-0.0859407578936,-0.470659804796,0.877727061698
1542728586151606058,,3009,,1542728586,123177408,"""/world""","""vicon/obstacle18/obstacle18""",,,0.413725885316,0.812239611279,0.773057861677,,-0.0260955699307,-0.0859255256373,-0.470686428767,0.877718696991
1542728586168810960,,3010,,1542728586,139861516,"""/world""","""vicon/obstacle18/obstacle18""",,,0.413722250426,0.812240884325,0.773069519054,,-0.0260938848758,-0.0857327626468,-0.470779534568,0.87768766222
1542728586185384712,,3011,,1542728586,156573490,"""/world""","""vicon/obstacle18/obstacle18""",,,0.413719079659,0.812222176357,0.77307460606,,-0.0260760830262,-0.0857359445497,-0.470790661181,0.877681912227
1542728586201435748,,3012,,1542728586,173249320,"""/world""","""vicon/obstacle18/obstacle18""",,,0.413729913907,0.812201134387,0.773060984839,,-0.0261457940997,-0.0859226001666,-0.470698134287,0.877711211396
1542728586218234520,,3013,,1542728586,189908643,"""/world""","""vicon/obstacle18/obstacle18""",,,0.413732427076,0.812211597919,0.773049695846,,-0.0262610827641,-0.0859922320575,-0.470632060728,0.877736381251
1542728586233887481,,3014,,1542728586,206528533,"""/world""","""vicon/obstacle18/obstacle18""",,,0.413733368001,0.812224674243,0.773055763742,,-0.0261186604748,-0.0859690720322,-0.470695112912,0.877709088998
1542728586250049954,,3015,,1542728586,223244251,"""/world""","""vicon/obstacle18/obstacle18""",,,0.413724260011,0.812236710612,0.773064744101,,-0.0261562299528,-0.0857422650865,-0.470795146271,0.877676504106
1542728586266628906,,3016,,1542728586,239880774,"""/world""","""vicon/obstacle18/obstacle18""",,,0.413720428878,0.812236843167,0.773078334258,,-0.0260386891724,-0.0856995687285,-0.470782647242,0.877690873624
1542728586283843491,,3017,,1542728586,256563218,"""/world""","""vicon/obstacle18/obstacle18""",,,0.413725509457,0.812214298782,0.773062414727,,-0.0262401400801,-0.08582434209,-0.470749052755,0.877690701035
1542728586300240693,,3018,,1542728586,273189295,"""/world""","""vicon/obstacle18/obstacle18""",,,0.41372983939,0.812215831655,0.773056103457,,-0.0261914007206,-0.085900165331,-0.470646274587,0.877739856872
1542728586318647564,,3019,,1542728586,289875611,"""/world""","""vicon/obstacle18/obstacle18""",,,0.413736112309,0.812210963919,0.773043187479,,-0.0262822595688,-0.0859051348701,-0.470689120683,0.877713679001
1542728586335206542,,3020,,1542728586,306520874,"""/world""","""vicon/obstacle18/obstacle18""",,,0.413727726851,0.812214934586,0.773053198171,,-0.0263123934356,-0.0858294490151,-0.470781998503,0.877670367233
1542728586354734580,,3021,,1542728586,323209488,"""/world""","""vicon/obstacle18/obstacle18""",,,0.41372314283,0.812229330423,0.773068640484,,-0.0261486559398,-0.0857709116208,-0.470853089549,0.87764284682
1542728586371525320,,3022,,1542728586,339854406,"""/world""","""vicon/obstacle18/obstacle18""",,,0.413717240047,0.812220810019,0.7730670214,,-0.0261746763697,-0.0857969558409,-0.470712398424,0.8777149917
1542728586384140450,,3023,,1542728586,356528591,"""/world""","""vicon/obstacle18/obstacle18""",,,0.413724737763,0.812218432613,0.773054449685,,-0.0261633540944,-0.0858721428107,-0.470731408745,0.877697781023
1542728586400228495,,3024,,1542728586,373198383,"""/world""","""vicon/obstacle18/obstacle18""",,,0.413736400019,0.812213532666,0.773055833041,,-0.0262249534666,-0.0858743424448,-0.47072745583,0.87769784747
1542728586420394644,,3025,,1542728586,389934038,"""/world""","""vicon/obstacle18/obstacle18""",,,0.41373607988,0.812206055203,0.773055816992,,-0.0262667764441,-0.0859376817927,-0.470699793961,0.877705232563
1542728586436536257,,3026,,1542728586,406488161,"""/world""","""vicon/obstacle18/obstacle18""",,,0.413719350349,0.812214564143,0.773057663812,,-0.0261511444713,-0.0858818968662,-0.470721609064,0.877702446273
1542728586454391542,,3027,,1542728586,423200640,"""/world""","""vicon/obstacle18/obstacle18""",,,0.413715674709,0.812230342306,0.773067323473,,-0.0260233653917,-0.0858029795794,-0.47076954558,0.87768825223
1542728586468722301,,3028,,1542728586,439876650,"""/world""","""vicon/obstacle18/obstacle18""",,,0.413715795658,0.812235207502,0.773055233545,,-0.0261686269283,-0.08577121774,-0.470752195281,0.877696343737
1542728586487298010,,3029,,1542728586,456578866,"""/world""","""vicon/obstacle18/obstacle18""",,,0.413732910773,0.812222608223,0.77305120912,,-0.0262634983207,-0.0858397645567,-0.470735412154,0.877695810188
1542728586504585594,,3030,,1542728586,473206028,"""/world""","""vicon/obstacle18/obstacle18""",,,0.413738860886,0.812207846274,0.773058788905,,-0.0262052528387,-0.0859946508631,-0.470692492203,0.8777054076
1542728586520137331,,3031,,1542728586,489796443,"""/world""","""vicon/obstacle18/obstacle18""",,,0.413731089026,0.812193344126,0.773061085973,,-0.0262631467088,-0.0859812035425,-0.470672775953,0.877715567675
1542728586531284871,,3032,,1542728586,506462973,"""/world""","""vicon/obstacle18/obstacle18""",,,0.413715232223,0.812226185504,0.773065306936,,-0.0261395172144,-0.0858030054647,-0.47076374364,0.877687910118
1542728586548055353,,3033,,1542728586,523130997,"""/world""","""vicon/obstacle18/obstacle18""",,,0.41371390061,0.812250604987,0.773062954519,,-0.0260721692464,-0.0857062947219,-0.470799277647,0.87768030239
1542728586567317238,,3034,,1542728586,539847399,"""/world""","""vicon/obstacle18/obstacle18""",,,0.413722831415,0.812240419727,0.773049505999,,-0.0261194768657,-0.0858624829297,-0.47066129774,0.877737631507
1542728586584715375,,3035,,1542728586,556581092,"""/world""","""vicon/obstacle18/obstacle18""",,,0.413737521448,0.812209344049,0.773060007845,,-0.0262559583129,-0.0858838007208,-0.470713695823,0.877703374718
1542728586602103568,,3036,,1542728586,573186118,"""/world""","""vicon/obstacle18/obstacle18""",,,0.413734749991,0.812177518829,0.773066129408,,-0.0263217908135,-0.0859914734116,-0.470697862599,0.877699351699
1542728586618678670,,3037,,1542728586,589893746,"""/world""","""vicon/obstacle18/obstacle18""",,,0.413719257102,0.812208874378,0.773061025264,,-0.0261722170008,-0.0859021802666,-0.470731334827,0.877694617105
1542728586634279047,,3038,,1542728586,606505626,"""/world""","""vicon/obstacle18/obstacle18""",,,0.413713888524,0.812256775889,0.773055859435,,-0.0260061257484,-0.0856515696984,-0.470801655871,0.877686328287
1542728586650899085,,3039,,1542728586,623149294,"""/world""","""vicon/obstacle18/obstacle18""",,,0.413719078157,0.812258480555,0.773053304784,,-0.0260615002242,-0.0856509833896,-0.470784225496,0.877694092651
1542728586668407761,,3040,,1542728586,639890251,"""/world""","""vicon/obstacle18/obstacle18""",,,0.413731363706,0.812219279003,0.773065019919,,-0.0262124488024,-0.0858765558083,-0.470670329059,0.877728640317
1542728586688335356,,3041,,1542728586,656596844,"""/world""","""vicon/obstacle18/obstacle18""",,,0.413739549563,0.812176185737,0.77307877625,,-0.0261264311041,-0.086004133771,-0.470656387389,0.877726189413
1542728586704673242,,3042,,1542728586,673249612,"""/world""","""vicon/obstacle18/obstacle18""",,,0.413730396342,0.812184973125,0.773055959998,,-0.0263073487489,-0.0859197779946,-0.470742829309,0.877682689704
1542728586717738225,,3043,,1542728586,689875152,"""/world""","""vicon/obstacle18/obstacle18""",,,0.413717663555,0.812247520481,0.773045967913,,-0.0260915446218,-0.0857319372638,-0.470770739906,0.877692529694
1542728586734091110,,3044,,1542728586,706528655,"""/world""","""vicon/obstacle18/obstacle18""",,,0.4137197887,0.81226516211,0.773054223573,,-0.0260283762199,-0.0857209968644,-0.470762760827,0.87769975353
1542728586753378603,,3045,,1542728586,723161804,"""/world""","""vicon/obstacle18/obstacle18""",,,0.413727422438,0.812234296508,0.77307268268,,-0.0260663444604,-0.0857487634497,-0.470736777535,0.877709850423
1542728586767558104,,3046,,1542728586,739861964,"""/world""","""vicon/obstacle18/obstacle18""",,,0.413735792006,0.812173361486,0.773076953318,,-0.0262736867785,-0.0860216457767,-0.470666668198,0.877714564815
1542728586783442097,,3047,,1542728586,756456749,"""/world""","""vicon/obstacle18/obstacle18""",,,0.41372713195,0.812178395925,0.773059012184,,-0.0262200023202,-0.0859476627569,-0.470718863691,0.877695426734
1542728586800693227,,3048,,1542728586,773166377,"""/world""","""vicon/obstacle18/obstacle18""",,,0.413724445358,0.812233576095,0.773031604423,,-0.0261839533809,-0.0859051733101,-0.470722823039,0.877698539166
1542728586818117464,,3049,,1542728586,789916845,"""/world""","""vicon/obstacle18/obstacle18""",,,0.413720045596,0.812259932999,0.77304902676,,-0.0260358356938,-0.0857239981732,-0.470797539775,0.877680584233
1542728586835940038,,3050,,1542728586,806532827,"""/world""","""vicon/obstacle18/obstacle18""",,,0.41372231968,0.812239812248,0.773077509553,,-0.0261006094437,-0.0857744955371,-0.470733101231,0.877708289529
1542728586852200988,,3051,,1542728586,823208122,"""/world""","""vicon/obstacle18/obstacle18""",,,0.413732872493,0.812191807881,0.773080514079,,-0.0261896358599,-0.0858763299213,-0.470702671055,0.877711999687
1542728586867141326,,3052,,1542728586,839848109,"""/world""","""vicon/obstacle18/obstacle18""",,,0.413729812412,0.812187564887,0.773059733177,,-0.0262916562478,-0.0859025016916,-0.470726409796,0.87769365734
1542728586884532753,,3053,,1542728586,856529807,"""/world""","""vicon/obstacle18/obstacle18""",,,0.413724631741,0.812226839233,0.773038516409,,-0.0262154002537,-0.0859655125594,-0.470712257739,0.877697358919
1542728586901631951,,3054,,1542728586,873175069,"""/world""","""vicon/obstacle18/obstacle18""",,,0.413725497578,0.812254229521,0.773053727556,,-0.0261596601746,-0.0858234433064,-0.47074557494,0.87769505663
1542728586921102459,,3055,,1542728586,889865399,"""/world""","""vicon/obstacle18/obstacle18""",,,0.413722791141,0.812234170095,0.773075735587,,-0.0261304946016,-0.0856973249612,-0.470782071333,0.877688673197
1542728586938662894,,3056,,1542728586,906545296,"""/world""","""vicon/obstacle18/obstacle18""",,,0.413726806001,0.812200875653,0.773075487921,,-0.0260988998147,-0.0858576831728,-0.470719348123,0.877707582838
1542728586950183300,,3057,,1542728586,923079919,"""/world""","""vicon/obstacle18/obstacle18""",,,0.413728657428,0.812206517123,0.773060945188,,-0.0262191950062,-0.0859129045401,-0.470710682767,0.877703241293
1542728586967043981,,3058,,1542728586,939857562,"""/world""","""vicon/obstacle18/obstacle18""",,,0.413726458696,0.812216456276,0.773043098033,,-0.0262708045503,-0.0859984270117,-0.470723917251,0.877686224745
1542728586987651791,,3059,,1542728586,956540349,"""/world""","""vicon/obstacle18/obstacle18""",,,0.413730644204,0.812225146516,0.77304306538,,-0.0261877609108,-0.0859636258623,-0.47073593692,0.877685669189
1542728587004168047,,3060,,1542728586,973257580,"""/world""","""vicon/obstacle18/obstacle18""",,,0.413730563465,0.812223558566,0.773083377372,,-0.026059283173,-0.0858440499574,-0.470681817289,0.877730220353
1542728587017339138,,3061,,1542728586,989843605,"""/world""","""vicon/obstacle18/obstacle18""",,,0.413718281536,0.812209781753,0.773074068813,,-0.026135988541,-0.0857745895363,-0.47075797044,0.877693889212
1542728587034129160,,3062,,1542728587,6501237,"""/world""","""vicon/obstacle18/obstacle18""",,,0.413719972741,0.812233931019,0.773061069277,,-0.026095461573,-0.0857555951313,-0.470781320389,0.877684426865
1542728587051455965,,3063,,1542728587,23146472,"""/world""","""vicon/obstacle18/obstacle18""",,,0.413728470188,0.812230029259,0.77304125634,,-0.0262922396133,-0.0859306572083,-0.470716639774,0.877696123569
1542728587069747973,,3064,,1542728587,39895598,"""/world""","""vicon/obstacle18/obstacle18""",,,0.413730522016,0.812208889647,0.773053900547,,-0.0262409219059,-0.0858898064864,-0.470749219659,0.877684184288
1542728587087348948,,3065,,1542728587,56555232,"""/world""","""vicon/obstacle18/obstacle18""",,,0.413733402791,0.812196710203,0.773068107223,,-0.0262655826413,-0.0858822299361,-0.470716326636,0.877701829546
1542728587103600968,,3066,,1542728587,73324623,"""/world""","""vicon/obstacle18/obstacle18""",,,0.413724921613,0.812210277321,0.773078057957,,-0.0260829084121,-0.0857681583869,-0.470770547791,0.877689350641
1542728587121278176,,3067,,1542728587,89900556,"""/world""","""vicon/obstacle18/obstacle18""",,,0.413713139652,0.812241443918,0.773057830588,,-0.0260983949104,-0.0857692943259,-0.470750047942,0.877699774579
1542728587137436045,,3068,,1542728587,106496781,"""/world""","""vicon/obstacle18/obstacle18""",,,0.413725064072,0.8122448981,0.773049754817,,-0.0261957322966,-0.085818427361,-0.470767136598,0.877682906427
1542728587153183728,,3069,,1542728587,123177630,"""/world""","""vicon/obstacle18/obstacle18""",,,0.413730039189,0.812211039149,0.773061204087,,-0.026293571965,-0.0859307177374,-0.470736516577,0.877685417324
1542728587167265847,,3070,,1542728587,139872898,"""/world""","""vicon/obstacle18/obstacle18""",,,0.413738847333,0.812175166087,0.773067663574,,-0.0262496343236,-0.0859519190179,-0.470743851544,0.877680722443
1542728587183876209,,3071,,1542728587,156554071,"""/world""","""vicon/obstacle18/obstacle18""",,,0.413728916488,0.812205872637,0.773077982973,,-0.0260544586531,-0.0858136436139,-0.470698567983,0.877724354141
1542728587200354334,,3072,,1542728587,173141812,"""/world""","""vicon/obstacle18/obstacle18""",,,0.413715548866,0.812244921531,0.773053607896,,-0.026098315532,-0.0857483596672,-0.470765961938,0.877693286872
1542728587218278765,,3073,,1542728587,189891705,"""/world""","""vicon/obstacle18/obstacle18""",,,0.413718518795,0.812252269863,0.773049073179,,-0.0262298679977,-0.0857941318726,-0.470763515177,0.877686204597
1542728587237318128,,3074,,1542728587,206540636,"""/world""","""vicon/obstacle18/obstacle18""",,,0.413728525667,0.812218185079,0.773060031929,,-0.026203766919,-0.0858904361397,-0.470699895364,0.877711686195
1542728587252706763,,3075,,1542728587,223093578,"""/world""","""vicon/obstacle18/obstacle18""",,,0.413735023811,0.812172012048,0.773069794327,,-0.0262632862576,-0.0860408140835,-0.470664207787,0.877714316629
1542728587269986898,,3076,,1542728587,239841720,"""/world""","""vicon/obstacle18/obstacle18""",,,0.413732614464,0.812196469335,0.773064731636,,-0.0261945574313,-0.0858992322063,-0.470735932463,0.877691773321
1542728587281732790,,3077,,1542728587,256500845,"""/world""","""vicon/obstacle18/obstacle18""",,,0.413728458601,0.812244839254,0.773063605335,,-0.0260088259603,-0.085743212662,-0.470775928583,0.877691100286
1542728587298375424,,3078,,1542728587,273122812,"""/world""","""vicon/obstacle18/obstacle18""",,,0.413720602405,0.812258898393,0.77304753407,,-0.0260752891273,-0.0857538173286,-0.470790182721,0.877680446384
1542728587314906697,,3079,,1542728587,289735580,"""/world""","""vicon/obstacle18/obstacle18""",,,0.413718264664,0.812230118952,0.773064859764,,-0.0260690638181,-0.0858234717247,-0.470682244415,0.877731713227
1542728587331770648,,3080,,1542728587,306528177,"""/world""","""vicon/obstacle18/obstacle18""",,,0.413731441496,0.812187041487,0.773066849759,,-0.0261928176528,-0.0859150761182,-0.470699295972,0.877709922908
1542728587355491041,,3081,,1542728587,323143592,"""/world""","""vicon/obstacle18/obstacle18""",,,0.413735731171,0.812192666442,0.773072351026,,-0.0261790568035,-0.0858042290699,-0.470782525583,0.87767653772
1542728587370158160,,3082,,1542728587,339892002,"""/world""","""vicon/obstacle18/obstacle18""",,,0.413730716383,0.812225403641,0.773065586072,,-0.0261994386984,-0.085791293945,-0.47074847413,0.877695458231
1542728587387520367,,3083,,1542728587,356510578,"""/world""","""vicon/obstacle18/obstacle18""",,,0.413718435952,0.812246232124,0.773058313688,,-0.0261514721483,-0.0857118283872,-0.470770314402,0.877692938366
1542728587402766051,,3084,,1542728587,373211154,"""/world""","""vicon/obstacle18/obstacle18""",,,0.413720272033,0.812232376265,0.773054096277,,-0.026106344233,-0.0858226753406,-0.470746184671,0.877696392157
1542728587419411788,,3085,,1542728587,389794404,"""/world""","""vicon/obstacle18/obstacle18""",,,0.413723528611,0.812212293925,0.773074014454,,-0.0260744637139,-0.0858507322717,-0.470741649686,0.877697028229
1542728587434670500,,3086,,1542728587,406515385,"""/world""","""vicon/obstacle18/obstacle18""",,,0.413733070025,0.812206352164,0.773072237909,,-0.026267531311,-0.0858582046566,-0.470720268851,0.877702007509
1542728587451386226,,3087,,1542728587,423138777,"""/world""","""vicon/obstacle18/obstacle18""",,,0.413734777924,0.812215068981,0.773067328586,,-0.0261599728362,-0.0858701025024,-0.470745254248,0.877690655596
1542728587470354343,,3088,,1542728587,439904083,"""/world""","""vicon/obstacle18/obstacle18""",,,0.413728140648,0.812225971925,0.773061145382,,-0.0262090220854,-0.0858290043931,-0.470742163033,0.877694870162
1542728587485728370,,3089,,1542728587,456538679,"""/world""","""vicon/obstacle18/obstacle18""",,,0.413722552848,0.812224040877,0.773051770249,,-0.0260744241802,-0.0859197760877,-0.470711041228,0.877706689132
1542728587500908241,,3090,,1542728587,473106705,"""/world""","""vicon/obstacle18/obstacle18""",,,0.413728748237,0.812229700527,0.773063561098,,-0.0261103961652,-0.0856786316176,-0.470834157942,0.877663155779
1542728587518859123,,3091,,1542728587,489878012,"""/world""","""vicon/obstacle18/obstacle18""",,,0.413730719572,0.812219226294,0.773067757975,,-0.0260562403175,-0.0858536410988,-0.470773909636,0.877679981917
1542728587536184656,,3092,,1542728587,506557578,"""/world""","""vicon/obstacle18/obstacle18""",,,0.413732360848,0.812213500211,0.773069596256,,-0.0261498059522,-0.0859067877515,-0.470671026814,0.877727176282
1542728587554408964,,3093,,1542728587,523092099,"""/world""","""vicon/obstacle18/obstacle18""",,,0.413729051084,0.812201333401,0.77306035408,,-0.0262774874041,-0.0859441659596,-0.470675704985,0.877717195189
1542728587571179944,,3094,,1542728587,539862146,"""/world""","""vicon/obstacle18/obstacle18""",,,0.41372692506,0.812210477514,0.77305642409,,-0.0261677100949,-0.08587711786,-0.470708561938,0.877709417344
1542728587581698259,,3095,,1542728587,556451327,"""/world""","""vicon/obstacle18/obstacle18""",,,0.413724308414,0.812238571619,0.77305695974,,-0.0260618915238,-0.0858681484849,-0.470698576299,0.877718798452
1542728587598362506,,3096,,1542728587,573135581,"""/world""","""vicon/obstacle18/obstacle18""",,,0.413724801012,0.812241637105,0.773063308614,,-0.0261214790099,-0.0857451873372,-0.470803658424,0.877672687508
1542728587616448216,,3097,,1542728587,589800305,"""/world""","""vicon/obstacle18/obstacle18""",,,0.413730285271,0.812219482759,0.77306670627,,-0.0261875872278,-0.0859001659981,-0.4706915112,0.87771571311
1542728587633306947,,3098,,1542728587,606521511,"""/world""","""vicon/obstacle18/obstacle18""",,,0.413729349233,0.812196169872,0.773065310082,,-0.0261549571753,-0.0859458523154,-0.470658308206,0.877730018629
1542728587656197884,,3099,,1542728587,623210817,"""/world""","""vicon/obstacle18/obstacle18""",,,0.413728615566,0.812195082829,0.773062165216,,-0.0262709426465,-0.0859424480508,-0.470694401956,0.877707532816
1542728587670523248,,3100,,1542728587,639867354,"""/world""","""vicon/obstacle18/obstacle18""",,,0.41372339713,0.812229814509,0.773055636841,,-0.0261004894238,-0.0857636855079,-0.470784262462,0.877681908733
1542728587684913034,,3101,,1542728587,656540863,"""/world""","""vicon/obstacle18/obstacle18""",,,0.413724811188,0.812254757578,0.773058716638,,-0.0259910210915,-0.0857909043994,-0.470739744952,0.877706374631
1542728587700568999,,3102,,1542728587,673178021,"""/world""","""vicon/obstacle18/obstacle18""",,,0.413724993911,0.812222202111,0.773068078246,,-0.0261812353333,-0.0857744862598,-0.470741792323,0.877701227858
1542728587718737495,,3103,,1542728587,689858099,"""/world""","""vicon/obstacle18/obstacle18""",,,0.413727783681,0.812198843621,0.773067212748,,-0.0262082589186,-0.0858889944116,-0.470690872552,0.877716531859
1542728587732967779,,3104,,1542728587,706507640,"""/world""","""vicon/obstacle18/obstacle18""",,,0.413729494152,0.81218738754,0.773061767677,,-0.0262413800958,-0.0858783658076,-0.470690052156,0.877717022199
1542728587750175162,,3105,,1542728587,723125608,"""/world""","""vicon/obstacle18/obstacle18""",,,0.413729530478,0.812222724429,0.773062877467,,-0.0261076940641,-0.085880649688,-0.470777110404,0.877674093636
1542728587768292585,,3106,,1542728587,739883345,"""/world""","""vicon/obstacle18/obstacle18""",,,0.413729841301,0.812249424807,0.773060411559,,-0.0260950525695,-0.0857623858729,-0.470758786242,0.87769586223
1542728587783616668,,3107,,1542728587,756522929,"""/world""","""vicon/obstacle18/obstacle18""",,,0.41372624836,0.812225207409,0.773065077912,,-0.0261235059279,-0.0857730085042,-0.470777364504,0.877684012912
1542728587800966622,,3108,,1542728587,773133559,"""/world""","""vicon/obstacle18/obstacle18""",,,0.413724215364,0.812200356946,0.773064527593,,-0.0261900885819,-0.0858941965505,-0.470725686512,0.877697894675
1542728587818622471,,3109,,1542728587,789854199,"""/world""","""vicon/obstacle18/obstacle18""",,,0.413727737003,0.812200784955,0.773070667391,,-0.0261833353473,-0.0858961251741,-0.47073546453,0.877692663216
1542728587838489459,,3110,,1542728587,806535171,"""/world""","""vicon/obstacle18/obstacle18""",,,0.413729304497,0.812210292263,0.773059673885,,-0.0262202879506,-0.0858908862857,-0.470718995159,0.877700905633
1542728587852374803,,3111,,1542728587,823150046,"""/world""","""vicon/obstacle18/obstacle18""",,,0.413726256417,0.812239605398,0.773059385239,,-0.0261125966907,-0.085759272564,-0.470827950671,0.87765854427
1542728587868855502,,3112,,1542728587,839911473,"""/world""","""vicon/obstacle18/obstacle18""",,,0.413728406438,0.812233436187,0.773062861588,,-0.0260579236382,-0.0857395326604,-0.470812213187,0.877670540162
1542728587884436373,,3113,,1542728587,856520078,"""/world""","""vicon/obstacle18/obstacle18""",,,0.413725365438,0.812205815891,0.773061500185,,-0.026200429203,-0.0858614005347,-0.470696095396,0.877716664526
1542728587901530817,,3114,,1542728587,873192451,"""/world""","""vicon/obstacle18/obstacle18""",,,0.41372948995,0.812210043967,0.773058043126,,-0.0261642363278,-0.085861335838,-0.470695469997,0.877718085874
1542728587918852414,,3115,,1542728587,889818279,"""/world""","""vicon/obstacle18/obstacle18""",,,0.413733947365,0.812223731848,0.773062470588,,-0.0261917477337,-0.0858671273573,-0.470730180605,0.877698083545
1542728587935207048,,3116,,1542728587,906495576,"""/world""","""vicon/obstacle18/obstacle18""",,,0.413727509914,0.812224519825,0.77306834427,,-0.0261220648244,-0.085869402716,-0.470733897869,0.877697943944
1542728587952915601,,3117,,1542728587,923175058,"""/world""","""vicon/obstacle18/obstacle18""",,,0.413730360364,0.81222224652,0.773066450683,,-0.0260933220735,-0.0858466133257,-0.470766303478,0.877683647468
1542728587969367925,,3118,,1542728587,939899446,"""/world""","""vicon/obstacle18/obstacle18""",,,0.413725956802,0.812221910187,0.773061887536,,-0.02613202257,-0.0857846184296,-0.470762446817,0.877690626191
1542728587985338543,,3119,,1542728587,956510361,"""/world""","""vicon/obstacle18/obstacle18""",,,0.413721901321,0.812225318251,0.773051913197,,-0.0262421420013,-0.0858205349939,-0.470725774042,0.877703498574
1542728588002815855,,3120,,1542728587,973156934,"""/world""","""vicon/obstacle18/obstacle18""",,,0.413733360573,0.812230723541,0.773064586063,,-0.0261479258956,-0.0857916722209,-0.470779872283,0.877680116445
1542728588019780304,,3121,,1542728587,989876633,"""/world""","""vicon/obstacle18/obstacle18""",,,0.413731022745,0.812211789733,0.773080486662,,-0.0261459265904,-0.0858707509652,-0.470723527714,0.877702663268
1542728588034462864,,3122,,1542728588,6542791,"""/world""","""vicon/obstacle18/obstacle18""",,,0.413729758407,0.812193494847,0.773060238421,,-0.0261564933825,-0.0859786434605,-0.470654268914,0.877728927332
1542728588051228175,,3123,,1542728588,23161084,"""/world""","""vicon/obstacle18/obstacle18""",,,0.413726310332,0.812222192521,0.773057616121,,-0.0262150960785,-0.0857100902571,-0.470781466337,0.877685228382
1542728588069351985,,3124,,1542728588,39858939,"""/world""","""vicon/obstacle18/obstacle18""",,,0.413721535632,0.812243676012,0.773053228813,,-0.0260966789784,-0.0857607245204,-0.470753854939,0.877698621132
1542728588086253532,,3125,,1542728588,56557777,"""/world""","""vicon/obstacle18/obstacle18""",,,0.413720134107,0.812237692269,0.773053461225,,-0.0261093113315,-0.0858179182665,-0.470752430436,0.877693419142
1542728588102878796,,3126,,1542728588,73190584,"""/world""","""vicon/obstacle18/obstacle18""",,,0.413732927307,0.812209376375,0.77307787246,,-0.0261141128299,-0.0858900808002,-0.470684336006,0.877722736956
1542728588119561387,,3127,,1542728588,89867320,"""/world""","""vicon/obstacle18/obstacle18""",,,0.413735481376,0.812184725695,0.77307299152,,-0.0262540828304,-0.0860043451611,-0.470653423416,0.877723949072
1542728588136190021,,3128,,1542728588,106585551,"""/world""","""vicon/obstacle18/obstacle18""",,,0.413729097457,0.81220969206,0.773055066444,,-0.0262056948196,-0.0859037984687,-0.470677238528,0.877722471001
1542728588152920499,,3129,,1542728588,123176436,"""/world""","""vicon/obstacle18/obstacle18""",,,0.413724047653,0.812247892483,0.773041773549,,-0.0261305517391,-0.0857850835405,-0.470757790388,0.877693122051
1542728588169200955,,3130,,1542728588,139855250,"""/world""","""vicon/obstacle18/obstacle18""",,,0.413720378502,0.812248873137,0.773051564329,,-0.026087753874,-0.0857123686631,-0.470801278846,0.877678172677
1542728588185748269,,3131,,1542728588,156552465,"""/world""","""vicon/obstacle18/obstacle18""",,,0.413724898265,0.812215092684,0.773075563124,,-0.026197568905,-0.0858422845419,-0.470719786709,0.877705914284
1542728588202520837,,3132,,1542728588,173205852,"""/world""","""vicon/obstacle18/obstacle18""",,,0.4137308967,0.812185758608,0.773085564685,,-0.0261689834572,-0.0859218881912,-0.470698650445,0.877710313204
1542728588219874344,,3133,,1542728588,189822523,"""/world""","""vicon/obstacle18/obstacle18""",,,0.413730111383,0.812199863136,0.773058313992,,-0.0262464919092,-0.0858890250801,-0.470686756229,0.877717593844
1542728588236142888,,3134,,1542728588,206540749,"""/world""","""vicon/obstacle18/obstacle18""",,,0.41372639717,0.812233436254,0.773037638411,,-0.0262502462749,-0.0858181758458,-0.470744159142,0.877693626443
1542728588252750199,,3135,,1542728588,223198246,"""/world""","""vicon/obstacle18/obstacle18""",,,0.41372249869,0.812249940523,0.77304840669,,-0.0261417001568,-0.0858245438282,-0.470720578933,0.877708890099
1542728588269205071,,3136,,1542728588,239865275,"""/world""","""vicon/obstacle18/obstacle18""",,,0.413722038401,0.812220224068,0.773063734978,,-0.0261509593657,-0.0859028442911,-0.470696413724,0.877713913969
1542728588286217067,,3137,,1542728588,256564150,"""/world""","""vicon/obstacle18/obstacle18""",,,0.413726314107,0.812198905801,0.773090308144,,-0.0260948793882,-0.0858667944831,-0.470688453345,0.87772337941
1542728588302886903,,3138,,1542728588,273163417,"""/world""","""vicon/obstacle18/obstacle18""",,,0.413729762245,0.812199593412,0.773066545609,,-0.0262972300768,-0.0858990227735,-0.470658671936,0.877730156772
1542728588319401679,,3139,,1542728588,289873307,"""/world""","""vicon/obstacle18/obstacle18""",,,0.413727029546,0.812223712397,0.773041811171,,-0.0261256562129,-0.0859702323819,-0.47063031439,0.877743514023
1542728588336684911,,3140,,1542728588,306556094,"""/world""","""vicon/obstacle18/obstacle18""",,,0.413725485008,0.812239897153,0.773051385958,,-0.026189555381,-0.0857789041839,-0.470762865201,0.877689245424
1542728588352344868,,3141,,1542728588,323221393,"""/world""","""vicon/obstacle18/obstacle18""",,,0.413720829567,0.812227070779,0.773067183815,,-0.0261242378905,-0.0858794581016,-0.470688113434,0.877721449403
1542728588371586862,,3142,,1542728588,339892496,"""/world""","""vicon/obstacle18/obstacle18""",,,0.413724430995,0.81221473602,0.773076784068,,-0.0261616386527,-0.0858925620625,-0.470695514556,0.877715084194
1542728588386761709,,3143,,1542728588,356551398,"""/world""","""vicon/obstacle18/obstacle18""",,,0.413727582825,0.812206351538,0.773067869451,,-0.0262179691113,-0.0859377992219,-0.470691528949,0.877711112688
1542728588400734140,,3144,,1542728588,373144732,"""/world""","""vicon/obstacle18/obstacle18""",,,0.413731029137,0.812214783186,0.773045503395,,-0.0262363068569,-0.0858887475001,-0.470706036584,0.877707585918
1542728588417156233,,3145,,1542728588,389842538,"""/world""","""vicon/obstacle18/obstacle18""",,,0.413729498499,0.812225193951,0.773048365888,,-0.0261988254753,-0.0859774080774,-0.470677960815,0.87771508136
1542728588434097862,,3146,,1542728588,406565870,"""/world""","""vicon/obstacle18/obstacle18""",,,0.413728108318,0.812212560146,0.773053262026,,-0.0262015506676,-0.0858832938028,-0.470711991126,0.877705964431
1542728588453187289,,3147,,1542728588,423166367,"""/world""","""vicon/obstacle18/obstacle18""",,,0.413721325364,0.812219289844,0.773066703687,,-0.0260415244414,-0.0859077684583,-0.470647988469,0.877742653215
1542728588472177995,,3148,,1542728588,439904748,"""/world""","""vicon/obstacle18/obstacle18""",,,0.413726995544,0.812216618724,0.773062436607,,-0.0261685479788,-0.0858582443116,-0.470759620214,0.877683854789
1542728588486274572,,3149,,1542728588,456540415,"""/world""","""vicon/obstacle18/obstacle18""",,,0.413724996468,0.81221275234,0.773057003346,,-0.0262216975121,-0.0859155428022,-0.470664548073,0.877727648688
1542728588502324896,,3150,,1542728588,473156470,"""/world""","""vicon/obstacle18/obstacle18""",,,0.41373363486,0.812213877867,0.773052454615,,-0.0263184279683,-0.0858977691597,-0.470724265064,0.877694468413
1542728588518993815,,3151,,1542728588,489903052,"""/world""","""vicon/obstacle18/obstacle18""",,,0.413737289845,0.8122079143,0.773053176061,,-0.0261868841471,-0.0859408091949,-0.470696080886,0.877709304868
1542728588535594042,,3152,,1542728588,506564210,"""/world""","""vicon/obstacle18/obstacle18""",,,0.413721933231,0.812222982879,0.773061596563,,-0.0261289020825,-0.0858085056237,-0.470764273698,0.877687404176
1542728588555393786,,3153,,1542728588,523173395,"""/world""","""vicon/obstacle18/obstacle18""",,,0.413724267691,0.812231249202,0.773059782317,,-0.0261631875263,-0.0858678619843,-0.470754845046,0.87768563493
1542728588569615759,,3154,,1542728588,539816675,"""/world""","""vicon/obstacle18/obstacle18""",,,0.413728468446,0.81221932743,0.773065178064,,-0.0261159499934,-0.0858295190943,-0.47071863031,0.877710215212
1542728588584362074,,3155,,1542728588,556509831,"""/world""","""vicon/obstacle18/obstacle18""",,,0.413731184493,0.812202987026,0.773053687163,,-0.0261824306185,-0.0859226565792,-0.470684960094,0.877717178683
1542728588603609067,,3156,,1542728588,573209715,"""/world""","""vicon/obstacle18/obstacle18""",,,0.413738343811,0.812213284896,0.77305512514,,-0.0262180594122,-0.0859615701647,-0.470697336112,0.877705667973
1542728588616432905,,3157,,1542728588,589787526,"""/world""","""vicon/obstacle18/obstacle18""",,,0.413730518713,0.812220892942,0.773061978419,,-0.0261087572903,-0.085903957251,-0.470717080303,0.877703978134
1542728588634708333,,3158,,1542728588,606493659,"""/world""","""vicon/obstacle18/obstacle18""",,,0.413724832719,0.812234709068,0.773062892171,,-0.0260959350675,-0.0857696766393,-0.470747705535,0.877701066694
1542728588651419234,,3159,,1542728588,623191357,"""/world""","""vicon/obstacle18/obstacle18""",,,0.413722522568,0.812227319211,0.773058999933,,-0.0260306932232,-0.0859221388998,-0.470669080369,0.877730258019
1542728588668776293,,3160,,1542728588,639867099,"""/world""","""vicon/obstacle18/obstacle18""",,,0.413727995618,0.812209745391,0.773067438437,,-0.0261671355723,-0.0859019825896,-0.470751004746,0.877684238171
1542728588686013250,,3161,,1542728588,656543524,"""/world""","""vicon/obstacle18/obstacle18""",,,0.413730128288,0.812215430849,0.773065686875,,-0.0261732774646,-0.0858949182355,-0.470700700981,0.877711725263
1542728588701751993,,3162,,1542728588,673142420,"""/world""","""vicon/obstacle18/obstacle18""",,,0.413739065819,0.812224099074,0.773054301564,,-0.0261784541424,-0.0858456983952,-0.47074013302,0.877695238548
1542728588719568657,,3163,,1542728588,689846664,"""/world""","""vicon/obstacle18/obstacle18""",,,0.413727056925,0.812231619561,0.773060195185,,-0.0261617978249,-0.0858668606779,-0.470759366931,0.877683348947
1542728588737854464,,3164,,1542728588,706541322,"""/world""","""vicon/obstacle18/obstacle18""",,,0.41372738799,0.812232277676,0.773067116408,,-0.0260863764493,-0.0858544292901,-0.470739931682,0.877697234048
1542728588754748107,,3165,,1542728588,723186988,"""/world""","""vicon/obstacle18/obstacle18""",,,0.413728216879,0.81221546183,0.77306240162,,-0.0260585264016,-0.0859033585651,-0.470684155919,0.877723186179
1542728588772491436,,3166,,1542728588,739872239,"""/world""","""vicon/obstacle18/obstacle18""",,,0.413728314832,0.812216037172,0.773060874388,,-0.0262095162208,-0.0858675284617,-0.470731025521,0.877697060737
1542728588786238680,,3167,,1542728588,756529205,"""/world""","""vicon/obstacle18/obstacle18""",,,0.413735454733,0.812228295353,0.773061770676,,-0.026174762116,-0.0858966500375,-0.470687558855,0.877718559266
1542728588802626792,,3168,,1542728588,773156433,"""/world""","""vicon/obstacle18/obstacle18""",,,0.413732011738,0.812228075228,0.773063794232,,-0.0261263175742,-0.0858352432439,-0.470774890338,0.877679172121
1542728588816748748,,3169,,1542728588,790103479,"""/world""","""vicon/obstacle18/obstacle18""",,,0.413725518954,0.812221547434,0.773054653243,,-0.0261750990337,-0.0858912251348,-0.470748023313,0.877686652617
1542728588834962619,,3170,,1542728588,806573743,"""/world""","""vicon/obstacle18/obstacle18""",,,0.41372970056,0.812220959211,0.773060197468,,-0.0260604835097,-0.0857632380873,-0.47077626904,0.877687428815
1542728588853905508,,3171,,1542728588,823178181,"""/world""","""vicon/obstacle18/obstacle18""",,,0.413728808271,0.812220217339,0.773061285288,,-0.0261911516412,-0.0858735279265,-0.470723854333,0.877700868029
1542728588870044289,,3172,,1542728588,839838834,"""/world""","""vicon/obstacle18/obstacle18""",,,0.413732629914,0.812221672811,0.773062027378,,-0.0262593857857,-0.0858447598959,-0.470704131721,0.877712220627
1542728588886080296,,3173,,1542728588,856561668,"""/world""","""vicon/obstacle18/obstacle18""",,,0.413733074151,0.812228379672,0.773064234975,,-0.0260567646736,-0.085977802745,-0.470641749789,0.877738688794
1542728588905391007,,3174,,1542728588,873188187,"""/world""","""vicon/obstacle18/obstacle18""",,,0.413726820723,0.812214400027,0.773055799376,,-0.0261876311127,-0.0858899427738,-0.470776988715,0.877670868039
1542728588922009095,,3175,,1542728588,889848138,"""/world""","""vicon/obstacle18/obstacle18""",,,0.413728550369,0.812226601534,0.773060200772,,-0.0260886199724,-0.085803206297,-0.470778706097,0.877681379307
1542728588937492840,,3176,,1542728588,906558114,"""/world""","""vicon/obstacle18/obstacle18""",,,0.413726315731,0.812230159186,0.773062553495,,-0.0262105338993,-0.0858236671956,-0.470752275841,0.877689922953
1542728588954778351,,3177,,1542728588,923162661,"""/world""","""vicon/obstacle18/obstacle18""",,,0.41372904169,0.812221396626,0.773060458484,,-0.0261617647485,-0.0858510516578,-0.470772435377,0.87767788686
1542728588967065098,,3178,,1542728588,939837813,"""/world""","""vicon/obstacle18/obstacle18""",,,0.413735754719,0.812215434349,0.773061287058,,-0.0262033100655,-0.0858926063794,-0.470736327192,0.877691948791
1542728588983983302,,3179,,1542728588,956526146,"""/world""","""vicon/obstacle18/obstacle18""",,,0.413729436983,0.812212924911,0.773061209478,,-0.0261667478376,-0.0858792177924,-0.470777538315,0.877672245589
1542728589000317829,,3180,,1542728588,973154318,"""/world""","""vicon/obstacle18/obstacle18""",,,0.413728273702,0.812221783779,0.773045982879,,-0.02613412489,-0.0858887770733,-0.470728678255,0.877698488638
1542728589018902507,,3181,,1542728588,989869926,"""/world""","""vicon/obstacle18/obstacle18""",,,0.413725938316,0.812236539667,0.773049813073,,-0.0260254664275,-0.0858506572234,-0.470740879333,0.877698902971
1542728589038028983,,3182,,1542728589,6601635,"""/world""","""vicon/obstacle18/obstacle18""",,,0.413728959074,0.812223663818,0.773056632822,,-0.0261765377991,-0.085870267143,-0.470704610741,0.87771194336
1542728589053118455,,3183,,1542728589,23231909,"""/world""","""vicon/obstacle18/obstacle18""",,,0.413731432802,0.812203662638,0.773056660968,,-0.026263026184,-0.0859312432228,-0.470627821626,0.877744568998
1542728589069392840,,3184,,1542728589,39869372,"""/world""","""vicon/obstacle18/obstacle18""",,,0.413732027196,0.812202330262,0.773062619113,,-0.0261976674528,-0.0858934707589,-0.470672607231,0.877726204863
1542728589084452110,,3185,,1542728589,56581104,"""/world""","""vicon/obstacle18/obstacle18""",,,0.413724636638,0.812215408493,0.773042253332,,-0.0261934877011,-0.085818743629,-0.47070051587,0.877718672926
1542728589101114077,,3186,,1542728589,73168967,"""/world""","""vicon/obstacle18/obstacle18""",,,0.413723185532,0.812242119259,0.7730460863,,-0.026041458329,-0.0859166655935,-0.470716275743,0.877705165059
1542728589120423865,,3187,,1542728589,89889356,"""/world""","""vicon/obstacle18/obstacle18""",,,0.41372274133,0.812235061263,0.773054533835,,-0.0261372511433,-0.0858428525603,-0.47072889826,0.877702770367
1542728589136121594,,3188,,1542728589,106573659,"""/world""","""vicon/obstacle18/obstacle18""",,,0.413733470142,0.812201234789,0.773062861189,,-0.0261444020104,-0.0858356943286,-0.470715478463,0.877710454625
1542728589153700754,,3189,,1542728589,123188184,"""/world""","""vicon/obstacle18/obstacle18""",,,0.413729059877,0.812198510701,0.773067282163,,-0.0262399700164,-0.085854058737,-0.470675664433,0.877727157767
1542728589172538236,,3190,,1542728589,139909648,"""/world""","""vicon/obstacle18/obstacle18""",,,0.413727425739,0.812218734516,0.773052747976,,-0.0261365530733,-0.0859039565188,-0.47072424431,0.877699308799
1542728589186064044,,3191,,1542728589,156569227,"""/world""","""vicon/obstacle18/obstacle18""",,,0.413722797619,0.812242938336,0.773040957076,,-0.0261336214079,-0.0857778461419,-0.470710460742,0.877719121981
1542728589202553025,,3192,,1542728589,173225125,"""/world""","""vicon/obstacle18/obstacle18""",,,0.413726047066,0.812238162518,0.77305435318,,-0.0260981675569,-0.0857677141794,-0.470723729396,0.877714051066
1542728589219402259,,3193,,1542728589,189895827,"""/world""","""vicon/obstacle18/obstacle18""",,,0.413724437743,0.812202213173,0.773065871638,,-0.0262547853848,-0.085807475261,-0.470774342736,0.877678347491
1542728589236479663,,3194,,1542728589,206542136,"""/world""","""vicon/obstacle18/obstacle18""",,,0.41372754398,0.812193203092,0.77306608716,,-0.0262231613371,-0.0859621135886,-0.470599967029,0.877757672635
1542728589253214239,,3195,,1542728589,223213783,"""/world""","""vicon/obstacle18/obstacle18""",,,0.413726777834,0.812209053878,0.773052444142,,-0.0261797557354,-0.0858100534814,-0.470784273917,0.877675009639
1542728589268997120,,3196,,1542728589,239869270,"""/world""","""vicon/obstacle18/obstacle18""",,,0.413727443383,0.81224253038,0.773046666917,,-0.0261478637018,-0.0858060996906,-0.470757739015,0.877690579667
1542728589285793730,,3197,,1542728589,256581087,"""/world""","""vicon/obstacle18/obstacle18""",,,0.413722901297,0.812238711151,0.773045762398,,-0.0261505005754,-0.0858719604063,-0.470697045475,0.877716610938
1542728589302519793,,3198,,1542728589,273193008,"""/world""","""vicon/obstacle18/obstacle18""",,,0.413725739797,0.812205576911,0.773059020999,,-0.0262369866894,-0.085907120866,-0.470679995048,0.877719732817
1542728589318026376,,3199,,1542728589,289910993,"""/world""","""vicon/obstacle18/obstacle18""",,,0.413731464799,0.812200303761,0.773067629512,,-0.0261836713518,-0.0858538081043,-0.470757893464,0.87768476387
1542728589335750136,,3200,,1542728589,306593968,"""/world""","""vicon/obstacle18/obstacle18""",,,0.41372713462,0.812215078651,0.77305434872,,-0.0262727472375,-0.0859222254613,-0.470715175387,0.877698318094
1542728589351572476,,3201,,1542728589,323137734,"""/world""","""vicon/obstacle18/obstacle18""",,,0.413721950137,0.812226117714,0.773045883107,,-0.0262493138202,-0.0859134793002,-0.470714865471,0.877700041599
1542728589368434474,,3202,,1542728589,339859269,"""/world""","""vicon/obstacle18/obstacle18""",,,0.413725944135,0.812227038571,0.773045170016,,-0.0262488884567,-0.0859041554185,-0.470738233188,0.877688434327
1542728589384389917,,3203,,1542728589,356595790,"""/world""","""vicon/obstacle18/obstacle18""",,,0.413724501984,0.812216345853,0.773063368688,,-0.0261884299275,-0.0858227427243,-0.470698977237,0.877719257962
1542728589403752809,,3204,,1542728589,373171932,"""/world""","""vicon/obstacle18/obstacle18""",,,0.413726279691,0.812203465979,0.773064831748,,-0.0261607064367,-0.0858534106883,-0.470722633613,0.877704398711
1542728589415816722,,3205,,1542728589,390077751,"""/world""","""vicon/obstacle18/obstacle18""",,,0.413730855614,0.812219125701,0.773056025728,,-0.0261444126781,-0.0859607334907,-0.470695070505,0.877709161731
1542728589433526687,,3206,,1542728589,407077345,"""/world""","""vicon/obstacle18/obstacle18""",,,0.413722186001,0.812221906056,0.773047755632,,-0.026227869568,-0.085878395578,-0.470718062304,0.877702401644
1542728589448778977,,3207,,1542728589,423338137,"""/world""","""vicon/obstacle18/obstacle18""",,,0.41372519459,0.812215083795,0.773043953919,,-0.0261502078196,-0.0859756998506,-0.470688809963,0.877710880553
1542728589468289579,,3208,,1542728589,439928068,"""/world""","""vicon/obstacle18/obstacle18""",,,0.413721954162,0.81222271807,0.773067364934,,-0.0260400339237,-0.0858718944964,-0.470701193251,0.877717677298
1542728589488473976,,3209,,1542728589,456528485,"""/world""","""vicon/obstacle18/obstacle18""",,,0.413721348789,0.812210483683,0.773059767369,,-0.0262209768057,-0.0858852790187,-0.470703885418,0.877709537077
1542728589505388442,,3210,,1542728589,473227077,"""/world""","""vicon/obstacle18/obstacle18""",,,0.413725166393,0.812215712393,0.773052473791,,-0.026195762279,-0.085899131441,-0.470732425148,0.877693628307
1542728589523113904,,3211,,1542728589,489850965,"""/world""","""vicon/obstacle18/obstacle18""",,,0.413729131202,0.812219989971,0.773055441144,,-0.0260998770934,-0.0859065991479,-0.470743593328,0.877689764085
1542728589536090271,,3212,,1542728589,506505272,"""/world""","""vicon/obstacle18/obstacle18""",,,0.413722306143,0.812205257025,0.773049594832,,-0.0262147484938,-0.0859529995992,-0.470669287341,0.877721647663
1542728589553098481,,3213,,1542728589,523150744,"""/world""","""vicon/obstacle18/obstacle18""",,,0.413723288218,0.812217837902,0.773050396382,,-0.0261070449938,-0.0859297873332,-0.470680414645,0.877721163651
1542728589566425257,,3214,,1542728589,539859367,"""/world""","""vicon/obstacle18/obstacle18""",,,0.413729086586,0.812223752365,0.773055471139,,-0.0260830553923,-0.0858675404276,-0.470720412448,0.877706518733
1542728589583042808,,3215,,1542728589,556459937,"""/world""","""vicon/obstacle18/obstacle18""",,,0.413723218961,0.812221869173,0.773058671663,,-0.0262193210764,-0.0858138141277,-0.470761929351,0.877685446148
1542728589603169918,,3216,,1542728589,573143964,"""/world""","""vicon/obstacle18/obstacle18""",,,0.413724594465,0.812210800219,0.773045035415,,-0.0262216735065,-0.0859202050929,-0.470688596403,0.877714297144
1542728589618939364,,3217,,1542728589,589893494,"""/world""","""vicon/obstacle18/obstacle18""",,,0.413727741308,0.812207762903,0.773054973706,,-0.0262005971968,-0.0858920509976,-0.470699263602,0.877711961595
1542728589639785590,,3218,,1542728589,606521193,"""/world""","""vicon/obstacle18/obstacle18""",,,0.413723222537,0.812210846603,0.773053749483,,-0.0262381711283,-0.0858317741807,-0.470728788449,0.877700901585
1542728589653283481,,3219,,1542728589,623197359,"""/world""","""vicon/obstacle18/obstacle18""",,,0.413729249107,0.81222576973,0.773056553664,,-0.026130391853,-0.0859261704075,-0.470624796379,0.877750646194
1542728589667328889,,3220,,1542728589,639851067,"""/world""","""vicon/obstacle18/obstacle18""",,,0.413733099345,0.812227272673,0.773058617421,,-0.0261243009803,-0.0858800028344,-0.470747235548,0.877689686755
1542728589682136032,,3221,,1542728589,656451231,"""/world""","""vicon/obstacle18/obstacle18""",,,0.413727325118,0.812202965584,0.773053707107,,-0.0262197730865,-0.0859506232115,-0.470738605045,0.877684555857
1542728589698412791,,3222,,1542728589,673102034,"""/world""","""vicon/obstacle18/obstacle18""",,,0.413723507905,0.812202329271,0.773045783134,,-0.0262031964931,-0.0859153412058,-0.470692549604,0.877713205088
1542728589717509857,,3223,,1542728589,689813209,"""/world""","""vicon/obstacle18/obstacle18""",,,0.413729473879,0.812215215745,0.773062205235,,-0.0261835335529,-0.0859097209354,-0.470705516402,0.87770738817
1542728589733824920,,3224,,1542728589,706564663,"""/world""","""vicon/obstacle18/obstacle18""",,,0.41372476349,0.812224475989,0.773056424248,,-0.0262616189555,-0.0858415507114,-0.470765633422,0.87767948246
1542728589750294936,,3225,,1542728589,723191483,"""/world""","""vicon/obstacle18/obstacle18""",,,0.413726522141,0.812226032274,0.773065788011,,-0.0261473626943,-0.0857974659064,-0.470744413422,0.877698585791
1542728589768393531,,3226,,1542728589,739845752,"""/world""","""vicon/obstacle18/obstacle18""",,,0.413728802801,0.812215133404,0.773055064708,,-0.0262551147437,-0.08584001399,-0.470769234511,0.877677895805
1542728589788731307,,3227,,1542728589,756579242,"""/world""","""vicon/obstacle18/obstacle18""",,,0.413720492888,0.812206978854,0.773049612786,,-0.0263011724216,-0.085836293246,-0.470765253544,0.877679016011
1542728589804379389,,3228,,1542728589,773240197,"""/world""","""vicon/obstacle18/obstacle18""",,,0.413730452888,0.812210120612,0.77305179659,,-0.0261620304099,-0.0859505741361,-0.47071287474,0.877700083471
1542728589820563198,,3229,,1542728589,789927086,"""/world""","""vicon/obstacle18/obstacle18""",,,0.413730870369,0.812224734226,0.773059742446,,-0.0261368550726,-0.0858466913101,-0.470750448018,0.877690848812
1542728589835219245,,3230,,1542728589,806563142,"""/world""","""vicon/obstacle18/obstacle18""",,,0.413727247452,0.812219900646,0.77305944278,,-0.0261660160624,-0.0858575124956,-0.470717221638,0.877706741688
1542728589852704565,,3231,,1542728589,823206209,"""/world""","""vicon/obstacle18/obstacle18""",,,0.413723234022,0.812211947138,0.773066448387,,-0.0260080282444,-0.0859215632875,-0.470671504952,0.877729686096
1542728589867594930,,3232,,1542728589,839858860,"""/world""","""vicon/obstacle18/obstacle18""",,,0.413724251494,0.812215462149,0.773049552606,,-0.0261658214141,-0.0858753707228,-0.470732825478,0.877696631821
1542728589885451991,,3233,,1542728589,856596681,"""/world""","""vicon/obstacle18/obstacle18""",,,0.413723549435,0.812217728502,0.773055412108,,-0.0261837369047,-0.085852774316,-0.470711927684,0.877709515842
1542728589901725664,,3234,,1542728589,873216476,"""/world""","""vicon/obstacle18/obstacle18""",,,0.413726473702,0.812216750603,0.773064238324,,-0.0261926495511,-0.085882892205,-0.470682327929,0.877722177065
1542728589918673246,,3235,,1542728589,889872160,"""/world""","""vicon/obstacle18/obstacle18""",,,0.413726849539,0.812215977417,0.773060917966,,-0.0261728322801,-0.0859002158839,-0.47074181557,0.877689169829
1542728589935067433,,3236,,1542728589,906586080,"""/world""","""vicon/obstacle18/obstacle18""",,,0.413726033777,0.812213406367,0.773051954415,,-0.0261651484001,-0.0858377875778,-0.470740798188,0.877696052261
1542728589951468974,,3237,,1542728589,923245959,"""/world""","""vicon/obstacle18/obstacle18""",,,0.413723572252,0.812225994388,0.773050465801,,-0.026139883349,-0.0858848192443,-0.470750720813,0.877686882194
1542728589968829947,,3238,,1542728589,939883896,"""/world""","""vicon/obstacle18/obstacle18""",,,0.413730028402,0.81222372214,0.773047193683,,-0.0262417620126,-0.0858924839856,-0.470738582869,0.877689602149
1542728589985359869,,3239,,1542728589,956604275,"""/world""","""vicon/obstacle18/obstacle18""",,,0.413724297976,0.812209801004,0.7730636751,,-0.026251211901,-0.0858688996422,-0.470728084758,0.877697257697
1542728590002428607,,3240,,1542728589,973286576,"""/world""","""vicon/obstacle18/obstacle18""",,,0.4137286771,0.812199688591,0.773063835523,,-0.0262217963601,-0.0858760769055,-0.470716116966,0.877703853267
1542728590019372285,,3241,,1542728589,989891281,"""/world""","""vicon/obstacle18/obstacle18""",,,0.413728924731,0.8122134449,0.773054643759,,-0.0261330106656,-0.0858754361388,-0.470711080904,0.877709264811
1542728590036214460,,3242,,1542728590,6663782,"""/world""","""vicon/obstacle18/obstacle18""",,,0.413722907518,0.812233718308,0.773051020026,,-0.0261623715931,-0.0857946043428,-0.470773708004,0.877682705783
1542728590051767399,,3243,,1542728590,23257749,"""/world""","""vicon/obstacle18/obstacle18""",,,0.413728110447,0.812225046122,0.773046342581,,-0.026201760713,-0.0858638405518,-0.470766633182,0.877678554885
1542728590067766466,,3244,,1542728590,39863590,"""/world""","""vicon/obstacle18/obstacle18""",,,0.413730066905,0.812212342535,0.773064827089,,-0.0261619032326,-0.0859298254092,-0.470711661814,0.877702769368
1542728590087220322,,3245,,1542728590,56541920,"""/world""","""vicon/obstacle18/obstacle18""",,,0.413724771113,0.812187842778,0.773060604412,,-0.0263332557031,-0.0859288194597,-0.470693744042,0.877707352681
1542728590103844190,,3246,,1542728590,73235114,"""/world""","""vicon/obstacle18/obstacle18""",,,0.413725464692,0.81221841541,0.773060471301,,-0.0260698470979,-0.0858289251557,-0.470708268653,0.877717200755
1542728590120743373,,3247,,1542728590,89923235,"""/world""","""vicon/obstacle18/obstacle18""",,,0.413731535123,0.81223817067,0.773046376072,,-0.0261914194639,-0.0858447834976,-0.470763193714,0.877682572538
1542728590135544391,,3248,,1542728590,106602886,"""/world""","""vicon/obstacle18/obstacle18""",,,0.413724089368,0.812229878709,0.77304471397,,-0.0261783703956,-0.0859610011248,-0.470705947939,0.87770228995
1542728590152210829,,3249,,1542728590,123184654,"""/world""","""vicon/obstacle18/obstacle18""",,,0.413724952423,0.812212359383,0.773053524514,,-0.0262794281156,-0.0859108352915,-0.470695873212,0.877709584646
1542728590170098531,,3250,,1542728590,139939749,"""/world""","""vicon/obstacle18/obstacle18""",,,0.413735955086,0.812196325861,0.773073963462,,-0.0262077678449,-0.0859331628921,-0.470692792658,0.877711193594
1542728590185865538,,3251,,1542728590,156554108,"""/world""","""vicon/obstacle18/obstacle18""",,,0.413725134228,0.812214226684,0.773060811209,,-0.0261428955848,-0.0858542326863,-0.470720631111,0.877705922953
1542728590202516307,,3252,,1542728590,173271992,"""/world""","""vicon/obstacle18/obstacle18""",,,0.413725880005,0.812238077012,0.773050638422,,-0.0261496446554,-0.0857682298496,-0.470805026265,0.877668863568
1542728590219486230,,3253,,1542728590,189930451,"""/world""","""vicon/obstacle18/obstacle18""",,,0.413725296317,0.812231894756,0.773046775012,,-0.026154607028,-0.0858962881179,-0.470712485379,0.877705827899
1542728590236427478,,3254,,1542728590,206581403,"""/world""","""vicon/obstacle18/obstacle18""",,,0.413723615642,0.812208881882,0.773049029285,,-0.026202444884,-0.0859669084104,-0.470682888092,0.877713359473
1542728590255631421,,3255,,1542728590,223206463,"""/world""","""vicon/obstacle18/obstacle18""",,,0.413728365844,0.812202129723,0.773066662961,,-0.0261943515681,-0.0859255346541,-0.470738996721,0.877687561383
1542728590272552468,,3256,,1542728590,239872248,"""/world""","""vicon/obstacle18/obstacle18""",,,0.413729250669,0.812219178125,0.773070118693,,-0.0260797347003,-0.0858969160682,-0.470721674164,0.877703066373
1542728590288909785,,3257,,1542728590,256627413,"""/world""","""vicon/obstacle18/obstacle18""",,,0.413727298476,0.812227767114,0.773051907028,,-0.0262190922538,-0.0857875652394,-0.470803581271,0.877665677074
1542728590303256596,,3258,,1542728590,273216602,"""/world""","""vicon/obstacle18/obstacle18""",,,0.413725965446,0.812227374054,0.773042849797,,-0.0261562274957,-0.0858522777621,-0.470728222697,0.877701645505
1542728590319490368,,3259,,1542728590,289951139,"""/world""","""vicon/obstacle18/obstacle18""",,,0.413727027551,0.81220885805,0.773037804894,,-0.0261786265016,-0.0859757003698,-0.470645901499,0.877733042481
1542728590334508933,,3260,,1542728590,306566732,"""/world""","""vicon/obstacle18/obstacle18""",,,0.41372902296,0.812213031197,0.773060410105,,-0.0261904398001,-0.0858463228978,-0.470703567387,0.877714430414
1542728590349292830,,3261,,1542728590,323160619,"""/world""","""vicon/obstacle18/obstacle18""",,,0.413730994548,0.812224049018,0.773075428849,,-0.0260355666313,-0.0858483927848,-0.470726076144,0.877706764224
1542728590367517966,,3262,,1542728590,339810404,"""/world""","""vicon/obstacle18/obstacle18""",,,0.413726439556,0.812219640184,0.773050565845,,-0.0261840691996,-0.0858588734045,-0.470715298357,0.87770710164
1542728590385869785,,3263,,1542728590,356531106,"""/world""","""vicon/obstacle18/obstacle18""",,,0.413721808606,0.81222513449,0.773056232532,,-0.026149358469,-0.085874472467,-0.47074097911,0.877692837283
1542728590402696131,,3264,,1542728590,373269358,"""/world""","""vicon/obstacle18/obstacle18""",,,0.413725904385,0.812209364641,0.773051375968,,-0.0261191702952,-0.085960436905,-0.470656199066,0.877730787036
1542728590420195175,,3265,,1542728590,389920141,"""/world""","""vicon/obstacle18/obstacle18""",,,0.413726954232,0.812221209587,0.773053238185,,-0.0262250529995,-0.0858997119115,-0.470687828642,0.877716613752
1542728590435131226,,3266,,1542728590,406584344,"""/world""","""vicon/obstacle18/obstacle18""",,,0.413729689113,0.812231157355,0.773064508097,,-0.0261519600289,-0.0858366365349,-0.470748766697,0.877692284043
1542728590451880232,,3267,,1542728590,423188888,"""/world""","""vicon/obstacle18/obstacle18""",,,0.41372779531,0.812213131062,0.77305604527,,-0.0261754894219,-0.0858912737947,-0.470748034068,0.877686630444
1542728590468734100,,3268,,1542728590,439912010,"""/world""","""vicon/obstacle18/obstacle18""",,,0.413727407473,0.812207525988,0.773053577934,,-0.0261875272216,-0.0858953175929,-0.470683511019,0.877720479588
1542728590485456431,,3269,,1542728590,456537251,"""/world""","""vicon/obstacle18/obstacle18""",,,0.413726769781,0.812202212127,0.773047703565,,-0.0263167854735,-0.0858836505415,-0.470715859208,0.877700407464
1542728590504685604,,3270,,1542728590,473261158,"""/world""","""vicon/obstacle18/obstacle18""",,,0.413724857052,0.812223995737,0.773048517646,,-0.0262386366213,-0.0859484562106,-0.470658448581,0.877727190876
1542728590520667048,,3271,,1542728590,489876881,"""/world""","""vicon/obstacle18/obstacle18""",,,0.413728103628,0.812238263443,0.773059540166,,-0.0261261029918,-0.0857915635898,-0.470764974875,0.877688767611
1542728590535695243,,3272,,1542728590,506560360,"""/world""","""vicon/obstacle18/obstacle18""",,,0.413729523062,0.812222644567,0.773056870012,,-0.0261620730737,-0.0858367877547,-0.470762167921,0.877684780006
1542728590554424200,,3273,,1542728590,523210620,"""/world""","""vicon/obstacle18/obstacle18""",,,0.413719408156,0.812202549862,0.773064428478,,-0.026249351871,-0.0858229815037,-0.470728776403,0.87770143354
1542728590571056090,,3274,,1542728590,539859661,"""/world""","""vicon/obstacle18/obstacle18""",,,0.413728828679,0.812198405665,0.773049220412,,-0.0262309553683,-0.0860045214138,-0.470624876697,0.877739929997
1542728590588778467,,3275,,1542728590,556548921,"""/world""","""vicon/obstacle18/obstacle18""",,,0.413725421064,0.812232366064,0.77305634078,,-0.026173924393,-0.0858853184034,-0.47070126366,0.877712343626
1542728590604871058,,3276,,1542728590,573209829,"""/world""","""vicon/obstacle18/obstacle18""",,,0.413726088256,0.812240177389,0.773048669249,,-0.0261691222264,-0.0858441316417,-0.470717771727,0.877707662884
1542728590619532652,,3277,,1542728590,589860892,"""/world""","""vicon/obstacle18/obstacle18""",,,0.413728716382,0.812227066612,0.773050983995,,-0.0261884351574,-0.0858159413288,-0.470752552727,0.87769118953
1542728590637127343,,3278,,1542728590,606569583,"""/world""","""vicon/obstacle18/obstacle18""",,,0.413724917143,0.812204960923,0.773066201951,,-0.0262073316642,-0.0858052234737,-0.470754059497,0.877690865202
1542728590654518119,,3279,,1542728590,623295992,"""/world""","""vicon/obstacle18/obstacle18""",,,0.413725580803,0.812198520367,0.773048709249,,-0.026264747282,-0.0859243827017,-0.470674041915,0.87772040524
1542728590670245030,,3280,,1542728590,639929879,"""/world""","""vicon/obstacle18/obstacle18""",,,0.413726438189,0.812219733811,0.773057585893,,-0.0261795617044,-0.0858865687083,-0.470695590279,0.877715095664
1542728590686939694,,3281,,1542728590,656588310,"""/world""","""vicon/obstacle18/obstacle18""",,,0.413730197096,0.81223341463,0.773048110013,,-0.0262477643341,-0.0858184292028,-0.470776004295,0.877676595254
1542728590700696209,,3282,,1542728590,673209598,"""/world""","""vicon/obstacle18/obstacle18""",,,0.413720380564,0.812233137258,0.773053210971,,-0.0261161602394,-0.0858435767952,-0.47075080388,0.877691578599
1542728590716839236,,3283,,1542728590,689890076,"""/world""","""vicon/obstacle18/obstacle18""",,,0.413723739741,0.812207931874,0.773054403827,,-0.0261932688894,-0.0859617122344,-0.470643653474,0.877735181099
1542728590731674370,,3284,,1542728590,706545085,"""/world""","""vicon/obstacle18/obstacle18""",,,0.413723918486,0.812200712704,0.773054167122,,-0.0262445175905,-0.0859682012635,-0.470691269582,0.877707481116
1542728590749036600,,3285,,1542728590,723168772,"""/world""","""vicon/obstacle18/obstacle18""",,,0.413728617951,0.812221750074,0.773054102447,,-0.0262195737424,-0.085890224526,-0.470703807135,0.877709137034
1542728590769043542,,3286,,1542728590,739887551,"""/world""","""vicon/obstacle18/obstacle18""",,,0.413729587313,0.812220205813,0.77305355774,,-0.0262219068876,-0.0858839437533,-0.470724552326,0.877698556249
1542728590785673372,,3287,,1542728590,756581659,"""/world""","""vicon/obstacle18/obstacle18""",,,0.413723658744,0.812228618711,0.773050493488,,-0.0262464696343,-0.0858645927951,-0.47077401393,0.877673186524
1542728590804098824,,3288,,1542728590,773180943,"""/world""","""vicon/obstacle18/obstacle18""",,,0.413721162906,0.812215212806,0.773056128086,,-0.0261773725389,-0.0858371063924,-0.470737415834,0.877697568453
1542728590818588173,,3289,,1542728590,789892538,"""/world""","""vicon/obstacle18/obstacle18""",,,0.413722557377,0.812212601731,0.773054463862,,-0.0262305911375,-0.085912885825,-0.470694381908,0.87771164455
1542728590835104382,,3290,,1542728590,806507740,"""/world""","""vicon/obstacle18/obstacle18""",,,0.413722588658,0.812226581348,0.773062598171,,-0.0261982312519,-0.0858815893646,-0.470706256537,0.877709305718
1542728590850887008,,3291,,1542728590,823171054,"""/world""","""vicon/obstacle18/obstacle18""",,,0.413728311105,0.812213160751,0.773049692844,,-0.0262038509776,-0.0859489008233,-0.470691044387,0.87771070711
1542728590868342378,,3292,,1542728590,839903193,"""/world""","""vicon/obstacle18/obstacle18""",,,0.41372418997,0.812213556625,0.773053940839,,-0.026163433496,-0.085915339807,-0.470670568057,0.877726179112
1542728590886174138,,3293,,1542728590,856526156,"""/world""","""vicon/obstacle18/obstacle18""",,,0.413727753364,0.812218716122,0.773047695174,,-0.0262084245895,-0.0858650252284,-0.470770897812,0.877675952557
1542728590902570575,,3294,,1542728590,873236662,"""/world""","""vicon/obstacle18/obstacle18""",,,0.413717953094,0.81222504271,0.773059743725,,-0.0261949988879,-0.0858296643797,-0.470707282878,0.877713930954
1542728590920172045,,3295,,1542728590,889863981,"""/world""","""vicon/obstacle18/obstacle18""",,,0.413722209125,0.812218411316,0.773059346689,,-0.0262199549078,-0.0859501331619,-0.470659017697,0.87772727976
1542728590935888827,,3296,,1542728590,906508476,"""/world""","""vicon/obstacle18/obstacle18""",,,0.413728632647,0.812208493054,0.773060525294,,-0.026210097128,-0.0859011919349,-0.470715567738,0.877702039602
1542728590954962426,,3297,,1542728590,923201486,"""/world""","""vicon/obstacle18/obstacle18""",,,0.413728398745,0.812211397908,0.773064255641,,-0.0261845053989,-0.0859220600085,-0.47067941753,0.877720147424
1542728590969521749,,3298,,1542728590,939782157,"""/world""","""vicon/obstacle18/obstacle18""",,,0.413727826336,0.812213367375,0.773041508238,,-0.0261975786877,-0.0858382103573,-0.470787246585,0.877670129927
1542728590986194704,,3299,,1542728590,956540023,"""/world""","""vicon/obstacle18/obstacle18""",,,0.413718208826,0.812243424358,0.773050333859,,-0.0261266495549,-0.0858784056933,-0.470685476521,0.87772289466
1542728591003248060,,3300,,1542728590,973230592,"""/world""","""vicon/obstacle18/obstacle18""",,,0.413717401724,0.812225615812,0.773052697113,,-0.0262174847922,-0.0858591853704,-0.47067711743,0.877726549049
1542728591019785828,,3301,,1542728590,989842021,"""/world""","""vicon/obstacle18/obstacle18""",,,0.413727754113,0.812207794532,0.773064307202,,-0.0261713233549,-0.0859263813372,-0.470659192291,0.877730963072
1542728591036050496,,3302,,1542728591,6612969,"""/world""","""vicon/obstacle18/obstacle18""",,,0.413731354847,0.812202658459,0.773071403344,,-0.0261135298717,-0.0858735059703,-0.470709407474,0.877710930914
1542728591052707221,,3303,,1542728591,23228027,"""/world""","""vicon/obstacle18/obstacle18""",,,0.413730544226,0.812210329209,0.773050387003,,-0.0262943326709,-0.0858934820999,-0.470750664535,0.877681451121
1542728591070340813,,3304,,1542728591,39859046,"""/world""","""vicon/obstacle18/obstacle18""",,,0.413719617898,0.812237557355,0.773047842013,,-0.0261536922121,-0.0859154751748,-0.47069768179,0.877711916215
1542728591086390378,,3305,,1542728591,56615871,"""/world""","""vicon/obstacle18/obstacle18""",,,0.413723790703,0.812231149841,0.773055174268,,-0.0261669451558,-0.0858467749089,-0.47074405076,0.877693375213
1542728591102770934,,3306,,1542728591,73228818,"""/world""","""vicon/obstacle18/obstacle18""",,,0.413725783253,0.812213084498,0.773065598741,,-0.0261595199578,-0.0858652112975,-0.470696933738,0.877717062369
1542728591119448485,,3307,,1542728591,89883471,"""/world""","""vicon/obstacle18/obstacle18""",,,0.413732946493,0.812194975882,0.773069085294,,-0.0261492651156,-0.0859220607736,-0.470678045551,0.877721933669
1542728591136312198,,3308,,1542728591,106538504,"""/world""","""vicon/obstacle18/obstacle18""",,,0.413736521884,0.812207251268,0.773052468276,,-0.0262717621262,-0.0857945729545,-0.470755466096,0.877689225698
1542728591152688016,,3309,,1542728591,123255696,"""/world""","""vicon/obstacle18/obstacle18""",,,0.413720396753,0.812233235297,0.773045695057,,-0.0261338061586,-0.0858339000441,-0.470760198888,0.877686960666
1542728591171898932,,3310,,1542728591,139911427,"""/world""","""vicon/obstacle18/obstacle18""",,,0.413727657986,0.812226105081,0.773040821715,,-0.0261749629016,-0.08590026152,-0.470691059275,0.877716322684
1542728591188069448,,3311,,1542728591,156486982,"""/world""","""vicon/obstacle18/obstacle18""",,,0.413726049874,0.812226177695,0.773070050335,,-0.0261249913474,-0.0857841615647,-0.470736115826,0.877705002668
1542728591204582738,,3312,,1542728591,173168347,"""/world""","""vicon/obstacle18/obstacle18""",,,0.413730240563,0.812198221083,0.773063074753,,-0.0262482323913,-0.0858979648816,-0.470668927783,0.877726227445
1542728591215806945,,3313,,1542728591,189887984,"""/world""","""vicon/obstacle18/obstacle18""",,,0.413731046146,0.812205503133,0.773055571731,,-0.026170502945,-0.0859208990395,-0.470648538277,0.877737237049
1542728591235101234,,3314,,1542728591,206489314,"""/world""","""vicon/obstacle18/obstacle18""",,,0.413728953046,0.812223405459,0.773034277144,,-0.026178988194,-0.0859220598856,-0.470680226542,0.877719878176
1542728591254503767,,3315,,1542728591,223243020,"""/world""","""vicon/obstacle18/obstacle18""",,,0.413723171216,0.812221061992,0.773035408854,,-0.0262555506023,-0.0859247569249,-0.470698110839,0.877707736472
1542728591271088398,,3316,,1542728591,239836751,"""/world""","""vicon/obstacle18/obstacle18""",,,0.413720918378,0.812228414864,0.77306553183,,-0.0262043904091,-0.0857306571458,-0.470780785539,0.877683904556
1542728591286090105,,3317,,1542728591,256482172,"""/world""","""vicon/obstacle18/obstacle18""",,,0.413733383646,0.812214965494,0.773064965251,,-0.0261031598754,-0.0858269569009,-0.470736874498,0.877701061581
1542728591302060394,,3318,,1542728591,273176320,"""/world""","""vicon/obstacle18/obstacle18""",,,0.413728524384,0.81221282631,0.773064379785,,-0.0262947625675,-0.0858220130157,-0.470728051311,0.877700557851
1542728591319287768,,3319,,1542728591,289849743,"""/world""","""vicon/obstacle18/obstacle18""",,,0.41372756008,0.812208590184,0.773045084014,,-0.0263489210724,-0.0859708211367,-0.47068371848,0.877708145929
1542728591337463460,,3320,,1542728591,306462645,"""/world""","""vicon/obstacle18/obstacle18""",,,0.413726126922,0.812211536732,0.773041211788,,-0.0262621514572,-0.0859966985197,-0.470659623303,0.877721132386
1542728591354054171,,3321,,1542728591,323285788,"""/world""","""vicon/obstacle18/obstacle18""",,,0.413721915519,0.812229762161,0.773063980708,,-0.0260487581398,-0.0858169349022,-0.470733389558,0.877705526836
1542728591367239081,,3322,,1542728591,339841518,"""/world""","""vicon/obstacle18/obstacle18""",,,0.413722532142,0.812223362386,0.773064235514,,-0.0261878808689,-0.0857834258556,-0.470785066617,0.877676945006
1542728591385738849,,3323,,1542728591,356477457,"""/world""","""vicon/obstacle18/obstacle18""",,,0.413724370415,0.812226374221,0.773060516433,,-0.0261579228412,-0.0858866385489,-0.470682273419,0.877722875332
1542728591405505434,,3324,,1542728591,373219759,"""/world""","""vicon/obstacle18/obstacle18""",,,0.413730754512,0.812208682527,0.773055807359,,-0.0262254191278,-0.0859025810729,-0.470729373448,0.877694041754
1542728591420633317,,3325,,1542728591,389864947,"""/world""","""vicon/obstacle18/obstacle18""",,,0.413727270929,0.812200531834,0.773038976352,,-0.0263789993702,-0.0859232083477,-0.470717199655,0.877693949283
1542728591436706299,,3326,,1542728591,406534089,"""/world""","""vicon/obstacle18/obstacle18""",,,0.413731082414,0.812219938221,0.773049307413,,-0.0261770274531,-0.0859039043198,-0.470701951679,0.877710063257
1542728591452688307,,3327,,1542728591,423360941,"""/world""","""vicon/obstacle18/obstacle18""",,,0.413728038447,0.812231693028,0.773067210366,,-0.0261629662616,-0.0858225640653,-0.470762843021,0.877685782227
1542728591469338412,,3328,,1542728591,439877875,"""/world""","""vicon/obstacle18/obstacle18""",,,0.41371777198,0.812229539527,0.773065853794,,-0.026195068205,-0.0858055014341,-0.470735227127,0.877701304697
1542728591485801960,,3329,,1542728591,456487833,"""/world""","""vicon/obstacle18/obstacle18""",,,0.413727853946,0.812215266522,0.773058440241,,-0.0262783978544,-0.0858990834054,-0.470683935404,0.87771716756
1542728591502318163,,3330,,1542728591,473296167,"""/world""","""vicon/obstacle18/obstacle18""",,,0.413729200796,0.812198962695,0.773045093837,,-0.0263287417543,-0.0859179811207,-0.470728301211,0.877690016075
1542728591517630415,,3331,,1542728591,489861316,"""/world""","""vicon/obstacle18/obstacle18""",,,0.413726611927,0.812206946908,0.773050216859,,-0.0262568928692,-0.0859701188132,-0.470697977693,0.877703325756
1542728591535696643,,3332,,1542728591,506457149,"""/world""","""vicon/obstacle18/obstacle18""",,,0.413730795249,0.812226438964,0.773051805516,,-0.0261461049813,-0.0857884231331,-0.470747591463,0.877697802653
1542728591551908515,,3333,,1542728591,523118584,"""/world""","""vicon/obstacle18/obstacle18""",,,0.41372276847,0.812238662471,0.773069682237,,-0.0261785513383,-0.0858271232694,-0.470717951387,0.877708948686
1542728591566462745,,3334,,1542728591,539840855,"""/world""","""vicon/obstacle18/obstacle18""",,,0.413725560758,0.812213559367,0.773056417208,,-0.026167335251,-0.0859265838183,-0.470658651536,0.87773135212
1542728591581618184,,3335,,1542728591,556497404,"""/world""","""vicon/obstacle18/obstacle18""",,,0.413724993126,0.812205679685,0.773052755691,,-0.0263589911317,-0.0858470789347,-0.47073728042,0.87769123013
1542728591604774890,,3336,,1542728591,573187239,"""/world""","""vicon/obstacle18/obstacle18""",,,0.413731705705,0.812204156987,0.773046362072,,-0.0262570864339,-0.0858937987196,-0.470736412513,0.877690179214
1542728591618226456,,3337,,1542728591,589946709,"""/world""","""vicon/obstacle18/obstacle18""",,,0.413730684965,0.812223158935,0.773057699104,,-0.0262339439934,-0.0858661699703,-0.47072128929,0.877701685566
1542728591633592187,,3338,,1542728591,606537804,"""/world""","""vicon/obstacle18/obstacle18""",,,0.41372649941,0.812232356063,0.773069465749,,-0.0261258956053,-0.0858474367815,-0.470732210376,0.877700883725
1542728591650740275,,3339,,1542728591,623206953,"""/world""","""vicon/obstacle18/obstacle18""",,,0.41372601195,0.812220117305,0.773054253264,,-0.0261496651278,-0.0859194977275,-0.470684722188,0.877718592274
1542728591671695180,,3340,,1542728591,639880276,"""/world""","""vicon/obstacle18/obstacle18""",,,0.413720033462,0.812209858343,0.773050390335,,-0.026201049353,-0.0858589919168,-0.470655054208,0.877738889686
1542728591686947792,,3341,,1542728591,656524397,"""/world""","""vicon/obstacle18/obstacle18""",,,0.413731375804,0.812200992325,0.77304421459,,-0.0262383180515,-0.0859381116234,-0.470713649682,0.877698610936
1542728591700442855,,3342,,1542728591,673240858,"""/world""","""vicon/obstacle18/obstacle18""",,,0.413730024668,0.812222967805,0.773056639735,,-0.0262368795294,-0.0858996147182,-0.470692174351,0.877713939361
1542728591717669694,,3343,,1542728591,689846531,"""/world""","""vicon/obstacle18/obstacle18""",,,0.41372595922,0.812224694122,0.773064303053,,-0.0261757410776,-0.0858038178004,-0.470720191863,0.877710109548
1542728591739253806,,3344,,1542728591,706507746,"""/world""","""vicon/obstacle18/obstacle18""",,,0.413725568131,0.812216033253,0.773063488984,,-0.0261908859901,-0.0859098064315,-0.470699892849,0.877710176266
1542728591753672261,,3345,,1542728591,723203293,"""/world""","""vicon/obstacle18/obstacle18""",,,0.413722397186,0.812222963339,0.77306156873,,-0.0260864544354,-0.0858460139344,-0.470700385861,0.87771926351
1542728591772086116,,3346,,1542728591,739764773,"""/world""","""vicon/obstacle18/obstacle18""",,,0.413725025491,0.812206434146,0.773036601396,,-0.0263314735318,-0.0859629353881,-0.470642319119,0.877731641617
1542728591783626191,,3347,,1542728591,756512929,"""/world""","""vicon/obstacle18/obstacle18""",,,0.413728313402,0.812216927744,0.773054472832,,-0.0262184510752,-0.0859164808033,-0.470739677181,0.877687363175
1542728591799892918,,3348,,1542728591,773224813,"""/world""","""vicon/obstacle18/obstacle18""",,,0.413734248061,0.812218701827,0.77306617587,,-0.0261848476821,-0.0858293979501,-0.470751137675,0.877690739712
1542728591821108965,,3349,,1542728591,789916899,"""/world""","""vicon/obstacle18/obstacle18""",,,0.41372209806,0.812213007871,0.773061790533,,-0.0261998310098,-0.0858951823359,-0.470653548385,0.877736192656
1542728591838181579,,3350,,1542728591,806530690,"""/world""","""vicon/obstacle18/obstacle18""",,,0.41372493632,0.812217264182,0.773049758679,,-0.0262073632232,-0.0858294291645,-0.470687612102,0.877724133778
1542728591852707551,,3351,,1542728591,823230311,"""/world""","""vicon/obstacle18/obstacle18""",,,0.413726447635,0.812220647341,0.773042444154,,-0.0262265711308,-0.0858862006139,-0.470699514839,0.877711623622
1542728591869357310,,3352,,1542728591,839889833,"""/world""","""vicon/obstacle18/obstacle18""",,,0.413724396095,0.812224596366,0.77305523068,,-0.02624148719,-0.085885118181,-0.470737951199,0.877690669955
1542728591885990229,,3353,,1542728591,856469434,"""/world""","""vicon/obstacle18/obstacle18""",,,0.413733700811,0.812203892007,0.773052924383,,-0.0263121286488,-0.0859906586024,-0.470690178224,0.877703842217
1542728591902615368,,3354,,1542728591,873201763,"""/world""","""vicon/obstacle18/obstacle18""",,,0.413728867077,0.812217086731,0.773076518333,,-0.0260798725766,-0.0857488356822,-0.470749172691,0.877702793567
1542728591918952388,,3355,,1542728591,889857186,"""/world""","""vicon/obstacle18/obstacle18""",,,0.413724657369,0.812214456069,0.773055682212,,-0.026215997148,-0.085869783984,-0.470732286744,0.877695970088
1542728591936836459,,3356,,1542728591,906483769,"""/world""","""vicon/obstacle18/obstacle18""",,,0.413723293876,0.812226286365,0.773043608804,,-0.0262294444376,-0.0858726725945,-0.470700561382,0.877712300165
1542728591952790306,,3357,,1542728591,923224216,"""/world""","""vicon/obstacle18/obstacle18""",,,0.413730271861,0.812224547602,0.773051991017,,-0.026196362502,-0.0858935065964,-0.470710486989,0.877705926581
1542728591970937998,,3358,,1542728591,939916155,"""/world""","""vicon/obstacle18/obstacle18""",,,0.413733253089,0.812204527266,0.773049500846,,-0.0262249927234,-0.0859677819936,-0.470700427338,0.877703194662
1542728591985351285,,3359,,1542728591,956442021,"""/world""","""vicon/obstacle18/obstacle18""",,,0.413728470258,0.812210369137,0.773067521875,,-0.0261993175152,-0.0858309915191,-0.470731261958,0.877700812163
1542728591999873940,,3360,,1542728591,973155503,"""/world""","""vicon/obstacle18/obstacle18""",,,0.413732321133,0.812210984977,0.773057611413,,-0.0262050432764,-0.0858075354221,-0.47073764267,0.877699512558
1542728592017461812,,3361,,1542728591,989846198,"""/world""","""vicon/obstacle18/obstacle18""",,,0.413725855581,0.812223934191,0.773042883325,,-0.026192054749,-0.0859149547726,-0.470692407857,0.877713651483
1542728592035776975,,3362,,1542728592,6499814,"""/world""","""vicon/obstacle18/obstacle18""",,,0.413727799246,0.812223409442,0.773043262666,,-0.0262303977039,-0.0858767934969,-0.470732552608,0.87769471144
1542728592052606255,,3363,,1542728592,23228653,"""/world""","""vicon/obstacle18/obstacle18""",,,0.413734162084,0.812215953543,0.773060816653,,-0.0261978084398,-0.0859130794554,-0.470700944317,0.877709085421
1542728592069804667,,3364,,1542728592,39877989,"""/world""","""vicon/obstacle18/obstacle18""",,,0.413728037225,0.812206884479,0.773069326033,,-0.0262021781375,-0.0858843259374,-0.470687495345,0.877718981306
1542728592086115038,,3365,,1542728592,56506253,"""/world""","""vicon/obstacle18/obstacle18""",,,0.413732228394,0.812199227742,0.773059650991,,-0.0262600898348,-0.0859199128482,-0.470733848179,0.877688908689
1542728592103230553,,3366,,1542728592,73210351,"""/world""","""vicon/obstacle18/obstacle18""",,,0.413730107829,0.812222752457,0.773050424304,,-0.0261519034614,-0.0858793302568,-0.470761579235,0.877681237179
1542728592118917867,,3367,,1542728592,89877187,"""/world""","""vicon/obstacle18/obstacle18""",,,0.413726003569,0.812221465948,0.773034436697,,-0.0263429972775,-0.0859976105543,-0.470637358921,0.877730558806
1542728592136303653,,3368,,1542728592,106497036,"""/world""","""vicon/obstacle18/obstacle18""",,,0.413728749116,0.812218722335,0.773051348802,,-0.0262563590451,-0.0859276705751,-0.470687413481,0.877713163756
1542728592152590860,,3369,,1542728592,123218284,"""/world""","""vicon/obstacle18/obstacle18""",,,0.413732458585,0.812217221041,0.773069579458,,-0.0260785171312,-0.0858196975846,-0.47074830058,0.87769637572
1542728592169478359,,3370,,1542728592,139945288,"""/world""","""vicon/obstacle18/obstacle18""",,,0.413729792248,0.812201594146,0.773063434476,,-0.0261860498632,-0.0859726983875,-0.470631055123,0.877741075647
1542728592186035465,,3371,,1542728592,156461458,"""/world""","""vicon/obstacle18/obstacle18""",,,0.413724084911,0.812214512649,0.77305773058,,-0.0262668459292,-0.0858697018529,-0.47069542248,0.877714228189
1542728592202611545,,3372,,1542728592,173204440,"""/world""","""vicon/obstacle18/obstacle18""",,,0.413733773754,0.812221420198,0.773035748556,,-0.0262932304748,-0.0859035621298,-0.470700476747,0.877707414367
1542728592219369671,,3373,,1542728592,189891142,"""/world""","""vicon/obstacle18/obstacle18""",,,0.413727987173,0.812224954568,0.773043510814,,-0.0262213799642,-0.0859370403063,-0.470694383662,0.877709554195
1542728592235817356,,3374,,1542728592,206490753,"""/world""","""vicon/obstacle18/obstacle18""",,,0.413726271282,0.812216134092,0.773064979925,,-0.026178405024,-0.0859068385941,-0.470669781689,0.877726986481
1542728592252966168,,3375,,1542728592,223214676,"""/world""","""vicon/obstacle18/obstacle18""",,,0.413732164643,0.812213699911,0.773071427352,,-0.0261738931631,-0.085904221987,-0.470674670069,0.877724755784
1542728592269191584,,3376,,1542728592,239884921,"""/world""","""vicon/obstacle18/obstacle18""",,,0.413724463007,0.812211537887,0.773060793701,,-0.026166801189,-0.0858394033817,-0.470726604067,0.877703457647
1542728592285853623,,3377,,1542728592,256507932,"""/world""","""vicon/obstacle18/obstacle18""",,,0.413729444874,0.812219043186,0.77303767321,,-0.0262245001318,-0.0859306707706,-0.470679249316,0.877718200607
1542728592302628745,,3378,,1542728592,273218072,"""/world""","""vicon/obstacle18/obstacle18""",,,0.413727680727,0.812238069221,0.773045570024,,-0.0261630793223,-0.085877799016,-0.470705236181,0.877711272315
1542728592319178189,,3379,,1542728592,289900472,"""/world""","""vicon/obstacle18/obstacle18""",,,0.413729881735,0.812218614595,0.773052511806,,-0.0262031244189,-0.0860241719673,-0.4706008749,0.877751704442
1542728592336250855,,3380,,1542728592,306496785,"""/world""","""vicon/obstacle18/obstacle18""",,,0.413728114558,0.81221306874,0.773066846565,,-0.0262579933776,-0.0858458570069,-0.470677535854,0.877726417433
1542728592352533114,,3381,,1542728592,323225102,"""/world""","""vicon/obstacle18/obstacle18""",,,0.413726750905,0.812206657099,0.773062116419,,-0.0262522055457,-0.085912048731,-0.47066172011,0.877728595188
1542728592369613794,,3382,,1542728592,339925592,"""/world""","""vicon/obstacle18/obstacle18""",,,0.413728350415,0.812213252611,0.773043368483,,-0.0262661981665,-0.085998757028,-0.470636034943,0.877733457968
1542728592386982476,,3383,,1542728592,356475159,"""/world""","""vicon/obstacle18/obstacle18""",,,0.41372274585,0.81223216978,0.773041509755,,-0.0262212910237,-0.0858485868325,-0.470672497241,0.877729949573
1542728592402935269,,3384,,1542728592,373258857,"""/world""","""vicon/obstacle18/obstacle18""",,,0.41373784999,0.81222575236,0.773046135742,,-0.0262707129185,-0.0858703279309,-0.470714541642,0.877703797822
1542728592421490532,,3385,,1542728592,389871865,"""/world""","""vicon/obstacle18/obstacle18""",,,0.413728875204,0.812216096435,0.773067866048,,-0.0262061002925,-0.0858435360011,-0.47069736872,0.877717559762
1542728592438441679,,3386,,1542728592,406483137,"""/world""","""vicon/obstacle18/obstacle18""",,,0.413724712642,0.812196971375,0.773060244971,,-0.0262502168509,-0.0859112718335,-0.470653307613,0.877733241663
1542728592454600016,,3387,,1542728592,423248487,"""/world""","""vicon/obstacle18/obstacle18""",,,0.41372363587,0.812210148711,0.77304861053,,-0.026310685751,-0.0859213983682,-0.470659130082,0.877727317786
1542728592469837035,,3388,,1542728592,439876532,"""/world""","""vicon/obstacle18/obstacle18""",,,0.413727585291,0.812231944277,0.773045125518,,-0.0262282042313,-0.0858592264626,-0.470702113789,0.877712820123
1542728592484653979,,3389,,1542728592,456470924,"""/world""","""vicon/obstacle18/obstacle18""",,,0.413732446115,0.812225575291,0.773046002425,,-0.0261586338769,-0.0859497212437,-0.470680001958,0.877717897191
1542728592505368693,,3390,,1542728592,473189116,"""/world""","""vicon/obstacle18/obstacle18""",,,0.413730132673,0.812217253341,0.773068650628,,-0.0261454758927,-0.085841001137,-0.470693280292,0.87772180815
1542728592520362156,,3391,,1542728592,489800326,"""/world""","""vicon/obstacle18/obstacle18""",,,0.413730372811,0.812192620775,0.773047130299,,-0.0262846111238,-0.085953676917,-0.470661491598,0.877723672331
1542728592536366363,,3392,,1542728592,506591863,"""/world""","""vicon/obstacle18/obstacle18""",,,0.41372106414,0.812215692825,0.773057266232,,-0.026219723785,-0.0858531506512,-0.470693932309,0.877718055355
1542728592551386503,,3393,,1542728592,523237924,"""/world""","""vicon/obstacle18/obstacle18""",,,0.413730279048,0.812225050577,0.773046324853,,-0.0262920899664,-0.0859165271352,-0.470675735527,0.877719447407
1542728592571200307,,3394,,1542728592,539856860,"""/world""","""vicon/obstacle18/obstacle18""",,,0.413738076999,0.812231928784,0.773052522118,,-0.0262455996605,-0.0859123065346,-0.470730305114,0.877691986936
1542728592587710319,,3395,,1542728592,556480621,"""/world""","""vicon/obstacle18/obstacle18""",,,0.413731677906,0.812214496235,0.773067775969,,-0.0262314408864,-0.0858427604275,-0.470714708778,0.877707579397
1542728592601671948,,3396,,1542728592,573188722,"""/world""","""vicon/obstacle18/obstacle18""",,,0.413727924827,0.812200314591,0.773052217211,,-0.0262245562884,-0.0858874126994,-0.470696880255,0.877712978089
1542728592619408084,,3397,,1542728592,589866219,"""/world""","""vicon/obstacle18/obstacle18""",,,0.41372275671,0.812221911966,0.773051227715,,-0.0262521022316,-0.0859760526385,-0.470624620406,0.877742224214
1542728592636178501,,3398,,1542728592,606509126,"""/world""","""vicon/obstacle18/obstacle18""",,,0.413724021041,0.812232362864,0.773052322274,,-0.0262784825014,-0.0858935546606,-0.470692277875,0.877713232311
1542728592652973394,,3399,,1542728592,623204527,"""/world""","""vicon/obstacle18/obstacle18""",,,0.413731077645,0.812224366135,0.773051116826,,-0.0262249042643,-0.0859206683425,-0.470659395309,0.877729814211
1542728592669945669,,3400,,1542728592,639867406,"""/world""","""vicon/obstacle18/obstacle18""",,,0.413738137798,0.81220809429,0.773060491901,,-0.0262169193277,-0.0859289460833,-0.470668469516,0.877724376538
1542728592685508283,,3401,,1542728592,656522187,"""/world""","""vicon/obstacle18/obstacle18""",,,0.413729870645,0.812200502692,0.773056547483,,-0.0263276872922,-0.0859120744631,-0.470729012297,0.87769024452
1542728592701707462,,3402,,1542728592,673199549,"""/world""","""vicon/obstacle18/obstacle18""",,,0.413721424345,0.812227626823,0.77304182657,,-0.0263478706592,-0.0858818974108,-0.470677358423,0.877720293531
1542728592717572222,,3403,,1542728592,689912349,"""/world""","""vicon/obstacle18/obstacle18""",,,0.413723871257,0.812235473422,0.773040654892,,-0.0261900259857,-0.0858943200616,-0.470707552127,0.877707610022
1542728592735442558,,3404,,1542728592,706510302,"""/world""","""vicon/obstacle18/obstacle18""",,,0.413726804432,0.812232722063,0.773064169786,,-0.026155518634,-0.0858655164186,-0.470690090533,0.877720821565
1542728592752782166,,3405,,1542728592,723269109,"""/world""","""vicon/obstacle18/obstacle18""",,,0.413733021452,0.812195832234,0.773067059672,,-0.0262407732032,-0.0859287643156,-0.470644794716,0.877736376421
1542728592770269951,,3406,,1542728592,739911549,"""/world""","""vicon/obstacle18/obstacle18""",,,0.413734470074,0.812194894171,0.773048619893,,-0.0262911582473,-0.0859682325323,-0.470619207255,0.87774472357
1542728592788543471,,3407,,1542728592,756552488,"""/world""","""vicon/obstacle18/obstacle18""",,,0.413718245362,0.812231310649,0.773039200642,,-0.026263505697,-0.0859773228517,-0.470604277797,0.877752665586
1542728592799902534,,3408,,1542728592,773173119,"""/world""","""vicon/obstacle18/obstacle18""",,,0.413724413801,0.812238067485,0.773031327731,,-0.0262204777682,-0.0859618436915,-0.470612966972,0.877750809337
1542728592815405830,,3409,,1542728592,790243347,"""/world""","""vicon/obstacle18/obstacle18""",,,0.413730661242,0.81223294682,0.773062846334,,-0.0261000151708,-0.0858484611746,-0.470675944044,0.877731728161
1542728592831941450,,3410,,1542728592,807263848,"""/world""","""vicon/obstacle18/obstacle18""",,,0.413734177841,0.812196319904,0.773064162928,,-0.0262779303221,-0.0859682433533,-0.470681794712,0.877711558338
1542728592850426909,,3411,,1542728592,823114242,"""/world""","""vicon/obstacle18/obstacle18""",,,0.413726481987,0.81219137153,0.773056140544,,-0.0263101591834,-0.0859489823652,-0.470621588502,0.877744762668
1542728592869099739,,3412,,1542728592,839849760,"""/world""","""vicon/obstacle18/obstacle18""",,,0.413728852703,0.812224262296,0.773037554756,,-0.0261826859483,-0.0859303911069,-0.47070992793,0.877703024142
1542728592885465324,,3413,,1542728592,856541471,"""/world""","""vicon/obstacle18/obstacle18""",,,0.413726432072,0.81224531492,0.773028610719,,-0.0262933481618,-0.0858881903606,-0.470733436363,0.877691238699
1542728592903070488,,3414,,1542728592,873221032,"""/world""","""vicon/obstacle18/obstacle18""",,,0.413721146973,0.812226124866,0.773058744149,,-0.0262956012801,-0.0858695705562,-0.470693910407,0.877714190903
1542728592919276035,,3415,,1542728592,889891338,"""/world""","""vicon/obstacle18/obstacle18""",,,0.413740712008,0.812185675898,0.773074116545,,-0.0261847596989,-0.0859129390256,-0.470685662187,0.877717683927
1542728592934784179,,3416,,1542728592,906507478,"""/world""","""vicon/obstacle18/obstacle18""",,,0.413730557303,0.812195651857,0.773060242027,,-0.0263349432116,-0.085961569653,-0.470658933619,0.877722762331
1542728592954429513,,3417,,1542728592,923218464,"""/world""","""vicon/obstacle18/obstacle18""",,,0.413722654516,0.812215870215,0.773029351331,,-0.0262325568265,-0.0859980226753,-0.470624991428,0.877740457368
1542728592970555008,,3418,,1542728592,939838519,"""/world""","""vicon/obstacle18/obstacle18""",,,0.413730104547,0.812242579218,0.773035974846,,-0.0262078301626,-0.0858951251139,-0.470742701677,0.877688148454
1542728592984932243,,3419,,1542728592,956480123,"""/world""","""vicon/obstacle18/obstacle18""",,,0.41372895295,0.812227715301,0.773059991526,,-0.0262251146342,-0.085972549188,-0.4706757054,0.877715981679
1542728593001493110,,3420,,1542728592,973238552,"""/world""","""vicon/obstacle18/obstacle18""",,,0.413728522862,0.812182461503,0.773069722358,,-0.0263445414651,-0.0858966396233,-0.470667692343,0.877724134236
1542728593020115485,,3421,,1542728592,989892544,"""/world""","""vicon/obstacle18/obstacle18""",,,0.413730836251,0.812199784773,0.773058821144,,-0.026332878931,-0.085837942404,-0.470730527091,0.877696529556
1542728593036160785,,3422,,1542728593,6520618,"""/world""","""vicon/obstacle18/obstacle18""",,,0.413729112631,0.812227344886,0.773033991786,,-0.0261298384927,-0.085955396166,-0.470713962996,0.877699986585
1542728593052442563,,3423,,1542728593,23286769,"""/world""","""vicon/obstacle18/obstacle18""",,,0.413722322363,0.812235551744,0.773031762216,,-0.0262756618144,-0.0859994660443,-0.470641755927,0.877730037662
1542728593068451198,,3424,,1542728593,39881601,"""/world""","""vicon/obstacle18/obstacle18""",,,0.413729925216,0.812217032399,0.773057521931,,-0.0262778035765,-0.0858726314083,-0.470714222215,0.877703531507
1542728593084822896,,3425,,1542728593,56467953,"""/world""","""vicon/obstacle18/obstacle18""",,,0.41373175662,0.812191280659,0.77306683663,,-0.0262139077385,-0.0859187034931,-0.470682586993,0.877717898719
1542728593100538972,,3426,,1542728593,73228721,"""/world""","""vicon/obstacle18/obstacle18""",,,0.413719591615,0.81219934447,0.773061836797,,-0.0262960106129,-0.0859244231242,-0.470668580451,0.877722393877
1542728593116863427,,3427,,1542728593,89938485,"""/world""","""vicon/obstacle18/obstacle18""",,,0.413728224655,0.812224657132,0.773031521428,,-0.0263063426838,-0.0860389931285,-0.470672109859,0.877708968279
1542728593134920053,,3428,,1542728593,106536094,"""/world""","""vicon/obstacle18/obstacle18""",,,0.413724871057,0.812243692344,0.773042489651,,-0.0261554421557,-0.0859512101276,-0.470669204664,0.877723636519
1542728593151916648,,3429,,1542728593,123239756,"""/world""","""vicon/obstacle18/obstacle18""",,,0.413727755679,0.812201425383,0.773057608592,,-0.0262999062237,-0.0859765789816,-0.470629340757,0.87773821064
1542728593167558201,,3430,,1542728593,139900264,"""/world""","""vicon/obstacle18/obstacle18""",,,0.413732854055,0.812183535305,0.77307072803,,-0.0262402564978,-0.0859705211851,-0.470647895975,0.877730640026
1542728593183840958,,3431,,1542728593,156556558,"""/world""","""vicon/obstacle18/obstacle18""",,,0.41372132058,0.812215031006,0.77307589283,,-0.0261069811284,-0.0858029417039,-0.470736932104,0.877703265053
1542728593200488244,,3432,,1542728593,173242195,"""/world""","""vicon/obstacle18/obstacle18""",,,0.413716590236,0.812228838801,0.773034046114,,-0.0262810219145,-0.0859222947262,-0.470659371717,0.877727989169
1542728593218966378,,3433,,1542728593,189887901,"""/world""","""vicon/obstacle18/obstacle18""",,,0.413722000769,0.812241412893,0.773043110369,,-0.0262178459171,-0.0859184598159,-0.470666728849,0.877726308808
1542728593238612586,,3434,,1542728593,206478222,"""/world""","""vicon/obstacle18/obstacle18""",,,0.413733591353,0.812208909136,0.773064221643,,-0.026211851294,-0.0859726061635,-0.470647698579,0.877731390383
1542728593254612662,,3435,,1542728593,223239689,"""/world""","""vicon/obstacle18/obstacle18""",,,0.413727701058,0.812179570784,0.773075573622,,-0.0262001410188,-0.0859140215308,-0.470691608891,0.877713929954
1542728593271616586,,3436,,1542728593,239942966,"""/world""","""vicon/obstacle18/obstacle18""",,,0.41372955604,0.812205524279,0.773068030888,,-0.0262499912429,-0.0859236282165,-0.470675062366,0.87772037332
1542728593282888692,,3437,,1542728593,256460567,"""/world""","""vicon/obstacle18/obstacle18""",,,0.413720988941,0.812236567117,0.77304808599,,-0.0261670055517,-0.08590933318,-0.470686078158,0.877718343275
1542728593298727629,,3438,,1542728593,273147249,"""/world""","""vicon/obstacle18/obstacle18""",,,0.413711712916,0.812237213672,0.77303823273,,-0.0262707289744,-0.0858987011333,-0.470664408595,0.877727905689
1542728593319000968,,3439,,1542728593,289853466,"""/world""","""vicon/obstacle18/obstacle18""",,,0.413727324002,0.812205964494,0.773064619525,,-0.0262145637933,-0.0859618529628,-0.47066887978,0.877721004697
1542728593335072751,,3440,,1542728593,306479706,"""/world""","""vicon/obstacle18/obstacle18""",,,0.413730778848,0.812187419413,0.773075507073,,-0.0262450480515,-0.085882048147,-0.470694989242,0.877713904619
1542728593350698182,,3441,,1542728593,323221655,"""/world""","""vicon/obstacle18/obstacle18""",,,0.413726109477,0.812199885093,0.773067892635,,-0.0262142385808,-0.0859032326412,-0.470657755434,0.877732718752
1542728593367606910,,3442,,1542728593,339866843,"""/world""","""vicon/obstacle18/obstacle18""",,,0.413725096482,0.812229869857,0.773047257273,,-0.0262716480706,-0.0858697668065,-0.470697443373,0.877712994354
1542728593383634278,,3443,,1542728593,356472503,"""/world""","""vicon/obstacle18/obstacle18""",,,0.413719675568,0.81224185598,0.773048234827,,-0.0262038970865,-0.0858967617631,-0.47071921003,0.877700704913
1542728593400453105,,3444,,1542728593,373212710,"""/world""","""vicon/obstacle18/obstacle18""",,,0.413724317831,0.812209839256,0.77305629946,,-0.0262097601273,-0.0859735174632,-0.470686191492,0.877710722224
1542728593416764003,,3445,,1542728593,389780013,"""/world""","""vicon/obstacle18/obstacle18""",,,0.413731852862,0.812193038093,0.77307693058,,-0.0262656895052,-0.0857670036318,-0.470693971056,0.877725082389
1542728593433168367,,3446,,1542728593,406502919,"""/world""","""vicon/obstacle18/obstacle18""",,,0.413740889253,0.812200307754,0.773064807776,,-0.026289173037,-0.0859321628895,-0.470705879277,0.877701838882
1542728593450664716,,3447,,1542728593,423217404,"""/world""","""vicon/obstacle18/obstacle18""",,,0.41372112169,0.812222572844,0.7730450279,,-0.0262538395388,-0.0858310444006,-0.470723074447,0.877703568929
1542728593467845174,,3448,,1542728593,439821365,"""/world""","""vicon/obstacle18/obstacle18""",,,0.413716682812,0.812231967585,0.773040148351,,-0.0262579254,-0.0858883681724,-0.470693100041,0.877713914177
1542728593484755181,,3449,,1542728593,456529284,"""/world""","""vicon/obstacle18/obstacle18""",,,0.413725069979,0.812222337497,0.773056348825,,-0.0262437482055,-0.0858462741887,-0.47072841772,0.877699515574
1542728593501297369,,3450,,1542728593,473194672,"""/world""","""vicon/obstacle18/obstacle18""",,,0.413728561072,0.812208453664,0.7730829988,,-0.0261711559069,-0.0858195121473,-0.47071406884,0.877711995662
1542728593518357487,,3451,,1542728593,489834959,"""/world""","""vicon/obstacle18/obstacle18""",,,0.413735150655,0.812193896722,0.773063614484,,-0.026267662154,-0.0859394582399,-0.470685145125,0.877712887909
1542728593536293650,,3452,,1542728593,506538121,"""/world""","""vicon/obstacle18/obstacle18""",,,0.413732894964,0.812220751255,0.773053955069,,-0.0262581215832,-0.0858657347236,-0.470701757251,0.877711480141
1542728593554371761,,3453,,1542728593,523245567,"""/world""","""vicon/obstacle18/obstacle18""",,,0.413718843976,0.812227964603,0.773039201548,,-0.0262430190335,-0.0859408585781,-0.470665778819,0.87772387311
1542728593572462097,,3454,,1542728593,539857821,"""/world""","""vicon/obstacle18/obstacle18""",,,0.413723548634,0.812211979343,0.773055648848,,-0.0261989344768,-0.0858774899691,-0.470675735145,0.877726053444
1542728593581961920,,3455,,1542728593,556417221,"""/world""","""vicon/obstacle18/obstacle18""",,,0.413733289515,0.812217382526,0.773074263601,,-0.0261551559064,-0.0858184433142,-0.470791905462,0.87767082916
1542728593598411571,,3456,,1542728593,573199214,"""/world""","""vicon/obstacle18/obstacle18""",,,0.413729132574,0.81221060075,0.773082108439,,-0.026168374701,-0.0858354612263,-0.470718691391,0.877708039918
1542728593622589825,,3457,,1542728593,589963753,"""/world""","""vicon/obstacle18/obstacle18""",,,0.413725733392,0.812205413758,0.773044633061,,-0.0263646200364,-0.085951665486,-0.47062590434,0.877740551743
1542728593637168436,,3458,,1542728593,606540462,"""/world""","""vicon/obstacle18/obstacle18""",,,0.413727103367,0.812217177789,0.773033837414,,-0.0262518707577,-0.085940940492,-0.47065647536,0.877728589161
1542728593655654827,,3459,,1542728593,623168537,"""/world""","""vicon/obstacle18/obstacle18""",,,0.413727257333,0.812224860187,0.773056399173,,-0.0262179251243,-0.0859177922219,-0.470707920485,0.87770428219
1542728593669878797,,3460,,1542728593,639938738,"""/world""","""vicon/obstacle18/obstacle18""",,,0.413721273515,0.812212070342,0.773065255374,,-0.0262261488003,-0.0859134780267,-0.470664446902,0.877727772054
1542728593682997582,,3461,,1542728593,656414818,"""/world""","""vicon/obstacle18/obstacle18""",,,0.413735783108,0.812216886348,0.773075420474,,-0.0261624823615,-0.0857974619369,-0.470725929239,0.877708049173
1542728593698101449,,3462,,1542728593,673120173,"""/world""","""vicon/obstacle18/obstacle18""",,,0.413724422997,0.812218193893,0.773061478107,,-0.0262044303978,-0.0858959643882,-0.47071235397,0.877704443961
1542728593714607460,,3463,,1542728593,689784253,"""/world""","""vicon/obstacle18/obstacle18""",,,0.413725502312,0.812210816589,0.773036578447,,-0.0263302861968,-0.0859471429451,-0.470651462549,0.877728320979
1542728593735821911,,3464,,1542728593,706525304,"""/world""","""vicon/obstacle18/obstacle18""",,,0.413734994043,0.812217068118,0.773050498785,,-0.0262412359474,-0.0858728973162,-0.470721081778,0.877700920708
1542728593750977407,,3465,,1542728593,723227207,"""/world""","""vicon/obstacle18/obstacle18""",,,0.413730119901,0.812218139065,0.773069763043,,-0.0262486878943,-0.0858062576023,-0.470730742998,0.8777020338
1542728593767271271,,3466,,1542728593,739869502,"""/world""","""vicon/obstacle18/obstacle18""",,,0.4137236332,0.812204358375,0.773070090977,,-0.0262613083976,-0.0858679558005,-0.470684750903,0.877720287515
1542728593784058509,,3467,,1542728593,756553042,"""/world""","""vicon/obstacle18/obstacle18""",,,0.413729091008,0.812221490017,0.773062358721,,-0.0261266823848,-0.0858642570013,-0.470716577728,0.87770759897
1542728593801406199,,3468,,1542728593,773232849,"""/world""","""vicon/obstacle18/obstacle18""",,,0.413726497172,0.812221743401,0.773038581888,,-0.0262876505,-0.0859427631217,-0.470649234676,0.877731222412
1542728593819175475,,3469,,1542728593,789895767,"""/world""","""vicon/obstacle18/obstacle18""",,,0.41372808939,0.8122113863,0.773043668461,,-0.0262398485897,-0.0859984585443,-0.470618575778,0.877743636608
1542728593837201505,,3470,,1542728593,806609350,"""/world""","""vicon/obstacle18/obstacle18""",,,0.413737290126,0.812211450144,0.7730661954,,-0.0262166966415,-0.0859268013335,-0.470737433509,0.877687608619
1542728593850125143,,3471,,1542728593,823219805,"""/world""","""vicon/obstacle18/obstacle18""",,,0.413729190129,0.812210954011,0.773070771095,,-0.0261920214185,-0.0858466290216,-0.470704997628,0.877713586261
1542728593866433006,,3472,,1542728593,839934628,"""/world""","""vicon/obstacle18/obstacle18""",,,0.413722316219,0.812220226108,0.773056932266,,-0.026239092559,-0.0858418356433,-0.470687905566,0.877721815172
1542728593881604346,,3473,,1542728593,856490840,"""/world""","""vicon/obstacle18/obstacle18""",,,0.413728337597,0.812225470242,0.773051262242,,-0.0262565992422,-0.0859018421666,-0.470661878467,0.877729377808
1542728593900275720,,3474,,1542728593,873376282,"""/world""","""vicon/obstacle18/obstacle18""",,,0.413731797423,0.812227756633,0.773045535067,,-0.026198137799,-0.0859868131853,-0.470686927446,0.877709372096
1542728593917712012,,3475,,1542728593,889833450,"""/world""","""vicon/obstacle18/obstacle18""",,,0.413731377449,0.812203629475,0.773063525431,,-0.0262535653807,-0.0859678492846,-0.47063922296,0.87773515425
1542728593934565154,,3476,,1542728593,906514913,"""/world""","""vicon/obstacle18/obstacle18""",,,0.413740310261,0.812203182479,0.773066494037,,-0.0262594001508,-0.085861457282,-0.470749562648,0.877686221451
1542728593952458266,,3477,,1542728593,923264703,"""/world""","""vicon/obstacle18/obstacle18""",,,0.413727095923,0.812222855871,0.773060785691,,-0.0262012340332,-0.0858383021165,-0.470722653292,0.87770465699
1542728593969161757,,3478,,1542728593,939852281,"""/world""","""vicon/obstacle18/obstacle18""",,,0.413723593449,0.812230781769,0.773043705442,,-0.0262432073226,-0.0858968770022,-0.470688686707,0.877715888427
1542728593985652662,,3479,,1542728593,956522895,"""/world""","""vicon/obstacle18/obstacle18""",,,0.41372799954,0.812230957294,0.773051078361,,-0.0262939453421,-0.0859088458449,-0.470678600934,0.87771860711
1542728594002336511,,3480,,1542728593,973262019,"""/world""","""vicon/obstacle18/obstacle18""",,,0.413736819772,0.81220786074,0.773064812554,,-0.026200654274,-0.0857866271836,-0.470757988774,0.877690774885
1542728594018650068,,3481,,1542728593,989884188,"""/world""","""vicon/obstacle18/obstacle18""",,,0.413730819411,0.81219014982,0.77307232941,,-0.0262813157215,-0.0858815235329,-0.470700790121,0.877709759852
1542728594036788936,,3482,,1542728594,6516068,"""/world""","""vicon/obstacle18/obstacle18""",,,0.413731283382,0.812213101754,0.773054947797,,-0.0262897054669,-0.0858380777495,-0.470727847356,0.87769924776
1542728594054141086,,3483,,1542728594,23241911,"""/world""","""vicon/obstacle18/obstacle18""",,,0.413721079821,0.812248757421,0.773051653845,,-0.0261652679163,-0.0857406408512,-0.470760922355,0.877694750608
1542728594070812267,,3484,,1542728594,39860176,"""/world""","""vicon/obstacle18/obstacle18""",,,0.413722038558,0.812235592692,0.773044870037,,-0.0262103784553,-0.0858095752019,-0.470696141152,0.877721411137
1542728594084891877,,3485,,1542728594,56547467,"""/world""","""vicon/obstacle18/obstacle18""",,,0.413735001708,0.812209472945,0.773057259699,,-0.0262510466221,-0.085902166791,-0.470657176508,0.877732033421
1542728594102090561,,3486,,1542728594,73277233,"""/world""","""vicon/obstacle18/obstacle18""",,,0.413738333595,0.812198038921,0.77306943529,,-0.0262059086816,-0.0858680092771,-0.470746737325,0.877688694601
1542728594118704161,,3487,,1542728594,89879024,"""/world""","""vicon/obstacle18/obstacle18""",,,0.41373026685,0.812202663286,0.773058787013,,-0.0262950986266,-0.0859016676196,-0.470698571213,0.877708565724
1542728594136425074,,3488,,1542728594,106531391,"""/world""","""vicon/obstacle18/obstacle18""",,,0.413725642487,0.812237578684,0.773040909776,,-0.0262328465265,-0.0858635899382,-0.470735901837,0.877694133743
1542728594153125082,,3489,,1542728594,123279334,"""/world""","""vicon/obstacle18/obstacle18""",,,0.413720733174,0.812246629029,0.773053878154,,-0.0261455437757,-0.0858269315694,-0.470714473212,0.877711816638
1542728594170489233,,3490,,1542728594,139892155,"""/world""","""vicon/obstacle18/obstacle18""",,,0.413725115687,0.812206812381,0.773064547997,,-0.0262601644114,-0.0859377339434,-0.470684164364,0.877713807039
1542728594186436211,,3491,,1542728594,156532940,"""/world""","""vicon/obstacle18/obstacle18""",,,0.413737365108,0.812195837757,0.773068148558,,-0.0261519801642,-0.085908839072,-0.470694349102,0.877714404021
1542728594203359977,,3492,,1542728594,173224231,"""/world""","""vicon/obstacle18/obstacle18""",,,0.413729842166,0.812207978854,0.773059147895,,-0.0261776321646,-0.0858921308387,-0.470706540934,0.877708736288
1542728594222408734,,3493,,1542728594,189921989,"""/world""","""vicon/obstacle18/obstacle18""",,,0.413724887118,0.812225771271,0.773043184502,,-0.0262590104207,-0.0859297284339,-0.470682290442,0.877715630263
1542728594237597413,,3494,,1542728594,206516990,"""/world""","""vicon/obstacle18/obstacle18""",,,0.413728302437,0.812236285642,0.773050839905,,-0.0261291950641,-0.085859616414,-0.470706675649,0.877713288571
1542728594254321069,,3495,,1542728594,223178816,"""/world""","""vicon/obstacle18/obstacle18""",,,0.41372103503,0.812213660377,0.773064348151,,-0.0262536442011,-0.0857937833071,-0.470706683627,0.877716008115
1542728594271229519,,3496,,1542728594,239931846,"""/world""","""vicon/obstacle18/obstacle18""",,,0.413727518833,0.812195723328,0.773066854638,,-0.0261374775534,-0.085902176101,-0.470678480784,0.877723997698
1542728594288195885,,3497,,1542728594,256558869,"""/world""","""vicon/obstacle18/obstacle18""",,,0.413736150171,0.812213343706,0.773060414767,,-0.0261860981856,-0.0858281330286,-0.47069850717,0.877719052539
1542728594304615495,,3498,,1542728594,273266816,"""/world""","""vicon/obstacle18/obstacle18""",,,0.413729809169,0.812224713633,0.77305018932,,-0.0262824604915,-0.0858333865963,-0.470727180193,0.877700281328
1542728594320615351,,3499,,1542728594,289833837,"""/world""","""vicon/obstacle18/obstacle18""",,,0.413725667171,0.812221859176,0.773045078661,,-0.0262059579776,-0.0859482554748,-0.470670005018,0.877721989883
1542728594338233607,,3500,,1542728594,306656533,"""/world""","""vicon/obstacle18/obstacle18""",,,0.413730500827,0.812208867699,0.7730651488,,-0.0261512942739,-0.0858903557166,-0.470717169817,0.877703994888
1542728594355477450,,3501,,1542728594,323173249,"""/world""","""vicon/obstacle18/obstacle18""",,,0.413732290863,0.812204540217,0.773066191128,,-0.0262191277303,-0.0859129370206,-0.470727683899,0.877694122234
1542728594365383448,,3502,,1542728594,339848148,"""/world""","""vicon/obstacle18/obstacle18""",,,0.413725286236,0.81221735514,0.773056790503,,-0.0262220434671,-0.0859502076411,-0.470655698295,0.877728990011
1542728594384346576,,3503,,1542728594,356493806,"""/world""","""vicon/obstacle18/obstacle18""",,,0.413736460285,0.81223046391,0.773054989982,,-0.0261548159785,-0.0858731222803,-0.470715064757,0.877706705159
1542728594401030254,,3504,,1542728594,373137591,"""/world""","""vicon/obstacle18/obstacle18""",,,0.413730624903,0.81222137636,0.773053643879,,-0.0261529377405,-0.0859429074864,-0.47071411042,0.877700442493
1542728594419385723,,3505,,1542728594,389847654,"""/world""","""vicon/obstacle18/obstacle18""",,,0.41372326151,0.812195467372,0.773059990058,,-0.0262649030328,-0.0858490348628,-0.470673251579,0.877728197297
1542728594436935444,,3506,,1542728594,406530830,"""/world""","""vicon/obstacle18/obstacle18""",,,0.413730511733,0.812205943749,0.773062567114,,-0.026214314254,-0.0857735411203,-0.470768130599,0.877686206217
1542728594453011840,,3507,,1542728594,423259306,"""/world""","""vicon/obstacle18/obstacle18""",,,0.413732155905,0.812229631904,0.773057373865,,-0.026122087256,-0.0859419846966,-0.47066991292,0.877725153391
1542728594469859013,,3508,,1542728594,439859584,"""/world""","""vicon/obstacle18/obstacle18""",,,0.413726024726,0.812229507683,0.773047749078,,-0.0262559311166,-0.0858771072985,-0.470711973143,0.877704954335
1542728594486055864,,3509,,1542728594,456512933,"""/world""","""vicon/obstacle18/obstacle18""",,,0.413732413497,0.812215110883,0.773057458728,,-0.0261748355741,-0.0859253068128,-0.470660387277,0.877730322753
1542728594502871096,,3510,,1542728594,473189118,"""/world""","""vicon/obstacle18/obstacle18""",,,0.413731211988,0.81219719596,0.773057967895,,-0.0262408030292,-0.0859355836349,-0.470685428026,0.877713918977
1542728594520442405,,3511,,1542728594,489859376,"""/world""","""vicon/obstacle18/obstacle18""",,,0.413726452871,0.812205699863,0.773065137814,,-0.0262224959863,-0.085778129197,-0.470727170241,0.877707482281
1542728594536603388,,3512,,1542728594,506564433,"""/world""","""vicon/obstacle18/obstacle18""",,,0.413729052633,0.812226691227,0.77305202917,,-0.0261903552448,-0.0858990475896,-0.470684288851,0.877719613057
1542728594553086934,,3513,,1542728594,523251925,"""/world""","""vicon/obstacle18/obstacle18""",,,0.413731706352,0.812237040249,0.773046342122,,-0.0262227114581,-0.0857655000887,-0.470797870456,0.877670788834
1542728594570182827,,3514,,1542728594,539804483,"""/world""","""vicon/obstacle18/obstacle18""",,,0.413726200465,0.812220148708,0.773063703727,,-0.0261077461383,-0.0858467585722,-0.470742395681,0.877696027417
1542728594586848986,,3515,,1542728594,556500630,"""/world""","""vicon/obstacle18/obstacle18""",,,0.413728490747,0.812195369576,0.773062583849,,-0.0263641671284,-0.085830157245,-0.470723603376,0.877700064956
1542728594602801020,,3516,,1542728594,573238130,"""/world""","""vicon/obstacle18/obstacle18""",,,0.413730295049,0.812208951458,0.773060071692,,-0.0262046943147,-0.0859636248025,-0.470614692212,0.877750181248
1542728594620314718,,3517,,1542728594,589810196,"""/world""","""vicon/obstacle18/obstacle18""",,,0.41372513359,0.812225529023,0.773054424968,,-0.0261697049868,-0.0858398120498,-0.470702273745,0.877716379418
1542728594635074053,,3518,,1542728594,606598573,"""/world""","""vicon/obstacle18/obstacle18""",,,0.41372815591,0.812231873804,0.773042965085,,-0.0262844264469,-0.0858810079565,-0.470685836337,0.877717736445
1542728594651353270,,3519,,1542728594,623166079,"""/world""","""vicon/obstacle18/obstacle18""",,,0.413728194676,0.812219531355,0.773054607684,,-0.0262503918851,-0.0858593491187,-0.470716683203,0.877704331338
1542728594668450511,,3520,,1542728594,639875671,"""/world""","""vicon/obstacle18/obstacle18""",,,0.41373066289,0.812194812911,0.773063893282,,-0.0262278526819,-0.0859083249762,-0.470665958675,0.877727414855
1542728594687978525,,3521,,1542728594,656546440,"""/world""","""vicon/obstacle18/obstacle18""",,,0.413726956067,0.812207546083,0.773065354933,,-0.0262269311273,-0.085928607369,-0.470632961056,0.877743150635
1542728594703949202,,3522,,1542728594,673207996,"""/world""","""vicon/obstacle18/obstacle18""",,,0.413733412543,0.812223698481,0.773055043777,,-0.0263083349049,-0.0858226774465,-0.470738995691,0.877694216391
1542728594720238223,,3523,,1542728594,689867209,"""/world""","""vicon/obstacle18/obstacle18""",,,0.413722748345,0.812229805399,0.773047644151,,-0.0262113672448,-0.0858539830078,-0.470707618503,0.877710883897
1542728594735706328,,3524,,1542728594,706537740,"""/world""","""vicon/obstacle18/obstacle18""",,,0.413723834757,0.812216359609,0.773048843158,,-0.0262382775142,-0.0859539391363,-0.470665651695,0.877722802173
1542728594753427302,,3525,,1542728594,723198374,"""/world""","""vicon/obstacle18/obstacle18""",,,0.413734312481,0.812202617606,0.773058056516,,-0.026287931014,-0.0858511519336,-0.470727718588,0.877698091229
1542728594770155025,,3526,,1542728594,739886080,"""/world""","""vicon/obstacle18/obstacle18""",,,0.413728921426,0.812204907283,0.773070995312,,-0.0261549778915,-0.0858919046189,-0.470650736317,0.877739358954
1542728594786695212,,3527,,1542728594,756539273,"""/world""","""vicon/obstacle18/obstacle18""",,,0.413730511755,0.812211440075,0.773054655114,,-0.0262209522231,-0.0860358695564,-0.470620920261,0.877739278047
1542728594803427710,,3528,,1542728594,773179513,"""/world""","""vicon/obstacle18/obstacle18""",,,0.413730491745,0.812225564312,0.773053260733,,-0.0261078983053,-0.0859735429726,-0.4706425063,0.877737180948
1542728594817919068,,3529,,1542728594,789780474,"""/world""","""vicon/obstacle18/obstacle18""",,,0.413723784235,0.812221774881,0.773050820768,,-0.0261660148415,-0.0859351365098,-0.470696032255,0.877710508767
1542728594834098085,,3530,,1542728594,806576962,"""/world""","""vicon/obstacle18/obstacle18""",,,0.413726963691,0.812209889777,0.773053871471,,-0.0263042652111,-0.0859050907483,-0.470692684133,0.877711113134
1542728594850832844,,3531,,1542728594,823194938,"""/world""","""vicon/obstacle18/obstacle18""",,,0.413737413185,0.81221006316,0.773065253266,,-0.0262346250128,-0.0859086405331,-0.470720213005,0.877698086474
1542728594868514620,,3532,,1542728594,839841922,"""/world""","""vicon/obstacle18/obstacle18""",,,0.413731120116,0.812204996603,0.773059874832,,-0.0261875738788,-0.0860008270165,-0.470669319978,0.877717756433
1542728594887381436,,3533,,1542728594,856538776,"""/world""","""vicon/obstacle18/obstacle18""",,,0.413728338913,0.812220090994,0.773050704697,,-0.0262250245019,-0.0859821771334,-0.470655738258,0.877725748369
1542728594902083811,,3534,,1542728594,873168125,"""/world""","""vicon/obstacle18/obstacle18""",,,0.4137289303,0.81222265675,0.773046871889,,-0.026177246789,-0.0859236034541,-0.470723844317,0.877696387432
1542728594919348604,,3535,,1542728594,889891206,"""/world""","""vicon/obstacle18/obstacle18""",,,0.413728610888,0.812231399999,0.773063302875,,-0.0261226109943,-0.0858560415628,-0.470726150273,0.877703389973
1542728594931283944,,3536,,1542728594,906510235,"""/world""","""vicon/obstacle18/obstacle18""",,,0.41373025798,0.812211978243,0.773066607249,,-0.0262301718258,-0.0859714692394,-0.470671445717,0.877718220586
1542728594948189697,,3537,,1542728594,923450110,"""/world""","""vicon/obstacle18/obstacle18""",,,0.413735743745,0.812196163108,0.773048517302,,-0.0263402596902,-0.0859974224654,-0.470660988459,0.877717988873
1542728594967240706,,3538,,1542728594,939804115,"""/world""","""vicon/obstacle18/obstacle18""",,,0.413730038313,0.812216803335,0.77305834752,,-0.026111841104,-0.0859545511138,-0.470685190468,0.877716035157
1542728594984314781,,3539,,1542728594,956467738,"""/world""","""vicon/obstacle18/obstacle18""",,,0.413727522024,0.812214896304,0.773038758308,,-0.0263234642099,-0.0858238438495,-0.47072093051,0.877703337489
1542728595001534591,,3540,,1542728594,973163371,"""/world""","""vicon/obstacle18/obstacle18""",,,0.413724352024,0.812229300722,0.773059076757,,-0.0261993952759,-0.0858565848591,-0.470733846677,0.877696920421
1542728595018486184,,3541,,1542728594,989895268,"""/world""","""vicon/obstacle18/obstacle18""",,,0.413733731266,0.812224080999,0.773060026218,,-0.0261505305548,-0.0858637712056,-0.470725960531,0.877701904196
1542728595035301567,,3542,,1542728595,6506203,"""/world""","""vicon/obstacle18/obstacle18""",,,0.41373064577,0.812198573907,0.773054940359,,-0.0262745082275,-0.0859368489951,-0.470682189884,0.877714523252
1542728595052792808,,3543,,1542728595,23223007,"""/world""","""vicon/obstacle18/obstacle18""",,,0.413733014922,0.812206571691,0.773050475353,,-0.0262171430688,-0.0859265403095,-0.470684141154,0.877716201483
1542728595069442477,,3544,,1542728595,39900384,"""/world""","""vicon/obstacle18/obstacle18""",,,0.413727534774,0.81222488157,0.773049840645,,-0.0261564731959,-0.0858920048285,-0.470697794462,0.877714070016
1542728595085629721,,3545,,1542728595,56546115,"""/world""","""vicon/obstacle18/obstacle18""",,,0.413723479523,0.812224082787,0.773050515275,,-0.0262998961776,-0.0858036975493,-0.470693400824,0.877720777565
1542728595102356360,,3546,,1542728595,73275428,"""/world""","""vicon/obstacle18/obstacle18""",,,0.413731682755,0.812216947971,0.773056555703,,-0.0262219419045,-0.0858674175293,-0.470735747309,0.877694168019
1542728595119008702,,3547,,1542728595,89891878,"""/world""","""vicon/obstacle18/obstacle18""",,,0.413725939274,0.81221154108,0.773058991218,,-0.0262745303503,-0.0859458832025,-0.470645853078,0.877733122991
1542728595135623052,,3548,,1542728595,106651734,"""/world""","""vicon/obstacle18/obstacle18""",,,0.413726749803,0.812194177527,0.77304007032,,-0.0263260448941,-0.0859546065236,-0.470691887336,0.877706039727
1542728595153406458,,3549,,1542728595,123281695,"""/world""","""vicon/obstacle18/obstacle18""",,,0.413731158197,0.812222038341,0.773043431299,,-0.0261948594699,-0.0859024533658,-0.47070274719,0.877709246636
1542728595170189791,,3550,,1542728595,139832943,"""/world""","""vicon/obstacle18/obstacle18""",,,0.413722696569,0.812233181462,0.773051153176,,-0.0262078731283,-0.0858954870795,-0.470659057934,0.877732968431
1542728595185341822,,3551,,1542728595,156528611,"""/world""","""vicon/obstacle18/obstacle18""",,,0.413722744594,0.81221076043,0.773048212715,,-0.026289864843,-0.0859919377587,-0.470603007481,0.877751125887
1542728595202658691,,3552,,1542728595,173210258,"""/world""","""vicon/obstacle18/obstacle18""",,,0.413726953403,0.812214045932,0.773056041225,,-0.0262252305655,-0.0858845937039,-0.470656813946,0.877734719224
1542728595219586310,,3553,,1542728595,189916830,"""/world""","""vicon/obstacle18/obstacle18""",,,0.413725687106,0.812217688394,0.773052702159,,-0.0261742054138,-0.085916472365,-0.470671321028,0.877725343322
1542728595235733550,,3554,,1542728595,206591462,"""/world""","""vicon/obstacle18/obstacle18""",,,0.413727780633,0.812216855082,0.773044918929,,-0.0262716112971,-0.0859929509212,-0.470598783723,0.877753837696
1542728595252307691,,3555,,1542728595,223281109,"""/world""","""vicon/obstacle18/obstacle18""",,,0.413732498859,0.812224987838,0.773057895695,,-0.0262000630636,-0.0859331933456,-0.470656248959,0.877731017051
1542728595268860813,,3556,,1542728595,239853457,"""/world""","""vicon/obstacle18/obstacle18""",,,0.413724954851,0.812214546314,0.773059610647,,-0.0262112677001,-0.0858623165584,-0.470706159356,0.877710854203
1542728595285931507,,3557,,1542728595,256565776,"""/world""","""vicon/obstacle18/obstacle18""",,,0.413713635059,0.812207061436,0.773045999089,,-0.0263064219533,-0.0859434743273,-0.470631078131,0.877740325883
1542728595304515835,,3558,,1542728595,273254094,"""/world""","""vicon/obstacle18/obstacle18""",,,0.413723340087,0.812222912734,0.77304910596,,-0.0261706707002,-0.0858609746938,-0.470742338167,0.877692793679
1542728595320846337,,3559,,1542728595,289830598,"""/world""","""vicon/obstacle18/obstacle18""",,,0.413725603575,0.812232342355,0.773050084468,,-0.0262890801222,-0.0858980410691,-0.470709472484,0.877703254705
1542728595338906759,,3560,,1542728595,306581921,"""/world""","""vicon/obstacle18/obstacle18""",,,0.413727949279,0.812211301414,0.773045800336,,-0.0263451357656,-0.0859149157194,-0.470667620551,0.877722366152
1542728595354313487,,3561,,1542728595,323266604,"""/world""","""vicon/obstacle18/obstacle18""",,,0.413728823862,0.812198854315,0.7730616062,,-0.0262324932736,-0.0859550927412,-0.47068062715,0.877714831568
1542728595370669805,,3562,,1542728595,339898154,"""/world""","""vicon/obstacle18/obstacle18""",,,0.413719653353,0.812208184501,0.773053094693,,-0.026213606226,-0.0858560779812,-0.470697275885,0.877716158674
1542728595384382004,,3563,,1542728595,356564831,"""/world""","""vicon/obstacle18/obstacle18""",,,0.413719008858,0.812227627327,0.773040747465,,-0.0262125682511,-0.0858482298975,-0.470669754675,0.877731715687
1542728595401095531,,3564,,1542728595,373236471,"""/world""","""vicon/obstacle18/obstacle18""",,,0.41372980405,0.81223901309,0.773046106822,,-0.0261698194043,-0.0858983388968,-0.470694006271,0.877715083833
1542728595421336717,,3565,,1542728595,389869310,"""/world""","""vicon/obstacle18/obstacle18""",,,0.41373166169,0.812213501078,0.773047952316,,-0.0262751458286,-0.0860222619275,-0.470646049214,0.877725517189
1542728595437027935,,3566,,1542728595,406571922,"""/world""","""vicon/obstacle18/obstacle18""",,,0.413731056446,0.812183170545,0.773062552849,,-0.0262833531387,-0.0859998277778,-0.470653446202,0.877723503473
1542728595451655025,,3567,,1542728595,423244787,"""/world""","""vicon/obstacle18/obstacle18""",,,0.413727506253,0.812195297629,0.773050208492,,-0.0262526681165,-0.085866062065,-0.470697025296,0.8777141489
1542728595467986556,,3568,,1542728595,439893274,"""/world""","""vicon/obstacle18/obstacle18""",,,0.413719634242,0.812237399887,0.773037375659,,-0.0262373274633,-0.085813151296,-0.470714942895,0.877710173262
1542728595484715995,,3569,,1542728595,456558277,"""/world""","""vicon/obstacle18/obstacle18""",,,0.413720823864,0.812248107251,0.773045962182,,-0.0261735389822,-0.0858430915698,-0.470744224935,0.877693445445
1542728595505019171,,3570,,1542728595,473282160,"""/world""","""vicon/obstacle18/obstacle18""",,,0.413731032908,0.812219216189,0.773048128247,,-0.0262803006374,-0.0860136979483,-0.470658587271,0.877719478986
1542728595522184754,,3571,,1542728595,489923692,"""/world""","""vicon/obstacle18/obstacle18""",,,0.41373182352,0.812186834842,0.773061633741,,-0.0262993574713,-0.085892060176,-0.47068991821,0.877714018739
1542728595534901288,,3572,,1542728595,506613408,"""/world""","""vicon/obstacle18/obstacle18""",,,0.413726163716,0.812181776521,0.773046594044,,-0.0263723220156,-0.0859094863575,-0.470690012252,0.877710073516
1542728595552436515,,3573,,1542728595,523223541,"""/world""","""vicon/obstacle18/obstacle18""",,,0.41372269158,0.812230309342,0.773030521422,,-0.026393001154,-0.0858498533011,-0.47072228682,0.877697978162
1542728595569628247,,3574,,1542728595,539843858,"""/world""","""vicon/obstacle18/obstacle18""",,,0.41372454138,0.812253236212,0.773042382575,,-0.0262420713301,-0.0858464768455,-0.470716111767,0.877706145716
1542728595587465369,,3575,,1542728595,556597756,"""/world""","""vicon/obstacle18/obstacle18""",,,0.413722158395,0.812216562007,0.77305621033,,-0.0262848448002,-0.0859753811824,-0.470642268253,0.87773184749
1542728595600377751,,3576,,1542728595,573258246,"""/world""","""vicon/obstacle18/obstacle18""",,,0.413732343131,0.812186088701,0.773063201374,,-0.0262800207205,-0.0859922697808,-0.470667822752,0.877716634612
1542728595617315988,,3577,,1542728595,589940237,"""/world""","""vicon/obstacle18/obstacle18""",,,0.413729191971,0.812194554892,0.773059988338,,-0.0262342002677,-0.0859702639107,-0.47060800488,0.877752235088
1542728595633388306,,3578,,1542728595,606594826,"""/world""","""vicon/obstacle18/obstacle18""",,,0.413722713322,0.812219232369,0.77303820242,,-0.0263834123948,-0.0858682519194,-0.47065395358,0.877733111397
1542728595655547773,,3579,,1542728595,623233501,"""/world""","""vicon/obstacle18/obstacle18""",,,0.413723459506,0.812249230285,0.773041973806,,-0.0262190117481,-0.0859004638337,-0.470682075113,0.877719806033
1542728595672641390,,3580,,1542728595,639884697,"""/world""","""vicon/obstacle18/obstacle18""",,,0.413723340156,0.812230393864,0.773060236791,,-0.0262261724965,-0.0857824296179,-0.470729979813,0.877705445323
1542728595683121821,,3581,,1542728595,656582548,"""/world""","""vicon/obstacle18/obstacle18""",,,0.413723506041,0.812191829076,0.773064848454,,-0.0263089133158,-0.0858932973915,-0.470673431718,0.877722452269
1542728595699885723,,3582,,1542728595,673178622,"""/world""","""vicon/obstacle18/obstacle18""",,,0.413727362948,0.812199940441,0.773060347852,,-0.0262205039909,-0.0858672555316,-0.470690201496,0.877718652994
1542728595718696127,,3583,,1542728595,689807312,"""/world""","""vicon/obstacle18/obstacle18""",,,0.413726490555,0.812219329004,0.773050364624,,-0.0261707933606,-0.0859503927258,-0.470671057161,0.877722265592
1542728595735509296,,3584,,1542728595,706567070,"""/world""","""vicon/obstacle18/obstacle18""",,,0.413722109315,0.812226972921,0.773041023107,,-0.0263265551925,-0.0858570847664,-0.470708900627,0.877706445435
1542728595751186282,,3585,,1542728595,723329972,"""/world""","""vicon/obstacle18/obstacle18""",,,0.413724315469,0.812231788629,0.773060812304,,-0.0261188536801,-0.0857790260806,-0.470706078487,0.877721796381
1542728595768723648,,3586,,1542728595,739825235,"""/world""","""vicon/obstacle18/obstacle18""",,,0.413729194128,0.812203319572,0.773065811553,,-0.0261982921874,-0.0858899098998,-0.470678675407,0.877723280642
1542728595783375675,,3587,,1542728595,756523872,"""/world""","""vicon/obstacle18/obstacle18""",,,0.413729321062,0.812200628201,0.773059782546,,-0.0262567890538,-0.0858372142774,-0.470721563267,0.877703687784
1542728595798868262,,3588,,1542728595,773201016,"""/world""","""vicon/obstacle18/obstacle18""",,,0.41373305675,0.812218541264,0.773055851079,,-0.0262362980953,-0.0858646454551,-0.470683414882,0.877722075761
1542728595816617795,,3589,,1542728595,790578634,"""/world""","""vicon/obstacle18/obstacle18""",,,0.413726608561,0.812219362056,0.773045706939,,-0.0262498618344,-0.0859187513567,-0.470637923988,0.877740768919
1542728595831575845,,3590,,1542728595,806536474,"""/world""","""vicon/obstacle18/obstacle18""",,,0.413724845505,0.812217596728,0.773065860359,,-0.0261767182821,-0.085854381531,-0.470681383611,0.877725947955
1542728595848483395,,3591,,1542728595,823139020,"""/world""","""vicon/obstacle18/obstacle18""",,,0.41373254625,0.812213197378,0.773069922784,,-0.026116233015,-0.0857705280331,-0.470792164586,0.877676533045
1542728595872070011,,3592,,1542728595,839873686,"""/world""","""vicon/obstacle18/obstacle18""",,,0.413725363714,0.812218000148,0.773057032645,,-0.0261676445753,-0.0858246449164,-0.470723328807,0.877706632321
1542728595884985221,,3593,,1542728595,856500715,"""/world""","""vicon/obstacle18/obstacle18""",,,0.413723752384,0.812222668171,0.77304635327,,-0.0261890426359,-0.0858365190703,-0.470678904672,0.877728656668
1542728595900548800,,3594,,1542728595,873225525,"""/world""","""vicon/obstacle18/obstacle18""",,,0.413731459046,0.812213763702,0.773049484691,,-0.0261563160204,-0.0858879922634,-0.470705435618,0.877710369539
1542728595917687847,,3595,,1542728595,889837030,"""/world""","""vicon/obstacle18/obstacle18""",,,0.413731278964,0.812205042856,0.773060418214,,-0.0261052912041,-0.0859675923536,-0.470622717662,0.877748451697
1542728595934036959,,3596,,1542728595,906615169,"""/world""","""vicon/obstacle18/obstacle18""",,,0.413726176157,0.812212722075,0.773068099068,,-0.0261627950423,-0.0857650924708,-0.470733321345,0.877707238915
1542728595950935757,,3597,,1542728595,923160057,"""/world""","""vicon/obstacle18/obstacle18""",,,0.413722351583,0.812224340913,0.773053851317,,-0.0261121229508,-0.0857734360324,-0.470693904833,0.877729071331
1542728595966577029,,3598,,1542728595,939861470,"""/world""","""vicon/obstacle18/obstacle18""",,,0.413722309943,0.812234556833,0.773044977371,,-0.0261889547531,-0.0857975961046,-0.470756243586,0.87769098792
1542728595983842603,,3599,,1542728595,956573124,"""/world""","""vicon/obstacle18/obstacle18""",,,0.413721628016,0.812221281331,0.773050993083,,-0.0262484418498,-0.0858338265261,-0.470720475736,0.877704852013
1542728596000458748,,3600,,1542728595,973238571,"""/world""","""vicon/obstacle18/obstacle18""",,,0.413733154811,0.812202575682,0.773061581562,,-0.0262800255632,-0.0858511558186,-0.470689364944,0.877718896361
1542728596022226244,,3601,,1542728595,989827521,"""/world""","""vicon/obstacle18/obstacle18""",,,0.413731450194,0.812207342637,0.773076287403,,-0.0261270463837,-0.0858623394207,-0.470716787357,0.877707663301
1542728596038047880,,3602,,1542728596,6563397,"""/world""","""vicon/obstacle18/obstacle18""",,,0.413724682311,0.812222048411,0.773061416146,,-0.0260665621621,-0.0858509902538,-0.470670337167,0.877735481521
1542728596054743760,,3603,,1542728596,23210879,"""/world""","""vicon/obstacle18/obstacle18""",,,0.413721170349,0.812236491718,0.773044110547,,-0.0262119507371,-0.0858385750077,-0.470754730956,0.877687105956
1542728596071144912,,3604,,1542728596,39857322,"""/world""","""vicon/obstacle18/obstacle18""",,,0.413720721194,0.812236560807,0.773052981157,,-0.0262099267833,-0.0858456989115,-0.470744952556,0.877691714305
1542728596086748031,,3605,,1542728596,56547805,"""/world""","""vicon/obstacle18/obstacle18""",,,0.413732991903,0.81220886065,0.77306757721,,-0.0261538758838,-0.085927037917,-0.470759468086,0.877677641357
1542728596102899778,,3606,,1542728596,73226228,"""/world""","""vicon/obstacle18/obstacle18""",,,0.413737823414,0.812190925335,0.7730755581,,-0.0263325978159,-0.085915468635,-0.470727458945,0.877690598068
1542728596119610158,,3607,,1542728596,89865788,"""/world""","""vicon/obstacle18/obstacle18""",,,0.413731795931,0.812211189512,0.773067416765,,-0.0262032232852,-0.0858450958411,-0.470756862784,0.877685585362
1542728596136665279,,3608,,1542728596,106521737,"""/world""","""vicon/obstacle18/obstacle18""",,,0.413720220606,0.812233788274,0.773042153026,,-0.0261740734035,-0.085792464769,-0.47076682577,0.877686257512
1542728596153342812,,3609,,1542728596,123254879,"""/world""","""vicon/obstacle18/obstacle18""",,,0.413714878301,0.812245467904,0.773038295442,,-0.0262255291278,-0.0857723576853,-0.470738428544,0.877701917607
1542728596169755695,,3610,,1542728596,139835422,"""/world""","""vicon/obstacle18/obstacle18""",,,0.413731293491,0.812222604634,0.77306189189,,-0.0262121538839,-0.0858454378851,-0.470746401202,0.877690896351
1542728596185944876,,3611,,1542728596,156500093,"""/world""","""vicon/obstacle18/obstacle18""",,,0.41373480361,0.812186503643,0.773082871586,,-0.0262610367308,-0.0858822878079,-0.470720211772,0.877699876279
1542728596202476840,,3612,,1542728596,173203719,"""/world""","""vicon/obstacle18/obstacle18""",,,0.413734572034,0.812181971024,0.773059449971,,-0.0263055914655,-0.0859997184375,-0.470626953574,0.877737053369
1542728596220603724,,3613,,1542728596,189950238,"""/world""","""vicon/obstacle18/obstacle18""",,,0.413724573679,0.812222794074,0.773041943396,,-0.0261823857303,-0.0858542244209,-0.470692765934,0.877719690405
1542728596234918532,,3614,,1542728596,206606403,"""/world""","""vicon/obstacle18/obstacle18""",,,0.413717807439,0.812251169944,0.773033705784,,-0.0261994587847,-0.0858240023456,-0.470792583599,0.877668600446
1542728596253129649,,3615,,1542728596,223197823,"""/world""","""vicon/obstacle18/obstacle18""",,,0.413723023648,0.81224258242,0.773064109282,,-0.0261885586028,-0.0857171024508,-0.470756670492,0.877698635599
1542728596271789502,,3616,,1542728596,239935870,"""/world""","""vicon/obstacle18/obstacle18""",,,0.413732812898,0.812198463829,0.773084619987,,-0.0262221870426,-0.0859251813102,-0.470648232078,0.877735439506
1542728596286217485,,3617,,1542728596,256561547,"""/world""","""vicon/obstacle18/obstacle18""",,,0.413736373974,0.812174022453,0.773080041033,,-0.0262809958502,-0.0860691231321,-0.470638888186,0.877724587913
1542728596302282755,,3618,,1542728596,273238937,"""/world""","""vicon/obstacle18/obstacle18""",,,0.41372523816,0.812210042654,0.773036074652,,-0.0262481711042,-0.0859653552773,-0.470669897631,0.877719111487
1542728596317440245,,3619,,1542728596,289836836,"""/world""","""vicon/obstacle18/obstacle18""",,,0.413716866466,0.812253487549,0.773027729889,,-0.0261389951263,-0.0857494325408,-0.470773874732,0.877687727283
1542728596335336111,,3620,,1542728596,306585965,"""/world""","""vicon/obstacle18/obstacle18""",,,0.41372454627,0.812252253756,0.773052560412,,-0.0261650758286,-0.0858392772818,-0.470731702557,0.877700786995
1542728596351727816,,3621,,1542728596,323223354,"""/world""","""vicon/obstacle18/obstacle18""",,,0.41372675434,0.812208243769,0.773090209025,,-0.0260940033563,-0.0858475251429,-0.470694173822,0.877722222657
1542728596368959764,,3622,,1542728596,339880861,"""/world""","""vicon/obstacle18/obstacle18""",,,0.413734571569,0.81216491752,0.77306207574,,-0.0263229223961,-0.0859807161912,-0.470683066499,0.877708306393
1542728596386416904,,3623,,1542728596,356539009,"""/world""","""vicon/obstacle18/obstacle18""",,,0.413725403422,0.812199258037,0.773043941881,,-0.0262683215352,-0.0859748712569,-0.4706821061,0.877711029778
1542728596402492181,,3624,,1542728596,373233656,"""/world""","""vicon/obstacle18/obstacle18""",,,0.413723117404,0.812244579672,0.773029002728,,-0.0262013955957,-0.0857766094451,-0.470792520235,0.877673209704
1542728596418825526,,3625,,1542728596,389809676,"""/world""","""vicon/obstacle18/obstacle18""",,,0.413721710439,0.812250893183,0.773045397124,,-0.0260936091476,-0.0858450447065,-0.470689035577,0.877725232433
1542728596435906930,,3626,,1542728596,406621905,"""/world""","""vicon/obstacle18/obstacle18""",,,0.413730651536,0.812212531758,0.773080248043,,-0.0260763045512,-0.0858589595185,-0.470720456641,0.877707535066
1542728596452548254,,3627,,1542728596,423233502,"""/world""","""vicon/obstacle18/obstacle18""",,,0.413729963776,0.812174361633,0.773074852227,,-0.0262917073108,-0.0859805723378,-0.470619590235,0.877743293107
1542728596469387671,,3628,,1542728596,439869312,"""/world""","""vicon/obstacle18/obstacle18""",,,0.413732892047,0.812189486774,0.7730373662,,-0.0262658991444,-0.0860150779603,-0.47064964233,0.877724571309
1542728596485873122,,3629,,1542728596,456594757,"""/world""","""vicon/obstacle18/obstacle18""",,,0.413729972771,0.81224114874,0.773028128287,,-0.0262236577642,-0.0859583209684,-0.470700207968,0.877704278814
1542728596502525604,,3630,,1542728596,473215570,"""/world""","""vicon/obstacle18/obstacle18""",,,0.413726916557,0.812243592627,0.773047747852,,-0.0261944224674,-0.085809675128,-0.470718321122,0.87770998288
1542728596518511619,,3631,,1542728596,489846632,"""/world""","""vicon/obstacle18/obstacle18""",,,0.413727061078,0.812204510579,0.77306738292,,-0.0262770073632,-0.0859456725845,-0.470644111789,0.87773400315
1542728596536194105,,3632,,1542728596,506570900,"""/world""","""vicon/obstacle18/obstacle18""",,,0.413727692514,0.812190690739,0.773084444301,,-0.026252345225,-0.0858280053649,-0.470716404981,0.87770748769
1542728596554732914,,3633,,1542728596,523225804,"""/world""","""vicon/obstacle18/obstacle18""",,,0.413727279449,0.812198040367,0.773037046632,,-0.0263464458268,-0.0859858251722,-0.470666689387,0.877715882369
1542728596571485757,,3634,,1542728596,539850821,"""/world""","""vicon/obstacle18/obstacle18""",,,0.413725446853,0.812234311813,0.773033660678,,-0.0261531358754,-0.0859226445674,-0.470683737056,0.877718709101
1542728596584098982,,3635,,1542728596,556554031,"""/world""","""vicon/obstacle18/obstacle18""",,,0.413729937873,0.81223234114,0.773046609443,,-0.0262892654455,-0.0859665573636,-0.470656127675,0.877725147765
1542728596600971224,,3636,,1542728596,573218445,"""/world""","""vicon/obstacle18/obstacle18""",,,0.413725235476,0.812199002857,0.77307130849,,-0.0263016577392,-0.0858258301562,-0.470709524565,0.877709914016
1542728596618605546,,3637,,1542728596,589798729,"""/world""","""vicon/obstacle18/obstacle18""",,,0.413729893587,0.81219024315,0.773084321812,,-0.0261839120848,-0.0858407092931,-0.470695956543,0.877719255725
1542728596635943457,,3638,,1542728596,606536895,"""/world""","""vicon/obstacle18/obstacle18""",,,0.413725436671,0.812216594239,0.773049766662,,-0.0261988393113,-0.085862619609,-0.470710385009,0.877708929439
1542728596652321369,,3639,,1542728596,623261711,"""/world""","""vicon/obstacle18/obstacle18""",,,0.413719843813,0.812234431378,0.77302559228,,-0.0262919591034,-0.0859670796955,-0.470629627039,0.877739225652
1542728596669667171,,3640,,1542728596,639875188,"""/world""","""vicon/obstacle18/obstacle18""",,,0.413733864696,0.812223266093,0.773047270433,,-0.0262745415974,-0.0859615037085,-0.470635289511,0.877737257162
1542728596686070809,,3641,,1542728596,656535610,"""/world""","""vicon/obstacle18/obstacle18""",,,0.413733851355,0.812187277339,0.773074058582,,-0.0263673758079,-0.0858935839859,-0.470683685406,0.877715171349
1542728596701843108,,3642,,1542728596,673199050,"""/world""","""vicon/obstacle18/obstacle18""",,,0.413729397082,0.812191191938,0.773077281049,,-0.0261938603914,-0.0859672487041,-0.470631162324,0.877741318885
1542728596718789283,,3643,,1542728596,689880932,"""/world""","""vicon/obstacle18/obstacle18""",,,0.413725121872,0.812231074111,0.773052353076,,-0.0262742622381,-0.0858195123061,-0.470708758694,0.877711763018
1542728596736617122,,3644,,1542728596,706564806,"""/world""","""vicon/obstacle18/obstacle18""",,,0.413722462455,0.812250254563,0.773020245037,,-0.0262256005233,-0.085870975473,-0.470652838282,0.877738172387
1542728596752417985,,3645,,1542728596,723276258,"""/world""","""vicon/obstacle18/obstacle18""",,,0.413731000404,0.81222119337,0.773050794179,,-0.0261803328415,-0.0859874221841,-0.470638703955,0.877735702668
1542728596769054773,,3646,,1542728596,739794142,"""/world""","""vicon/obstacle18/obstacle18""",,,0.413742147381,0.812181947732,0.773094792525,,-0.0262982432133,-0.0859761272902,-0.470661421105,0.877721102984
1542728596785346333,,3647,,1542728596,756502204,"""/world""","""vicon/obstacle18/obstacle18""",,,0.413738069149,0.812181585749,0.773080340835,,-0.0262130065283,-0.0858933021687,-0.470700523178,0.877710793149
1542728596802163340,,3648,,1542728596,773230389,"""/world""","""vicon/obstacle18/obstacle18""",,,0.413722737445,0.812233547269,0.773037255928,,-0.0261372001719,-0.0859155273891,-0.47068399044,0.877719744602
1542728596820301846,,3649,,1542728596,789909582,"""/world""","""vicon/obstacle18/obstacle18""",,,0.413728645814,0.812261128882,0.773025693334,,-0.0261655162165,-0.0858293318834,-0.470663440743,0.877738353439
1542728596836075791,,3650,,1542728596,806597066,"""/world""","""vicon/obstacle18/obstacle18""",,,0.413734922879,0.812219549996,0.773043144675,,-0.0262862183756,-0.086028578841,-0.470635901516,0.877730007776
1542728596852715217,,3651,,1542728596,823167741,"""/world""","""vicon/obstacle18/obstacle18""",,,0.413741881659,0.81217273873,0.773083267522,,-0.0262854131626,-0.0860108133583,-0.470652140769,0.87772306534
1542728596869647171,,3652,,1542728596,839823964,"""/world""","""vicon/obstacle18/obstacle18""",,,0.41374270119,0.812170157219,0.773074286813,,-0.0262881224559,-0.085890994571,-0.470719588733,0.877698547596
1542728596886821906,,3653,,1542728596,856533046,"""/world""","""vicon/obstacle18/obstacle18""",,,0.413728507895,0.812239908069,0.773045395756,,-0.0260980545753,-0.0858616674518,-0.470706634179,0.87771403666
1542728596901343339,,3654,,1542728596,873168372,"""/world""","""vicon/obstacle18/obstacle18""",,,0.413726022251,0.812275504135,0.773024436395,,-0.0261505656556,-0.08581068924,-0.47076182082,0.877687861136
1542728596917893992,,3655,,1542728596,889850603,"""/world""","""vicon/obstacle18/obstacle18""",,,0.413728281286,0.812228786397,0.773044226407,,-0.0262780047576,-0.0859142397258,-0.47069663534,0.877708885313
1542728596934480038,,3656,,1542728596,906560978,"""/world""","""vicon/obstacle18/obstacle18""",,,0.413742870888,0.812173468969,0.773082284299,,-0.0262950128747,-0.0859859646821,-0.470674026521,0.87771347656
1542728596953130283,,3657,,1542728596,923276251,"""/world""","""vicon/obstacle18/obstacle18""",,,0.413744071067,0.812171458131,0.773087588712,,-0.0261669732898,-0.0858871322625,-0.47074046683,0.877691348317
1542728596968134726,,3658,,1542728596,939803469,"""/world""","""vicon/obstacle18/obstacle18""",,,0.413731182827,0.812235368326,0.773042139169,,-0.0262211919934,-0.0859438970726,-0.470676015307,0.877718738698
1542728596986572950,,3659,,1542728596,956512956,"""/world""","""vicon/obstacle18/obstacle18""",,,0.413723989741,0.812271403692,0.773031846451,,-0.0260708460805,-0.0857327587387,-0.470764631117,0.877696341084
1542728596998934668,,3660,,1542728596,974229161,"""/world""","""vicon/obstacle18/obstacle18""",,,0.413733978055,0.812242491138,0.773052448108,,-0.026152549156,-0.0858916319552,-0.470705751321,0.87770995631
1542728597014901990,,3661,,1542728596,989810309,"""/world""","""vicon/obstacle18/obstacle18""",,,0.413742370656,0.812174331704,0.77308241084,,-0.0262851503679,-0.0859717924139,-0.470676089866,0.877714053783
1542728597035088972,,3662,,1542728597,6501972,"""/world""","""vicon/obstacle18/obstacle18""",,,0.413743607118,0.812176273816,0.77308089643,,-0.0262054120783,-0.08583767275,-0.470772826806,0.877677683353
1542728597051906528,,3663,,1542728597,23238527,"""/world""","""vicon/obstacle18/obstacle18""",,,0.413733769313,0.812230968542,0.773049705458,,-0.0260957494743,-0.0858776823043,-0.47068481432,0.877724239787
1542728597069589425,,3664,,1542728597,39861123,"""/world""","""vicon/obstacle18/obstacle18""",,,0.413726363258,0.812261874325,0.773031379911,,-0.0261719850292,-0.0859217414147,-0.470681642408,0.877719358937
1542728597087066830,,3665,,1542728597,56615707,"""/world""","""vicon/obstacle18/obstacle18""",,,0.413732626926,0.8122401206,0.773053068917,,-0.0261802342726,-0.0858322382836,-0.470731717365,0.877701015421
1542728597102595127,,3666,,1542728597,73227494,"""/world""","""vicon/obstacle18/obstacle18""",,,0.413738909183,0.812184263172,0.773080957333,,-0.0261893802777,-0.0858314656091,-0.470761232506,0.877684987818
1542728597118274591,,3667,,1542728597,89924717,"""/world""","""vicon/obstacle18/obstacle18""",,,0.413737141508,0.812169184368,0.773062314689,,-0.0262572162756,-0.0859981716743,-0.470651087894,0.877725712581
1542728597135003608,,3668,,1542728597,106553231,"""/world""","""vicon/obstacle18/obstacle18""",,,0.413729561601,0.812226930067,0.773039291712,,-0.0261906674253,-0.0859172264312,-0.470750228334,0.877682460612
1542728597152598660,,3669,,1542728597,123261869,"""/world""","""vicon/obstacle18/obstacle18""",,,0.413732034059,0.812255218496,0.773031295642,,-0.0262394585985,-0.085832657355,-0.470742207209,0.877693579842
1542728597169183035,,3670,,1542728597,139834893,"""/world""","""vicon/obstacle18/obstacle18""",,,0.413723692676,0.81223741865,0.773058853921,,-0.0261130612972,-0.0858446818378,-0.470734543396,0.877700283858
1542728597186762947,,3671,,1542728597,156559849,"""/world""","""vicon/obstacle18/obstacle18""",,,0.41374036265,0.812189475618,0.773074090613,,-0.0261649316893,-0.0859227151143,-0.470735116423,0.877690796091
1542728597201156812,,3672,,1542728597,173152921,"""/world""","""vicon/obstacle18/obstacle18""",,,0.41373621961,0.812188788185,0.773069401847,,-0.0262809744108,-0.0858792538074,-0.470745255098,0.877686144902
1542728597219466145,,3673,,1542728597,189892082,"""/world""","""vicon/obstacle18/obstacle18""",,,0.413731471299,0.812225435266,0.773037470937,,-0.0262201674832,-0.0859753337572,-0.47068972318,0.877708339538
1542728597235601890,,3674,,1542728597,206539518,"""/world""","""vicon/obstacle18/obstacle18""",,,0.413729772913,0.812245829584,0.773038430602,,-0.0261929015316,-0.0858886525701,-0.470690901267,0.877717008342
1542728597250954334,,3675,,1542728597,223326555,"""/world""","""vicon/obstacle18/obstacle18""",,,0.413730176094,0.812226716539,0.773051750299,,-0.0261902656042,-0.0858702861414,-0.470743157588,0.877690858748
1542728597267409154,,3676,,1542728597,239845628,"""/world""","""vicon/obstacle18/obstacle18""",,,0.413731739214,0.812196310217,0.773075097905,,-0.0262084481374,-0.0857499993405,-0.470757448185,0.87769441142
1542728597286898128,,3677,,1542728597,256525999,"""/world""","""vicon/obstacle18/obstacle18""",,,0.413734974675,0.812195416174,0.773061401401,,-0.0261424597618,-0.0859229684451,-0.470709789458,0.87770502414
1542728597302268355,,3678,,1542728597,273231058,"""/world""","""vicon/obstacle18/obstacle18""",,,0.413731559915,0.812234716434,0.773037528986,,-0.026174546219,-0.0858492990951,-0.470736848127,0.877696764714
1542728597318234299,,3679,,1542728597,289739246,"""/world""","""vicon/obstacle18/obstacle18""",,,0.413728311212,0.812249266001,0.773043268375,,-0.0262160455539,-0.0858602861961,-0.470734496627,0.877695712588
1542728597335048692,,3680,,1542728597,306644979,"""/world""","""vicon/obstacle18/obstacle18""",,,0.41373106872,0.812210319902,0.773057151439,,-0.0262248165398,-0.0858593610527,-0.470732452837,0.877696637206
1542728597351381366,,3681,,1542728597,323233270,"""/world""","""vicon/obstacle18/obstacle18""",,,0.4137344479,0.812195880435,0.773073186201,,-0.0262075753818,-0.0858385046176,-0.470730897187,0.877700026519
1542728597367687104,,3682,,1542728597,339890208,"""/world""","""vicon/obstacle18/obstacle18""",,,0.413732326882,0.812211992417,0.773069152121,,-0.0261443612001,-0.0857965628045,-0.470732495627,0.877705155362
1542728597384284901,,3683,,1542728597,356544128,"""/world""","""vicon/obstacle18/obstacle18""",,,0.413729195842,0.812235478643,0.773032731568,,-0.0262036474564,-0.0858457989883,-0.470749565116,0.877689418074
1542728597403066154,,3684,,1542728597,373213267,"""/world""","""vicon/obstacle18/obstacle18""",,,0.413735489609,0.812251944912,0.773038425804,,-0.0261569372783,-0.0858970996394,-0.470718314602,0.877702552807
1542728597419483296,,3685,,1542728597,389809062,"""/world""","""vicon/obstacle18/obstacle18""",,,0.413736747212,0.812210343397,0.773057447898,,-0.0263623874723,-0.0858393595468,-0.470738798144,0.877691069113
1542728597436290991,,3686,,1542728597,406566512,"""/world""","""vicon/obstacle18/obstacle18""",,,0.413737640478,0.812181056131,0.773062534,,-0.0262102230756,-0.0859167882725,-0.470656248286,0.877732320043
1542728597455118275,,3687,,1542728597,423214148,"""/world""","""vicon/obstacle18/obstacle18""",,,0.413736702382,0.812214299006,0.773064038749,,-0.0261847237555,-0.0857679567781,-0.470816377433,0.877661755218
1542728597471986213,,3688,,1542728597,439877415,"""/world""","""vicon/obstacle18/obstacle18""",,,0.413725449583,0.812241942298,0.773034489939,,-0.0262050098053,-0.0857994224999,-0.470774817271,0.877680367778
1542728597488644492,,3689,,1542728597,456544449,"""/world""","""vicon/obstacle18/obstacle18""",,,0.413730610576,0.812244538707,0.773031453748,,-0.0262640827518,-0.0858530716941,-0.470745685738,0.877688981016
1542728597505074341,,3690,,1542728597,473255762,"""/world""","""vicon/obstacle18/obstacle18""",,,0.413737735432,0.812212910861,0.773057177689,,-0.0262354360269,-0.0859821677876,-0.470699968245,0.877701719614
1542728597519197386,,3691,,1542728597,489888861,"""/world""","""vicon/obstacle18/obstacle18""",,,0.413730900046,0.812168973055,0.773063222167,,-0.0262727122646,-0.0860241091124,-0.470632068065,0.877732905701
1542728597534908590,,3692,,1542728597,506569730,"""/world""","""vicon/obstacle18/obstacle18""",,,0.413737813473,0.812199840664,0.773047678285,,-0.0261870088584,-0.0858982422863,-0.470748624867,0.877685287974
1542728597550041745,,3693,,1542728597,523189914,"""/world""","""vicon/obstacle18/obstacle18""",,,0.413727057769,0.812249676007,0.773041645681,,-0.0261384575781,-0.0858825426685,-0.470720463528,0.877703375359
1542728597567272992,,3694,,1542728597,539821001,"""/world""","""vicon/obstacle18/obstacle18""",,,0.413725874418,0.812240521043,0.773024241069,,-0.0263024691911,-0.0859169394771,-0.470712653971,0.877699297605
1542728597587010384,,3695,,1542728597,556534155,"""/world""","""vicon/obstacle18/obstacle18""",,,0.41373154257,0.812206805689,0.773055297283,,-0.02621252596,-0.0858928188642,-0.470707169976,0.877707290208
1542728597604264806,,3696,,1542728597,573204604,"""/world""","""vicon/obstacle18/obstacle18""",,,0.413735605377,0.812172213725,0.773065500858,,-0.0262433188764,-0.0858760775012,-0.470698782679,0.877712506184
1542728597621779413,,3697,,1542728597,589861477,"""/world""","""vicon/obstacle18/obstacle18""",,,0.413726056208,0.812185373184,0.773053868283,,-0.0263406188953,-0.0859694105558,-0.470636305712,0.87773395741
1542728597633893690,,3698,,1542728597,606487464,"""/world""","""vicon/obstacle18/obstacle18""",,,0.413727581351,0.812233407053,0.773032660644,,-0.0261706464553,-0.0859897283706,-0.470627566728,0.877741737252
1542728597651047541,,3699,,1542728597,623102462,"""/world""","""vicon/obstacle18/obstacle18""",,,0.413726800896,0.812245490019,0.773034225897,,-0.0262984470492,-0.0858458597845,-0.470676763231,0.877725620337
1542728597671887823,,3700,,1542728597,639821066,"""/world""","""vicon/obstacle18/obstacle18""",,,0.413727762349,0.812197709099,0.773041085032,,-0.0262619079225,-0.0860466822492,-0.470616713825,0.877739249057
1542728597687443305,,3701,,1542728597,656521388,"""/world""","""vicon/obstacle18/obstacle18""",,,0.413735978701,0.812171679641,0.773056580918,,-0.026347314969,-0.0860837937165,-0.470628264747,0.877726857214
1542728597698884566,,3702,,1542728597,673179396,"""/world""","""vicon/obstacle18/obstacle18""",,,0.413733019789,0.812177708129,0.773049793961,,-0.0262736371229,-0.0860258064097,-0.47062516125,0.877736415003
1542728597716938044,,3703,,1542728597,689806414,"""/world""","""vicon/obstacle18/obstacle18""",,,0.413725569031,0.812220454905,0.773026711125,,-0.0262710664781,-0.086035933692,-0.470606586404,0.877745458555
1542728597733633925,,3704,,1542728597,706536654,"""/world""","""vicon/obstacle18/obstacle18""",,,0.413725227487,0.812237906437,0.773027160668,,-0.0262414767255,-0.0859117400933,-0.470659043976,0.877730381232
1542728597753265189,,3705,,1542728597,723147652,"""/world""","""vicon/obstacle18/obstacle18""",,,0.413728919923,0.812212546734,0.773041566792,,-0.026296885181,-0.0859529664058,-0.470660605847,0.877723849226
1542728597771563787,,3706,,1542728597,739822837,"""/world""","""vicon/obstacle18/obstacle18""",,,0.413728751778,0.812176792638,0.773054170413,,-0.0263175227882,-0.0860060159497,-0.470612025655,0.877744082591
1542728597784420980,,3707,,1542728597,756491359,"""/world""","""vicon/obstacle18/obstacle18""",,,0.413736695207,0.812179393683,0.773057394115,,-0.0263322440239,-0.0859970088312,-0.470660948568,0.877718291304
1542728597799068459,,3708,,1542728597,773204117,"""/world""","""vicon/obstacle18/obstacle18""",,,0.413726041811,0.812209187484,0.773035014711,,-0.0263667570724,-0.0859851408128,-0.470674878806,0.877710947945
1542728597817652482,,3709,,1542728597,789809681,"""/world""","""vicon/obstacle18/obstacle18""",,,0.413722366366,0.812236018709,0.773029919607,,-0.0262806685415,-0.0859291751549,-0.470663739107,0.877724984268
1542728597833982018,,3710,,1542728597,806541815,"""/world""","""vicon/obstacle18/obstacle18""",,,0.413722760999,0.812216329128,0.773050302536,,-0.0262112385518,-0.0859058927381,-0.470693857395,0.877713188449
1542728597852883456,,3711,,1542728597,823219821,"""/world""","""vicon/obstacle18/obstacle18""",,,0.41373072774,0.812188029035,0.773051706082,,-0.026355674641,-0.0859490929358,-0.470671825327,0.877716448907
1542728597870121677,,3712,,1542728597,839863472,"""/world""","""vicon/obstacle18/obstacle18""",,,0.413727063788,0.812182220872,0.773056858711,,-0.0263768196771,-0.0859509814424,-0.470656249268,0.877723981214
1542728597887202622,,3713,,1542728597,856589583,"""/world""","""vicon/obstacle18/obstacle18""",,,0.413729887447,0.812193251788,0.773035481668,,-0.0264080070489,-0.0860226512604,-0.470599760723,0.87774631064
1542728597902150341,,3714,,1542728597,873173327,"""/world""","""vicon/obstacle18/obstacle18""",,,0.413724488708,0.812224612745,0.773028744556,,-0.0263827929843,-0.0859159664389,-0.470707134969,0.877699941913
1542728597918918526,,3715,,1542728597,889867567,"""/world""","""vicon/obstacle18/obstacle18""",,,0.413720262595,0.812224964833,0.77304096976,,-0.0262586623219,-0.0858418243311,-0.470721174459,0.8777033894
1542728597931822894,,3716,,1542728597,906626746,"""/world""","""vicon/obstacle18/obstacle18""",,,0.413723361482,0.812198009363,0.773054171638,,-0.0262331587831,-0.0858832534077,-0.470672006484,0.877726466775
1542728597948707765,,3717,,1542728597,923220059,"""/world""","""vicon/obstacle18/obstacle18""",,,0.413730178619,0.812192625699,0.77305930516,,-0.0262549493973,-0.0859437822598,-0.470636187782,0.877739097154
1542728597964620191,,3718,,1542728597,939814445,"""/world""","""vicon/obstacle18/obstacle18""",,,0.413723470431,0.812196425157,0.773042386448,,-0.026448290073,-0.0859373206063,-0.470680892874,0.877709953209
1542728597981717050,,3719,,1542728597,956552979,"""/world""","""vicon/obstacle18/obstacle18""",,,0.41372466757,0.812215712883,0.773026689299,,-0.0262790766454,-0.0860273678354,-0.470618669317,0.877739579946
1542728598000671613,,3720,,1542728597,973220186,"""/world""","""vicon/obstacle18/obstacle18""",,,0.413727355676,0.812230318276,0.773048148758,,-0.0261478640314,-0.0858127773484,-0.470738065747,0.87770047847
1542728598016353201,,3721,,1542728597,989809508,"""/world""","""vicon/obstacle18/obstacle18""",,,0.413721779985,0.8122103384,0.773058177189,,-0.0262062213423,-0.0859092860279,-0.470700752885,0.87770930824
1542728598033488579,,3722,,1542728598,6539362,"""/world""","""vicon/obstacle18/obstacle18""",,,0.413726102803,0.81219923892,0.773058774758,,-0.0263029314848,-0.0859882157263,-0.470702595568,0.877697698002
1542728598048762605,,3723,,1542728598,23148572,"""/world""","""vicon/obstacle18/obstacle18""",,,0.413727237322,0.812198079581,0.773046034903,,-0.0262994802975,-0.0859545920216,-0.470673711255,0.877716584656
1542728598064737538,,3724,,1542728598,39821529,"""/world""","""vicon/obstacle18/obstacle18""",,,0.413720844496,0.812211439313,0.773036120632,,-0.0263619229482,-0.0859507908349,-0.470658473326,0.877723254824
1542728598087658145,,3725,,1542728598,56523678,"""/world""","""vicon/obstacle18/obstacle18""",,,0.413728285458,0.812215624075,0.773030111136,,-0.0262226995372,-0.0859393956058,-0.470679448768,0.877717293221
1542728598104064658,,3726,,1542728598,73166481,"""/world""","""vicon/obstacle18/obstacle18""",,,0.413732033879,0.81221572927,0.773053510474,,-0.0262552048025,-0.0858681156416,-0.470770230481,0.877674609995
1542728598118204259,,3727,,1542728598,89830000,"""/world""","""vicon/obstacle18/obstacle18""",,,0.413722592904,0.812203332113,0.773067225449,,-0.0261595128265,-0.0858574490739,-0.47077805661,0.877674313024
1542728598134174865,,3728,,1542728598,106508833,"""/world""","""vicon/obstacle18/obstacle18""",,,0.413727215591,0.812214351883,0.773051142694,,-0.0261734645222,-0.0859541446032,-0.470649744058,0.877733247176
1542728598151889179,,3729,,1542728598,123139894,"""/world""","""vicon/obstacle18/obstacle18""",,,0.413728607797,0.812219355488,0.773045581747,,-0.0261814008285,-0.0859702202363,-0.470686277271,0.87771184558
1542728598166769673,,3730,,1542728598,139779227,"""/world""","""vicon/obstacle18/obstacle18""",,,0.413729028263,0.812216053353,0.773038359192,,-0.0262493082317,-0.0860242187655,-0.470678596495,0.877708645511
1542728598184746372,,3731,,1542728598,156497415,"""/world""","""vicon/obstacle18/obstacle18""",,,0.413727438876,0.812212524499,0.773055327079,,-0.0262825818216,-0.0858926009029,-0.470730522856,0.87769269215
1542728598203462697,,3732,,1542728598,173216448,"""/world""","""vicon/obstacle18/obstacle18""",,,0.413725995256,0.812199835044,0.773062071361,,-0.0262655136701,-0.0859407124018,-0.470696369275,0.877706810213
1542728598221819682,,3733,,1542728598,189853232,"""/world""","""vicon/obstacle18/obstacle18""",,,0.413720585358,0.812210750018,0.773052674861,,-0.0261679759304,-0.0858779625656,-0.47070756107,0.877709863527
1542728598232935626,,3734,,1542728598,206556679,"""/world""","""vicon/obstacle18/obstacle18""",,,0.413724179868,0.812223773168,0.773045093314,,-0.0261895999705,-0.0859386380397,-0.470657520201,0.87773011457
1542728598250001121,,3735,,1542728598,223279948,"""/world""","""vicon/obstacle18/obstacle18""",,,0.413725861426,0.812204436085,0.773035999545,,-0.0263503465167,-0.0859118831236,-0.470728424974,0.877689898254
1542728598268578905,,3736,,1542728598,239836225,"""/world""","""vicon/obstacle18/obstacle18""",,,0.413724067634,0.812192417813,0.773052586615,,-0.0263634682899,-0.0859058760083,-0.470688271271,0.877711626501
1542728598284991610,,3737,,1542728598,256633737,"""/world""","""vicon/obstacle18/obstacle18""",,,0.413724847586,0.812192449984,0.773066879629,,-0.0262114675441,-0.0859680325372,-0.470716733939,0.877694828936
1542728598302778743,,3738,,1542728598,273260053,"""/world""","""vicon/obstacle18/obstacle18""",,,0.413721908424,0.812211236939,0.773043066938,,-0.0263904536935,-0.08585783936,-0.470720148636,0.877698420326
1542728598319289190,,3739,,1542728598,289859399,"""/world""","""vicon/obstacle18/obstacle18""",,,0.413721823658,0.812234829857,0.773038696896,,-0.0262286875808,-0.0858414505007,-0.470738204919,0.877695188407
1542728598336010153,,3740,,1542728598,306520512,"""/world""","""vicon/obstacle18/obstacle18""",,,0.413724100544,0.812207027414,0.773029304268,,-0.0262831397525,-0.0860238718783,-0.470645673266,0.877725321651
1542728598351759502,,3741,,1542728598,323274342,"""/world""","""vicon/obstacle18/obstacle18""",,,0.413727971061,0.81218832046,0.773052706913,,-0.0263814270067,-0.0860052024774,-0.470655706981,0.877718822256
1542728598368741722,,3742,,1542728598,339819292,"""/world""","""vicon/obstacle18/obstacle18""",,,0.413725892678,0.812188786724,0.773061901035,,-0.0262922133333,-0.085914883421,-0.470725958281,0.877692670885
1542728598384991799,,3743,,1542728598,356531430,"""/world""","""vicon/obstacle18/obstacle18""",,,0.413722612191,0.812214123463,0.773053610942,,-0.0262413573874,-0.085923228833,-0.470698866461,0.877707905298
1542728598401534472,,3744,,1542728598,373192080,"""/world""","""vicon/obstacle18/obstacle18""",,,0.41372464143,0.812230986536,0.773028177306,,-0.0263116080305,-0.0859060373846,-0.470739159953,0.877685875077
1542728598418650545,,3745,,1542728598,389833961,"""/world""","""vicon/obstacle18/obstacle18""",,,0.413728006571,0.812220963966,0.77304139734,,-0.0262973195891,-0.0859156182387,-0.470678150787,0.877718084522
1542728598436812840,,3746,,1542728598,406568572,"""/world""","""vicon/obstacle18/obstacle18""",,,0.41372433396,0.812178285904,0.773054732685,,-0.0264219410982,-0.0859741531618,-0.470629040733,0.877734944066
1542728598452379080,,3747,,1542728598,423219628,"""/world""","""vicon/obstacle18/obstacle18""",,,0.413729156081,0.812179683862,0.773060441915,,-0.0263735544184,-0.0859225396656,-0.470707179271,0.877699552346
1542728598469340626,,3748,,1542728598,439869449,"""/world""","""vicon/obstacle18/obstacle18""",,,0.413719733485,0.812223346269,0.773060099513,,-0.0261228801507,-0.0858455822643,-0.470699910414,0.877718477346
1542728598485871649,,3749,,1542728598,456551936,"""/world""","""vicon/obstacle18/obstacle18""",,,0.413724659819,0.812237313787,0.773031327979,,-0.0262279980266,-0.0857809294054,-0.470790539769,0.877673055263
1542728598502983548,,3750,,1542728598,473294034,"""/world""","""vicon/obstacle18/obstacle18""",,,0.41372985132,0.812225869499,0.773041308809,,-0.0262642788431,-0.0858617437746,-0.470678510192,0.877724152941
1542728598519710851,,3751,,1542728598,489857408,"""/world""","""vicon/obstacle18/obstacle18""",,,0.413736001515,0.812185713219,0.773062901064,,-0.0262689526396,-0.0860029078819,-0.470661690706,0.877719211858
1542728598537860549,,3752,,1542728598,506581180,"""/world""","""vicon/obstacle18/obstacle18""",,,0.413725679732,0.812175432058,0.773062662827,,-0.0262839669856,-0.0860946670761,-0.470620939482,0.877731617695
1542728598555006309,,3753,,1542728598,523163823,"""/world""","""vicon/obstacle18/obstacle18""",,,0.413729721443,0.812215284493,0.773052590558,,-0.0261961475183,-0.0859199121782,-0.470708334172,0.877704503058
1542728598565368908,,3754,,1542728598,539849895,"""/world""","""vicon/obstacle18/obstacle18""",,,0.413726171724,0.812238227635,0.773037803387,,-0.026186788095,-0.0859145483843,-0.470714091083,0.877702219982
1542728598584743630,,3755,,1542728598,556533587,"""/world""","""vicon/obstacle18/obstacle18""",,,0.413722793133,0.812226937864,0.773038843241,,-0.0262723415518,-0.085827881777,-0.470693768208,0.877719041237
1542728598601964391,,3756,,1542728598,573226181,"""/world""","""vicon/obstacle18/obstacle18""",,,0.413737058188,0.812185288951,0.773058108187,,-0.0263781633646,-0.0860050267058,-0.470609450748,0.877743739793
1542728598618641487,,3757,,1542728598,589842530,"""/world""","""vicon/obstacle18/obstacle18""",,,0.413731902188,0.812180191509,0.773070752324,,-0.0263138639297,-0.0859142887121,-0.470718318924,0.877696177381
1542728598637908415,,3758,,1542728598,606552595,"""/world""","""vicon/obstacle18/obstacle18""",,,0.413723646006,0.812205629009,0.773056667571,,-0.0261943375879,-0.0858645603342,-0.470699777906,0.877714562393
1542728598654821993,,3759,,1542728598,623205082,"""/world""","""vicon/obstacle18/obstacle18""",,,0.413727517303,0.812228927916,0.773035230044,,-0.0261441530814,-0.0859475515089,-0.470693203353,0.877711461681
1542728598671646267,,3760,,1542728598,639819672,"""/world""","""vicon/obstacle18/obstacle18""",,,0.413720049858,0.812224864918,0.773040816532,,-0.0262798968061,-0.0858561099697,-0.470636763754,0.877746621758
1542728598688831050,,3761,,1542728598,656534731,"""/world""","""vicon/obstacle18/obstacle18""",,,0.413726221593,0.812192879885,0.773049166792,,-0.0263557366,-0.0858751500143,-0.470677679026,0.877720545632
1542728598704865648,,3762,,1542728598,673208621,"""/world""","""vicon/obstacle18/obstacle18""",,,0.413732369247,0.812186152026,0.773062235197,,-0.0262630276919,-0.085905884998,-0.470647001431,0.877736767114
1542728598718624234,,3763,,1542728598,689806331,"""/world""","""vicon/obstacle18/obstacle18""",,,0.413729399428,0.812213030948,0.773052870499,,-0.0261888638256,-0.0859578758883,-0.470724156039,0.877692517859
1542728598735741484,,3764,,1542728598,706580686,"""/world""","""vicon/obstacle18/obstacle18""",,,0.413721261349,0.812224617388,0.773040907235,,-0.0262849339916,-0.0859275757472,-0.470705773089,0.877702471885
1542728598752743637,,3765,,1542728598,723259388,"""/world""","""vicon/obstacle18/obstacle18""",,,0.41372309738,0.81222107118,0.773047917943,,-0.0262200274833,-0.0858892300179,-0.47067532047,0.877724497223
1542728598766802786,,3766,,1542728598,740774046,"""/world""","""vicon/obstacle18/obstacle18""",,,0.413728041925,0.812203810418,0.773048625641,,-0.0261800111244,-0.0858780398816,-0.470720344338,0.877702641394
1542728598782050374,,3767,,1542728598,756506427,"""/world""","""vicon/obstacle18/obstacle18""",,,0.413723111729,0.812211289476,0.773065014042,,-0.0261416159759,-0.0858815199969,-0.470686562476,0.877721561967
1542728598802481956,,3768,,1542728598,773298537,"""/world""","""vicon/obstacle18/obstacle18""",,,0.413727586358,0.812213892444,0.77304678959,,-0.0262735271598,-0.0860006112296,-0.47069546273,0.877701189474
1542728598820095777,,3769,,1542728598,789849985,"""/world""","""vicon/obstacle18/obstacle18""",,,0.413725780983,0.812229901911,0.773056431896,,-0.0261805163815,-0.0858607020088,-0.470725032531,0.877701808225
1542728598834332857,,3770,,1542728598,806539204,"""/world""","""vicon/obstacle18/obstacle18""",,,0.413727944204,0.81220536056,0.773055442509,,-0.026158738154,-0.0859646735946,-0.470667459993,0.877723155337
1542728598850890492,,3771,,1542728598,823193674,"""/world""","""vicon/obstacle18/obstacle18""",,,0.413729840098,0.812196482085,0.773050403495,,-0.0262695740943,-0.0858604809241,-0.47068617907,0.87772000554
1542728598867862415,,3772,,1542728598,839835513,"""/world""","""vicon/obstacle18/obstacle18""",,,0.413726017284,0.812227213285,0.773060698493,,-0.0261202941642,-0.0858564217133,-0.470695973156,0.877719605534
1542728598884533101,,3773,,1542728598,856604502,"""/world""","""vicon/obstacle18/obstacle18""",,,0.413726199988,0.812225813108,0.773049254011,,-0.0262553238664,-0.0858784760941,-0.470688710765,0.877717313758
1542728598901004118,,3774,,1542728598,873213271,"""/world""","""vicon/obstacle18/obstacle18""",,,0.413732694371,0.812217719023,0.773056851442,,-0.0261853541711,-0.08596393841,-0.470675664586,0.877718034044
1542728598917909406,,3775,,1542728598,889905889,"""/world""","""vicon/obstacle18/obstacle18""",,,0.413733599395,0.812201139052,0.773055351435,,-0.0262472316483,-0.0858422411092,-0.470751975315,0.87768717104
1542728598936712684,,3776,,1542728598,906626566,"""/world""","""vicon/obstacle18/obstacle18""",,,0.41372663554,0.812194615542,0.773058465567,,-0.0262613138769,-0.0859002428715,-0.470653732488,0.877733761321
1542728598951857449,,3777,,1542728598,923217107,"""/world""","""vicon/obstacle18/obstacle18""",,,0.41373105452,0.812219793389,0.773050719513,,-0.026291148674,-0.0858592109607,-0.470722027991,0.877700258493
1542728598970049441,,3778,,1542728598,939839071,"""/world""","""vicon/obstacle18/obstacle18""",,,0.413732890079,0.812236012107,0.773051273749,,-0.0261985817833,-0.0859039574246,-0.470689644213,0.877716015145
1542728598983806553,,3779,,1542728598,956450611,"""/world""","""vicon/obstacle18/obstacle18""",,,0.413725775359,0.812216327742,0.77304680976,,-0.0262325441263,-0.0859270269706,-0.470697356197,0.877708606847
1542728598999959636,,3780,,1542728598,973139815,"""/world""","""vicon/obstacle18/obstacle18""",,,0.41373155931,0.812191235059,0.773058100907,,-0.0262338532663,-0.0857980277935,-0.470823924002,0.877653300545
1542728599021410944,,3781,,1542728598,989886703,"""/world""","""vicon/obstacle18/obstacle18""",,,0.413733312605,0.812203288742,0.773060378821,,-0.0262115050545,-0.0859492340791,-0.470691979553,0.877709944428
1542728599036259793,,3782,,1542728599,6624489,"""/world""","""vicon/obstacle18/obstacle18""",,,0.41372865582,0.812215075525,0.773050007252,,-0.0262781293221,-0.0859393291951,-0.470686685556,0.877711761148
1542728599053385421,,3783,,1542728599,23235120,"""/world""","""vicon/obstacle18/obstacle18""",,,0.413732434776,0.81222771591,0.773045135793,,-0.0262349790533,-0.0858786256951,-0.470666374899,0.877729885023
1542728599069019695,,3784,,1542728599,39819437,"""/world""","""vicon/obstacle18/obstacle18""",,,0.413726545978,0.812215062677,0.7730554724,,-0.0262113915848,-0.08584578305,-0.470718937665,0.877705614775
1542728599085979460,,3785,,1542728599,56524280,"""/world""","""vicon/obstacle18/obstacle18""",,,0.41372507263,0.812192080826,0.773050397174,,-0.0262937774365,-0.0859431070986,-0.470678832833,0.877715133704
1542728599099261263,,3786,,1542728599,73162539,"""/world""","""vicon/obstacle18/obstacle18""",,,0.413729483435,0.812207150765,0.773061778964,,-0.026204190638,-0.0858493958466,-0.470727510249,0.877700878842
1542728599114697719,,3787,,1542728599,91415324,"""/world""","""vicon/obstacle18/obstacle18""",,,0.413735491787,0.812219234666,0.77305526175,,-0.0262063752859,-0.0858882518588,-0.470688815077,0.877717764118
1542728599132282758,,3788,,1542728599,106520165,"""/world""","""vicon/obstacle18/obstacle18""",,,0.413727539799,0.812223029816,0.773055827847,,-0.0261917432716,-0.0858929592673,-0.470620143689,0.877754562783
1542728599149126834,,3789,,1542728599,123187954,"""/world""","""vicon/obstacle18/obstacle18""",,,0.413731629571,0.812218023485,0.773055653354,,-0.0261691509817,-0.0858605067096,-0.470702677022,0.877714155502
1542728599168259338,,3790,,1542728599,139883421,"""/world""","""vicon/obstacle18/obstacle18""",,,0.413729861921,0.812202739171,0.773051443653,,-0.0262352150331,-0.0858870312229,-0.470728584767,0.877695693759
1542728599185449658,,3791,,1542728599,156531946,"""/world""","""vicon/obstacle18/obstacle18""",,,0.413728014003,0.812214670626,0.773052379829,,-0.0262344075055,-0.0857953540104,-0.470735922038,0.877700749001
1542728599201634691,,3792,,1542728599,173184477,"""/world""","""vicon/obstacle18/obstacle18""",,,0.41373400552,0.812220688096,0.773060430377,,-0.026228043609,-0.0858729582137,-0.470706854399,0.877708939226
1542728599218290151,,3793,,1542728599,189876255,"""/world""","""vicon/obstacle18/obstacle18""",,,0.413731629391,0.812221729245,0.773060270777,,-0.0262825766745,-0.0858738831148,-0.470712439068,0.877704222428
1542728599238553307,,3794,,1542728599,206558370,"""/world""","""vicon/obstacle18/obstacle18""",,,0.413730178336,0.812209864794,0.773058284609,,-0.0261740883854,-0.0858515071841,-0.47068730846,0.877723130302
1542728599252053445,,3795,,1542728599,223245110,"""/world""","""vicon/obstacle18/obstacle18""",,,0.413731966611,0.812213215963,0.773051516074,,-0.0261204271641,-0.0859235411554,-0.470662040277,0.877731230048
1542728599268428412,,3796,,1542728599,239876598,"""/world""","""vicon/obstacle18/obstacle18""",,,0.413730504868,0.812222060192,0.773049965588,,-0.0261413605639,-0.0858250365887,-0.470751626778,0.877692200175
1542728599286220297,,3797,,1542728599,256528806,"""/world""","""vicon/obstacle18/obstacle18""",,,0.413728758376,0.812226896514,0.77306550325,,-0.0261436016566,-0.0858563968848,-0.470729219806,0.877701083984
1542728599302197908,,3798,,1542728599,273255583,"""/world""","""vicon/obstacle18/obstacle18""",,,0.413730452581,0.812210407964,0.773066301814,,-0.0261854523453,-0.0859043153337,-0.470621116031,0.877753117817
1542728599318738131,,3799,,1542728599,289919740,"""/world""","""vicon/obstacle18/obstacle18""",,,0.413732233015,0.812211429357,0.773062105813,,-0.0261726748087,-0.0858451475633,-0.470689679544,0.877722522956
1542728599336047247,,3800,,1542728599,306530353,"""/world""","""vicon/obstacle18/obstacle18""",,,0.413726791855,0.812225451819,0.773056692501,,-0.0259919100764,-0.0858827191426,-0.470732927079,0.877701025707
1542728599353024114,,3801,,1542728599,323864686,"""/world""","""vicon/obstacle18/obstacle18""",,,0.413726068184,0.812227687751,0.773042148052,,-0.0261653115864,-0.0858627854787,-0.470753118539,0.877686994278
1542728599371109888,,3802,,1542728599,339847753,"""/world""","""vicon/obstacle18/obstacle18""",,,0.413732794123,0.812224670818,0.773057012456,,-0.0261401073005,-0.0858367506321,-0.470709026074,0.87771393962
1542728599388241726,,3803,,1542728599,356566377,"""/world""","""vicon/obstacle18/obstacle18""",,,0.413731412047,0.812211216948,0.773071407589,,-0.0261777124708,-0.085913101641,-0.470650587698,0.87773668639
1542728599404706631,,3804,,1542728599,373182473,"""/world""","""vicon/obstacle18/obstacle18""",,,0.413733172321,0.812203440236,0.773062438418,,-0.026197197747,-0.0859463809377,-0.470681373024,0.877716338872
1542728599418515241,,3805,,1542728599,389892812,"""/world""","""vicon/obstacle18/obstacle18""",,,0.413732603004,0.812236583132,0.773052991422,,-0.0260961390664,-0.085761385208,-0.470808914255,0.877669039326
1542728599436392310,,3806,,1542728599,406587328,"""/world""","""vicon/obstacle18/obstacle18""",,,0.413727192175,0.812245679206,0.773054684971,,-0.0260142188645,-0.0857827194461,-0.470784119852,0.877682686371
1542728599454139219,,3807,,1542728599,423242127,"""/world""","""vicon/obstacle18/obstacle18""",,,0.413727889209,0.812213179041,0.773044057046,,-0.0262194791422,-0.0859591028823,-0.47066504654,0.877723182735
1542728599469177645,,3808,,1542728599,439921141,"""/world""","""vicon/obstacle18/obstacle18""",,,0.413737193633,0.812210029159,0.773061829356,,-0.0262119311038,-0.0858880531156,-0.470706622285,0.877708068059
1542728599484529449,,3809,,1542728599,456533712,"""/world""","""vicon/obstacle18/obstacle18""",,,0.413727632695,0.812216308349,0.773070154941,,-0.0261119637422,-0.0859184667699,-0.470691347989,0.877716262437
1542728599505204965,,3810,,1542728599,473154091,"""/world""","""vicon/obstacle18/obstacle18""",,,0.413722935047,0.812230823999,0.773051685174,,-0.0261609333749,-0.0857965443439,-0.470783739695,0.877677178114
1542728599522365148,,3811,,1542728599,489883970,"""/world""","""vicon/obstacle18/obstacle18""",,,0.413734932606,0.812249524338,0.773054561044,,-0.0261192703737,-0.0857936633277,-0.470831146686,0.87765327001
1542728599539666078,,3812,,1542728599,506551091,"""/world""","""vicon/obstacle18/obstacle18""",,,0.413731223216,0.81222017187,0.773052854077,,-0.0262183625128,-0.0858906203306,-0.470730691896,0.877694716011
1542728599554090634,,3813,,1542728599,523218521,"""/world""","""vicon/obstacle18/obstacle18""",,,0.413731175044,0.81220148424,0.773056633892,,-0.0262735673371,-0.0859380941702,-0.4706543511,0.87772935773
1542728599572574100,,3814,,1542728599,539895053,"""/world""","""vicon/obstacle18/obstacle18""",,,0.413733400424,0.81221707263,0.773063432929,,-0.026113494661,-0.0858350588457,-0.470735178368,0.877700871548
1542728599583749585,,3815,,1542728599,556515731,"""/world""","""vicon/obstacle18/obstacle18""",,,0.413726929408,0.812247655611,0.773057095517,,-0.0261096785381,-0.0857841742528,-0.470784341347,0.877679590783
1542728599600434539,,3816,,1542728599,573217944,"""/world""","""vicon/obstacle18/obstacle18""",,,0.413725134928,0.812246310549,0.773054397994,,-0.0260748842913,-0.0858399533903,-0.470754025559,0.877691432242
1542728599621748333,,3817,,1542728599,589907208,"""/world""","""vicon/obstacle18/obstacle18""",,,0.413736219099,0.812220995153,0.773055056483,,-0.0261874209337,-0.0858113349833,-0.470764056655,0.8776854999
1542728599637538064,,3818,,1542728599,606635450,"""/world""","""vicon/obstacle18/obstacle18""",,,0.413736564106,0.812205954646,0.773064496016,,-0.0261203106705,-0.08592521972,-0.47072708776,0.877696185953
1542728599650659483,,3819,,1542728599,623220950,"""/world""","""vicon/obstacle18/obstacle18""",,,0.413732336176,0.812219547525,0.773054877237,,-0.0261862970545,-0.085801076289,-0.470729475064,0.877705083989
1542728599668904345,,3820,,1542728599,639876133,"""/world""","""vicon/obstacle18/obstacle18""",,,0.413732496757,0.812248885947,0.773057629134,,-0.0260514209805,-0.0857854147282,-0.4707486109,0.877700365398
1542728599689479728,,3821,,1542728599,656544950,"""/world""","""vicon/obstacle18/obstacle18""",,,0.413731069869,0.812251772105,0.773057861703,,-0.0260336830662,-0.0857940467476,-0.470790853774,0.877677389985
1542728599705134026,,3822,,1542728599,673244489,"""/world""","""vicon/obstacle18/obstacle18""",,,0.413738707888,0.812215599188,0.773066471174,,-0.0261606407693,-0.0858282265606,-0.470772736217,0.87767999136
1542728599722435252,,3823,,1542728599,689872634,"""/world""","""vicon/obstacle18/obstacle18""",,,0.413742332343,0.812193797924,0.773065477168,,-0.0262134753753,-0.0859262320344,-0.470731339316,0.877691029089
1542728599733444623,,3824,,1542728599,706563065,"""/world""","""vicon/obstacle18/obstacle18""",,,0.413736940864,0.812222523691,0.773058601299,,-0.0260680572171,-0.0857508056012,-0.470788056438,0.877682096005
1542728599749814451,,3825,,1542728599,723219567,"""/world""","""vicon/obstacle18/obstacle18""",,,0.413726905689,0.812251414097,0.77304907409,,-0.0261094611087,-0.0857572020804,-0.470717644987,0.877718005415
1542728599768313750,,3826,,1542728599,739897508,"""/world""","""vicon/obstacle18/obstacle18""",,,0.413729921193,0.812243086595,0.773058590972,,-0.0261493754739,-0.0857681706119,-0.470753557624,0.877696484587
1542728599784907393,,3827,,1542728599,756612495,"""/world""","""vicon/obstacle18/obstacle18""",,,0.413733249838,0.812224285051,0.773077490498,,-0.0260787696321,-0.0858497645531,-0.470723476504,0.877706741668
1542728599800552290,,3828,,1542728599,773179831,"""/world""","""vicon/obstacle18/obstacle18""",,,0.413733930654,0.812193973252,0.773060472909,,-0.026203645067,-0.0859502281247,-0.470647809437,0.877733767576
1542728599818194450,,3829,,1542728599,789939750,"""/world""","""vicon/obstacle18/obstacle18""",,,0.413736849477,0.812217271828,0.773043019072,,-0.0262148593419,-0.0859367004366,-0.470652481649,0.877732251991
1542728599838540233,,3830,,1542728599,806601504,"""/world""","""vicon/obstacle18/obstacle18""",,,0.413728228273,0.812254367662,0.773048068993,,-0.0260716290825,-0.0857874071711,-0.470736892568,0.877705855571
1542728599853691161,,3831,,1542728599,823255905,"""/world""","""vicon/obstacle18/obstacle18""",,,0.413725824623,0.812237134283,0.77305794482,,-0.0261755364519,-0.0858182438375,-0.470740588573,0.877697766083
1542728599871823869,,3832,,1542728599,839900783,"""/world""","""vicon/obstacle18/obstacle18""",,,0.413728490817,0.812211248423,0.773070362285,,-0.0260565637512,-0.0859241911993,-0.470695464576,0.877715140852
1542728599884113405,,3833,,1542728599,856608534,"""/world""","""vicon/obstacle18/obstacle18""",,,0.413734911191,0.812200262499,0.773059111326,,-0.0261647024024,-0.0858927224075,-0.470707395463,0.877708605656
1542728599900853788,,3834,,1542728599,873231875,"""/world""","""vicon/obstacle18/obstacle18""",,,0.413730759427,0.812211235027,0.773032819955,,-0.0262326621476,-0.0859539497947,-0.470640809598,0.87773628972
1542728599919003378,,3835,,1542728599,889889766,"""/world""","""vicon/obstacle18/obstacle18""",,,0.413734762422,0.812242086555,0.773039919693,,-0.0260987739097,-0.0858894637556,-0.47074432923,0.877691079204
1542728599935146096,,3836,,1542728599,906562314,"""/world""","""vicon/obstacle18/obstacle18""",,,0.413728640233,0.812238483653,0.773065904765,,-0.0261660469275,-0.0858284418677,-0.470799993718,0.877665188138
1542728599952772842,,3837,,1542728599,923262346,"""/world""","""vicon/obstacle18/obstacle18""",,,0.413723687843,0.812201942971,0.773068257745,,-0.0262083494674,-0.0858437710296,-0.470763759301,0.87768186282
1542728599970004474,,3838,,1542728599,939902555,"""/world""","""vicon/obstacle18/obstacle18""",,,0.413734046211,0.812205279839,0.77305924276,,-0.0262256387958,-0.0858299979668,-0.470761424446,0.877683945719
1542728599988213707,,3839,,1542728599,956543908,"""/world""","""vicon/obstacle18/obstacle18""",,,0.413732929107,0.812226636682,0.773042739008,,-0.0261900422268,-0.0858389692848,-0.470741835659,0.877694637787
1542728600001065626,,3840,,1542728599,973169706,"""/world""","""vicon/obstacle18/obstacle18""",,,0.413727761162,0.812228732249,0.773022842824,,-0.0262558056971,-0.0859275641997,-0.470663649247,0.87772593425
1542728600017336667,,3841,,1542728599,989904689,"""/world""","""vicon/obstacle18/obstacle18""",,,0.413728755287,0.812229833068,0.773039554811,,-0.0262323907438,-0.0859200192447,-0.470684390947,0.877716250327
1542728600038338110,,3842,,1542728600,6607426,"""/world""","""vicon/obstacle18/obstacle18""",,,0.413722391058,0.812215240601,0.773081102866,,-0.0261228420612,-0.0858319612522,-0.470747465029,0.877694306532
1542728600055007937,,3843,,1542728600,23166991,"""/world""","""vicon/obstacle18/obstacle18""",,,0.413725966743,0.812197721799,0.773064119285,,-0.0261588429877,-0.0858556452986,-0.470679474271,0.87772738114
1542728600066298164,,3844,,1542728600,39889602,"""/world""","""vicon/obstacle18/obstacle18""",,,0.413735231463,0.812224650092,0.773043889632,,-0.0261896765632,-0.0858262667432,-0.470754517859,0.877689088854
1542728600081547164,,3845,,1542728600,56446916,"""/world""","""vicon/obstacle18/obstacle18""",,,0.413730632258,0.812232108725,0.773034314905,,-0.0262643159616,-0.0859447416629,-0.470688168807,0.877710849217
1542728600099918974,,3846,,1542728600,74991261,"""/world""","""vicon/obstacle18/obstacle18""",,,0.413724201257,0.812220215523,0.773047018268,,-0.0262347192806,-0.0858109331223,-0.470718762825,0.877708419457
1542728600115855139,,3847,,1542728600,89852340,"""/world""","""vicon/obstacle18/obstacle18""",,,0.413730094002,0.812215626169,0.77306999855,,-0.0260922321885,-0.0857369284134,-0.470755870869,0.877699996906
1542728600134351680,,3848,,1542728600,106524165,"""/world""","""vicon/obstacle18/obstacle18""",,,0.413723803518,0.812212583706,0.773076989853,,-0.0261166421833,-0.0858338067982,-0.470758636984,0.877688318435
1542728600150141698,,3849,,1542728600,123183639,"""/world""","""vicon/obstacle18/obstacle18""",,,0.413733586678,0.812219195346,0.773052907323,,-0.0262382915869,-0.085853646232,-0.470705781865,0.877711097345
1542728600165032653,,3850,,1542728600,139822933,"""/world""","""vicon/obstacle18/obstacle18""",,,0.413743868005,0.812211115831,0.773035643106,,-0.0262457792878,-0.0860266750284,-0.470686057786,0.87770450908
1542728600181659558,,3851,,1542728600,156502979,"""/world""","""vicon/obstacle18/obstacle18""",,,0.41373065355,0.812216348874,0.773042216254,,-0.0262651783437,-0.0859663719538,-0.470689354354,0.877708069347
1542728600198230378,,3852,,1542728600,173785048,"""/world""","""vicon/obstacle18/obstacle18""",,,0.413722976521,0.812216166835,0.773055619735,,-0.0261727195569,-0.0858211531192,-0.470721262246,0.877707930748
1542728600221917800,,3853,,1542728600,189923997,"""/world""","""vicon/obstacle18/obstacle18""",,,0.413725981863,0.812229473873,0.773082329,,-0.0260618033341,-0.0856931015996,-0.470822002741,0.877669708079
1542728600238188208,,3854,,1542728600,206546709,"""/world""","""vicon/obstacle18/obstacle18""",,,0.413731456586,0.812222888831,0.77306705826,,-0.0261746301031,-0.0858935850878,-0.470755893269,0.877682214547
1542728600251947348,,3855,,1542728600,223194736,"""/world""","""vicon/obstacle18/obstacle18""",,,0.413731147487,0.812202738287,0.773042103457,,-0.0262756880077,-0.0860040855296,-0.470627798117,0.877737068336
1542728600268116130,,3856,,1542728600,239847276,"""/world""","""vicon/obstacle18/obstacle18""",,,0.413734189826,0.812199498465,0.773028285183,,-0.02640076804,-0.0859432522807,-0.470686695549,0.877707691357
1542728600284982533,,3857,,1542728600,256503463,"""/world""","""vicon/obstacle18/obstacle18""",,,0.413725752662,0.812229006115,0.773051671008,,-0.0259944397891,-0.0859080737696,-0.470722376905,0.877704127734
1542728600304811476,,3858,,1542728600,273196156,"""/world""","""vicon/obstacle18/obstacle18""",,,0.413719118374,0.812238033351,0.773073404052,,-0.0260476886017,-0.0856975987587,-0.470800892426,0.8776810122
1542728600321230004,,3859,,1542728600,289922617,"""/world""","""vicon/obstacle18/obstacle18""",,,0.413731347038,0.812214584544,0.773058439079,,-0.0261949580945,-0.0858534245102,-0.470751921853,0.877687667535
1542728600333911456,,3860,,1542728600,306495411,"""/world""","""vicon/obstacle18/obstacle18""",,,0.413732197837,0.812210447195,0.773054974081,,-0.0262116022921,-0.0858540458437,-0.470759267974,0.877683169677
1542728600350977384,,3861,,1542728600,323202893,"""/world""","""vicon/obstacle18/obstacle18""",,,0.413731036336,0.812199184602,0.773032528379,,-0.026276894009,-0.0860714763587,-0.470657075435,0.877714727655
1542728600371931202,,3862,,1542728600,339897680,"""/world""","""vicon/obstacle18/obstacle18""",,,0.413732565352,0.812223003875,0.773029385505,,-0.0262359911839,-0.085892729045,-0.470754576878,0.877681172301
1542728600386894501,,3863,,1542728600,356533740,"""/world""","""vicon/obstacle18/obstacle18""",,,0.41372814349,0.812247555699,0.773063551068,,-0.0260143441296,-0.0857503932677,-0.470831851354,0.877660237053
1542728600401174926,,3864,,1542728600,373183858,"""/world""","""vicon/obstacle18/obstacle18""",,,0.413726446063,0.81221788794,0.773063810405,,-0.0261376012931,-0.0858670258879,-0.470741232258,0.877693780265
1542728600418743804,,3865,,1542728600,389912027,"""/world""","""vicon/obstacle18/obstacle18""",,,0.413730496008,0.812204724774,0.773048174641,,-0.0261888823395,-0.0859851995686,-0.470623592783,0.877743767744
1542728600436488054,,3866,,1542728600,406639337,"""/world""","""vicon/obstacle18/obstacle18""",,,0.413733061378,0.812214876656,0.773039316532,,-0.026172907942,-0.0859032533551,-0.470682232426,0.877720824654
1542728600453212347,,3867,,1542728600,423204572,"""/world""","""vicon/obstacle18/obstacle18""",,,0.413727673508,0.812219087721,0.773035077969,,-0.0262999357665,-0.0859899513319,-0.470641426959,0.877730419251
1542728600469847150,,3868,,1542728600,439922575,"""/world""","""vicon/obstacle18/obstacle18""",,,0.413738104574,0.812236213387,0.773052226605,,-0.026146004629,-0.085812225456,-0.470784996494,0.877675415789
1542728600488855150,,3869,,1542728600,456504013,"""/world""","""vicon/obstacle18/obstacle18""",,,0.413726270706,0.812224450601,0.773065592593,,-0.0261370389227,-0.0857549141479,-0.470782143177,0.877682814894
1542728600503695156,,3870,,1542728600,473215583,"""/world""","""vicon/obstacle18/obstacle18""",,,0.413724162606,0.812204700241,0.773051604791,,-0.0261939838913,-0.0858141478054,-0.470690033365,0.877724728907
1542728600517351305,,3871,,1542728600,489876441,"""/world""","""vicon/obstacle18/obstacle18""",,,0.41373215013,0.81222231759,0.773037395398,,-0.0261572923651,-0.0859100314413,-0.47071996111,0.877700393509
1542728600532102180,,3872,,1542728600,506476724,"""/world""","""vicon/obstacle18/obstacle18""",,,0.413730930633,0.812231440014,0.77303375334,,-0.0262302710769,-0.085889068837,-0.470700854596,0.877710513903
1542728600554565526,,3873,,1542728600,523151443,"""/world""","""vicon/obstacle18/obstacle18""",,,0.413723014011,0.812221030215,0.773042796967,,-0.0261878862806,-0.0860313154525,-0.47059523424,0.877754483261
1542728600572645463,,3874,,1542728600,539940063,"""/world""","""vicon/obstacle18/obstacle18""",,,0.413730281611,0.812218892169,0.773062230737,,-0.0261577929303,-0.0857659922655,-0.470759107015,0.877693470183
1542728600589386799,,3875,,1542728600,556586444,"""/world""","""vicon/obstacle18/obstacle18""",,,0.413720450555,0.812213832588,0.773056479608,,-0.0260833466063,-0.0858093812629,-0.470713766782,0.877715762009
1542728600604055698,,3876,,1542728600,573188136,"""/world""","""vicon/obstacle18/obstacle18""",,,0.413723592569,0.812222602081,0.773034576089,,-0.0261255373973,-0.0859536146653,-0.470628165526,0.877746297193
1542728600619858035,,3877,,1542728600,589871730,"""/world""","""vicon/obstacle18/obstacle18""",,,0.413733663604,0.812233371589,0.773029284617,,-0.0262304917502,-0.0858728140645,-0.470638513012,0.877745527575
1542728600637119975,,3878,,1542728600,606545839,"""/world""","""vicon/obstacle18/obstacle18""",,,0.413732792923,0.812215611539,0.773041479697,,-0.0263144339448,-0.0859525807093,-0.470691537666,0.877706773818
1542728600653598718,,3879,,1542728600,623208016,"""/world""","""vicon/obstacle18/obstacle18""",,,0.413722276926,0.812200969591,0.773060211732,,-0.0261871489554,-0.0859480398976,-0.470664068182,0.877725755911
1542728600670208276,,3880,,1542728600,639901462,"""/world""","""vicon/obstacle18/obstacle18""",,,0.413727147933,0.812218296215,0.773066346677,,-0.026107587639,-0.0857805191867,-0.470788717671,0.877677662761
1542728600687422391,,3881,,1542728600,656567924,"""/world""","""vicon/obstacle18/obstacle18""",,,0.413727754112,0.812240926852,0.773045208818,,-0.0261715869297,-0.0858303533625,-0.470738683766,0.877697721363
1542728600702978360,,3882,,1542728600,673222045,"""/world""","""vicon/obstacle18/obstacle18""",,,0.41373064225,0.812233202248,0.773039035508,,-0.0262857176564,-0.0859147640087,-0.470688338507,0.877713052408
1542728600720532319,,3883,,1542728600,689890553,"""/world""","""vicon/obstacle18/obstacle18""",,,0.413740609067,0.81220089872,0.773044398478,,-0.0263037000945,-0.0859434185254,-0.47071628493,0.877694721002
1542728600739778442,,3884,,1542728600,706610042,"""/world""","""vicon/obstacle18/obstacle18""",,,0.413727129473,0.812193941663,0.773053564286,,-0.0262345930278,-0.0858481071141,-0.470731455624,0.877697980697
1542728600751546744,,3885,,1542728600,723165581,"""/world""","""vicon/obstacle18/obstacle18""",,,0.41372082613,0.812220848535,0.773058232138,,-0.0261428688268,-0.0857833808849,-0.470801114597,0.877669683006
1542728600767433583,,3886,,1542728600,739865062,"""/world""","""vicon/obstacle18/obstacle18""",,,0.413724361115,0.81224360171,0.773050356149,,-0.0260541530791,-0.0858121134242,-0.470729385098,0.87770798578
1542728600784281830,,3887,,1542728600,756589297,"""/world""","""vicon/obstacle18/obstacle18""",,,0.413728696692,0.812233388196,0.773044267158,,-0.0262850984642,-0.0859466172319,-0.470692315862,0.877707819479
1542728600801181286,,3888,,1542728600,773226902,"""/world""","""vicon/obstacle18/obstacle18""",,,0.413728151298,0.812189252669,0.773047646483,,-0.0264238461077,-0.0859762118936,-0.470602843602,0.877748731095
1542728600821442509,,3889,,1542728600,789896161,"""/world""","""vicon/obstacle18/obstacle18""",,,0.413731839113,0.812182771015,0.773052911653,,-0.0262046261803,-0.0860402346978,-0.47065784304,0.877719539696
1542728600836156003,,3890,,1542728600,806594648,"""/world""","""vicon/obstacle18/obstacle18""",,,0.4137220112,0.812232438836,0.773054721707,,-0.0260471145002,-0.085744419217,-0.470807282916,0.877673028384
1542728600852912208,,3891,,1542728600,823190717,"""/world""","""vicon/obstacle18/obstacle18""",,,0.413722083469,0.81225450918,0.773049119817,,-0.0260402901148,-0.0857726722448,-0.470763064232,0.877694188965
1542728600867533832,,3892,,1542728600,839916072,"""/world""","""vicon/obstacle18/obstacle18""",,,0.4137321354,0.81222704229,0.773041566456,,-0.0262925612402,-0.085888437574,-0.470717516157,0.877699776403
1542728600884119942,,3893,,1542728600,856508914,"""/world""","""vicon/obstacle18/obstacle18""",,,0.413735879399,0.812184495424,0.773051134718,,-0.0263102914118,-0.0859631518817,-0.470654786471,0.877725570469
1542728600901445826,,3894,,1542728600,873144179,"""/world""","""vicon/obstacle18/obstacle18""",,,0.413726655934,0.812176712917,0.773054653545,,-0.0262490203577,-0.0860317256744,-0.470643907564,0.877726519698
1542728600917478951,,3895,,1542728600,889922100,"""/world""","""vicon/obstacle18/obstacle18""",,,0.413729327171,0.812226825414,0.773042961405,,-0.0261763403381,-0.0858879701876,-0.470705278706,0.877709858884
1542728600935046375,,3896,,1542728600,906663749,"""/world""","""vicon/obstacle18/obstacle18""",,,0.41372177137,0.812271598049,0.773055209034,,-0.0260235566592,-0.0857410408893,-0.470838775383,0.877657163135
1542728600951105137,,3897,,1542728600,923243342,"""/world""","""vicon/obstacle18/obstacle18""",,,0.413724241305,0.812229083013,0.773050580227,,-0.0262146850761,-0.0858836187586,-0.470670986343,0.877727530006
1542728600968595118,,3898,,1542728600,939911762,"""/world""","""vicon/obstacle18/obstacle18""",,,0.413739197957,0.812171796795,0.773052069547,,-0.0263060165758,-0.0860005512931,-0.470669283409,0.877714261206
1542728600985191088,,3899,,1542728600,956531130,"""/world""","""vicon/obstacle18/obstacle18""",,,0.413739844714,0.812186157876,0.773046576681,,-0.0262252873547,-0.0859554163311,-0.470676825814,0.877717053696
1542728601002123425,,3900,,1542728600,973240940,"""/world""","""vicon/obstacle18/obstacle18""",,,0.413719903149,0.812233157275,0.773043627032,,-0.0262018556324,-0.0859452750458,-0.470753624678,0.877677558852
1542728601018413525,,3901,,1542728600,989910223,"""/world""","""vicon/obstacle18/obstacle18""",,,0.413726416266,0.812269116725,0.773046556452,,-0.0261439361053,-0.0857728474734,-0.470820291724,0.8776603934
1542728601036375377,,3902,,1542728601,6584963,"""/world""","""vicon/obstacle18/obstacle18""",,,0.413730965218,0.812231483407,0.773063528212,,-0.0261145247703,-0.0857892834206,-0.470777183019,0.877682786885
1542728601053410950,,3903,,1542728601,23247088,"""/world""","""vicon/obstacle18/obstacle18""",,,0.413731457698,0.81217374059,0.773061896284,,-0.0263590077896,-0.0859739566633,-0.470659569227,0.877720485906
1542728601068990040,,3904,,1542728601,39870778,"""/world""","""vicon/obstacle18/obstacle18""",,,0.413739029771,0.812189477449,0.773045074636,,-0.0262501807208,-0.0859759363549,-0.470627967162,0.877740498613
1542728601085619834,,3905,,1542728601,56522163,"""/world""","""vicon/obstacle18/obstacle18""",,,0.413734317036,0.81224396157,0.773042909174,,-0.0261827660259,-0.085868348178,-0.470724616367,0.877701216298
1542728601102294732,,3906,,1542728601,73226412,"""/world""","""vicon/obstacle18/obstacle18""",,,0.41372085823,0.8122579656,0.773048763307,,-0.0261684549334,-0.0857945637968,-0.470758337294,0.877690772799
1542728601117380868,,3907,,1542728601,89914780,"""/world""","""vicon/obstacle18/obstacle18""",,,0.413724810028,0.812218247647,0.773061866051,,-0.0261290345026,-0.0858318252482,-0.470723163349,0.877707169172
1542728601133837979,,3908,,1542728601,106603662,"""/world""","""vicon/obstacle18/obstacle18""",,,0.413733718728,0.812186345998,0.773072771918,,-0.0261633513929,-0.0858103087369,-0.470722835763,0.877708426443
1542728601154529503,,3909,,1542728601,123349006,"""/world""","""vicon/obstacle18/obstacle18""",,,0.413729959101,0.812196519132,0.773040172731,,-0.0262731807462,-0.085959279873,-0.470657582033,0.877725562264
1542728601171019705,,3910,,1542728601,139943858,"""/world""","""vicon/obstacle18/obstacle18""",,,0.413737042769,0.812235570199,0.773025124192,,-0.0263835312825,-0.0858457557701,-0.470735982871,0.877691318132
1542728601189670430,,3911,,1542728601,156613954,"""/world""","""vicon/obstacle18/obstacle18""",,,0.413726736971,0.812250107366,0.773046691088,,-0.0261967544976,-0.0858266048107,-0.470746055688,0.877693383258
1542728601200260526,,3912,,1542728601,173191390,"""/world""","""vicon/obstacle18/obstacle18""",,,0.413725152393,0.812209457603,0.773067820977,,-0.026139336633,-0.0858132552133,-0.470743195848,0.877697934299
1542728601215145820,,3913,,1542728601,190584354,"""/world""","""vicon/obstacle18/obstacle18""",,,0.413735036603,0.812179700123,0.773071958927,,-0.0262569211331,-0.0858284968279,-0.470705858341,0.877712958859
1542728601233434397,,3914,,1542728601,206483135,"""/world""","""vicon/obstacle18/obstacle18""",,,0.413735122222,0.812210100005,0.773045111081,,-0.0261167536152,-0.0858893706412,-0.470694880715,0.877717073128
1542728601249367303,,3915,,1542728601,223206728,"""/world""","""vicon/obstacle18/obstacle18""",,,0.413729484032,0.812257081832,0.773035969088,,-0.0261693647733,-0.0858734464224,-0.470718315938,0.877704496164
1542728601270214375,,3916,,1542728601,239900788,"""/world""","""vicon/obstacle18/obstacle18""",,,0.413731622723,0.812235735034,0.773039244366,,-0.0262845770132,-0.0858823065577,-0.470720114131,0.877699222162
1542728601286936378,,3917,,1542728601,256570403,"""/world""","""vicon/obstacle18/obstacle18""",,,0.413733533497,0.812203311863,0.773081371899,,-0.0260719921198,-0.0857591806904,-0.470810996348,0.877668855476
1542728601302788844,,3918,,1542728601,273222438,"""/world""","""vicon/obstacle18/obstacle18""",,,0.413727906423,0.812194433389,0.773086994861,,-0.0261321858827,-0.0857682595709,-0.470706672393,0.877722133181
1542728601318613358,,3919,,1542728601,289905288,"""/world""","""vicon/obstacle18/obstacle18""",,,0.41373342634,0.812212986969,0.773053240086,,-0.0262396239483,-0.0858569664819,-0.470702095711,0.877712709567
1542728601334896187,,3920,,1542728601,306588843,"""/world""","""vicon/obstacle18/obstacle18""",,,0.413731955415,0.812257860118,0.773035023906,,-0.0261951727466,-0.085799206184,-0.470799926666,0.877667213809
1542728601351452121,,3921,,1542728601,323176279,"""/world""","""vicon/obstacle18/obstacle18""",,,0.413727439644,0.812242476218,0.773045333734,,-0.026189925352,-0.085833686604,-0.470798878573,0.877664561201
1542728601368247399,,3922,,1542728601,339871132,"""/world""","""vicon/obstacle18/obstacle18""",,,0.413733318228,0.812184332406,0.773069103125,,-0.0262750267837,-0.0859494563064,-0.470678013146,0.877715513062
1542728601384628684,,3923,,1542728601,356581185,"""/world""","""vicon/obstacle18/obstacle18""",,,0.413738334431,0.812189302106,0.773090506501,,-0.0261157908235,-0.0858219900508,-0.470758109613,0.877689782171
1542728601401566478,,3924,,1542728601,373181194,"""/world""","""vicon/obstacle18/obstacle18""",,,0.413729513998,0.812222089088,0.773064273583,,-0.0261996270096,-0.0858296166038,-0.470701081925,0.877717122957
1542728601418579478,,3925,,1542728601,389929316,"""/world""","""vicon/obstacle18/obstacle18""",,,0.413726751105,0.812246948063,0.773024809327,,-0.0262734992576,-0.0858545468982,-0.470692668685,0.877716988363
1542728601435288912,,3926,,1542728601,406594536,"""/world""","""vicon/obstacle18/obstacle18""",,,0.413730225461,0.812246699391,0.773042277521,,-0.0261858748188,-0.0858868996127,-0.470730586319,0.877696106599
1542728601451826117,,3927,,1542728601,423174940,"""/world""","""vicon/obstacle18/obstacle18""",,,0.413726728338,0.812196171392,0.773071765639,,-0.0261589296334,-0.0858557741864,-0.470717863802,0.877706778564
1542728601468801290,,3928,,1542728601,439930604,"""/world""","""vicon/obstacle18/obstacle18""",,,0.413734483614,0.812181656535,0.77307971363,,-0.0261942156775,-0.0858188522841,-0.470765376185,0.877683854382
1542728601484493042,,3929,,1542728601,456561658,"""/world""","""vicon/obstacle18/obstacle18""",,,0.413740988574,0.812219240671,0.773069351889,,-0.026159892888,-0.0858085815374,-0.470778762459,0.877678702121
1542728601501317289,,3930,,1542728601,473222623,"""/world""","""vicon/obstacle18/obstacle18""",,,0.413721063328,0.812244865626,0.773043958067,,-0.0260967064584,-0.0859012980606,-0.470639842557,0.877746015372
1542728601517850062,,3931,,1542728601,489866512,"""/world""","""vicon/obstacle18/obstacle18""",,,0.413722115457,0.81223640075,0.773031021632,,-0.0262818859969,-0.0858608377734,-0.470698538381,0.877712974139
1542728601537450795,,3932,,1542728601,506566963,"""/world""","""vicon/obstacle18/obstacle18""",,,0.413735188917,0.81221931506,0.773072605197,,-0.0260113328343,-0.085764479168,-0.470767740394,0.877693340115
1542728601551302844,,3933,,1542728601,523167766,"""/world""","""vicon/obstacle18/obstacle18""",,,0.413726360487,0.812195557526,0.773081775369,,-0.0260948903339,-0.0858677860208,-0.470735534611,0.877698032627
1542728601568609909,,3934,,1542728601,539909606,"""/world""","""vicon/obstacle18/obstacle18""",,,0.413739217189,0.812201533243,0.773060009174,,-0.0261779612207,-0.0859059067722,-0.470658848646,0.877732953534
1542728601587430857,,3935,,1542728601,556577104,"""/world""","""vicon/obstacle18/obstacle18""",,,0.413734670048,0.812240531713,0.773053548131,,-0.0261357185462,-0.085873407592,-0.470724857707,0.877701994085
1542728601600626513,,3936,,1542728601,573226428,"""/world""","""vicon/obstacle18/obstacle18""",,,0.413722644916,0.81223811545,0.773044296224,,-0.0261757572844,-0.0859049483753,-0.470699113612,0.877711520957
1542728601618372150,,3937,,1542728601,589936189,"""/world""","""vicon/obstacle18/obstacle18""",,,0.413721552708,0.812214186743,0.773057715674,,-0.0262121381537,-0.085851930105,-0.470693090297,0.877718852855
1542728601638413081,,3938,,1542728601,607516138,"""/world""","""vicon/obstacle18/obstacle18""",,,0.41373638279,0.812211037354,0.773085322608,,-0.0261287306755,-0.0857577214977,-0.47079288399,0.8776770266
1542728601652467326,,3939,,1542728601,623197893,"""/world""","""vicon/obstacle18/obstacle18""",,,0.413730533607,0.812207361988,0.773062871473,,-0.0261582160554,-0.0859309215396,-0.470678996291,0.877720289674
1542728601668632271,,3940,,1542728601,639923885,"""/world""","""vicon/obstacle18/obstacle18""",,,0.413732577332,0.812223672489,0.773042860105,,-0.0262969609769,-0.0859002177497,-0.470698655304,0.877708606731
1542728601684929751,,3941,,1542728601,656516011,"""/world""","""vicon/obstacle18/obstacle18""",,,0.413738155764,0.812233033183,0.773047125472,,-0.0262082070526,-0.0857939100326,-0.470756790577,0.877690480186
1542728601703039617,,3942,,1542728601,673191707,"""/world""","""vicon/obstacle18/obstacle18""",,,0.413727457399,0.812215496638,0.773061279493,,-0.0261893382261,-0.0858719294834,-0.470722456912,0.877701827986
1542728601719002289,,3943,,1542728601,689880226,"""/world""","""vicon/obstacle18/obstacle18""",,,0.413727995,0.812197943369,0.773071024531,,-0.0261517948897,-0.0858751882357,-0.470776580413,0.877673599355
1542728601734191626,,3944,,1542728601,706602994,"""/world""","""vicon/obstacle18/obstacle18""",,,0.413732550672,0.812217632837,0.773068633738,,-0.0261310141014,-0.0858176175076,-0.470782644599,0.877676596573
1542728601752211234,,3945,,1542728601,723231456,"""/world""","""vicon/obstacle18/obstacle18""",,,0.413719886983,0.812236972797,0.77305120392,,-0.0262170297259,-0.0858814198614,-0.470695428757,0.87771456774
1542728601767912933,,3946,,1542728601,739908544,"""/world""","""vicon/obstacle18/obstacle18""",,,0.413726942852,0.812227574905,0.773044299145,,-0.0262528033832,-0.085805921399,-0.470723844504,0.877705643358
1542728601785034405,,3947,,1542728601,756592646,"""/world""","""vicon/obstacle18/obstacle18""",,,0.413738814816,0.812219314173,0.773059228496,,-0.0261706914939,-0.0859210622083,-0.470708337702,0.877705147982
1542728601802496804,,3948,,1542728601,773241199,"""/world""","""vicon/obstacle18/obstacle18""",,,0.413731531078,0.812193798946,0.773072058542,,-0.0261627381237,-0.0859014308015,-0.4707395999,0.877690540228
1542728601820759595,,3949,,1542728601,789956691,"""/world""","""vicon/obstacle18/obstacle18""",,,0.413730705448,0.812195364172,0.773064187543,,-0.0262693404553,-0.0858951701838,-0.470740048817,0.877687728028
1542728601836348053,,3950,,1542728601,806578384,"""/world""","""vicon/obstacle18/obstacle18""",,,0.41372683537,0.812239760976,0.773048605344,,-0.0261047928291,-0.0858347911371,-0.470758088094,0.877688869085
1542728601853528402,,3951,,1542728601,823210543,"""/world""","""vicon/obstacle18/obstacle18""",,,0.413723713302,0.812255287944,0.773048676185,,-0.0260803894027,-0.0858003463438,-0.470739461088,0.877702952957
1542728601870448152,,3952,,1542728601,839851577,"""/world""","""vicon/obstacle18/obstacle18""",,,0.413727339628,0.812219437889,0.773062650376,,-0.026189073415,-0.0858056156912,-0.470712562399,0.877713627756
1542728601887381633,,3953,,1542728601,856517119,"""/world""","""vicon/obstacle18/obstacle18""",,,0.413745242434,0.812184168377,0.773065141364,,-0.0261935252824,-0.0858999463552,-0.470721491398,0.877699479313
1542728601905065793,,3954,,1542728601,873148876,"""/world""","""vicon/obstacle18/obstacle18""",,,0.413735600547,0.812189995261,0.773068333338,,-0.0262861278514,-0.0858622800677,-0.470741607478,0.877689607625
1542728601918583541,,3955,,1542728601,889873641,"""/world""","""vicon/obstacle18/obstacle18""",,,0.413720076312,0.812230920098,0.773051284646,,-0.0262114018678,-0.0858297384751,-0.470763047149,0.877683526018
1542728601936851945,,3956,,1542728601,906605930,"""/world""","""vicon/obstacle18/obstacle18""",,,0.41372420975,0.812263020735,0.773032195874,,-0.0261118478852,-0.0857996126025,-0.470761539074,0.87769024787
1542728601953999163,,3957,,1542728601,923243399,"""/world""","""vicon/obstacle18/obstacle18""",,,0.413725325164,0.812246445364,0.773066197527,,-0.0260017261618,-0.0857380285067,-0.470804094262,0.877676709005
1542728601968979112,,3958,,1542728601,939921702,"""/world""","""vicon/obstacle18/obstacle18""",,,0.413733075556,0.812176557501,0.773074202178,,-0.0263185873763,-0.0860550044333,-0.470616640653,0.877736774728
1542728601983427294,,3959,,1542728601,956528789,"""/world""","""vicon/obstacle18/obstacle18""",,,0.413742750679,0.812178138315,0.773069483,,-0.0262849657844,-0.0859799738866,-0.470661180671,0.877721252832
1542728602000356945,,3960,,1542728601,973115591,"""/world""","""vicon/obstacle18/obstacle18""",,,0.413730491325,0.812227647499,0.773051133337,,-0.0262541833914,-0.0857231800433,-0.47083994863,0.877651409748
1542728602019898336,,3961,,1542728601,989910209,"""/world""","""vicon/obstacle18/obstacle18""",,,0.413714971409,0.812265743787,0.773028636179,,-0.0261348831189,-0.0858166501326,-0.470720929923,0.877709676702
1542728602038624785,,3962,,1542728602,6560302,"""/world""","""vicon/obstacle18/obstacle18""",,,0.413725877674,0.812252655413,0.773054860096,,-0.0261445904484,-0.0857557396942,-0.470718508357,0.877716639577
1542728602052579999,,3963,,1542728602,23189137,"""/world""","""vicon/obstacle18/obstacle18""",,,0.413736173407,0.812183734042,0.773086166438,,-0.0262385244778,-0.0859190935472,-0.470701728725,0.877706859819
1542728602069598812,,3964,,1542728602,39888824,"""/world""","""vicon/obstacle18/obstacle18""",,,0.413732038308,0.812164459028,0.773076362447,,-0.0263275468165,-0.0860846989932,-0.47058308521,0.877751584899
1542728602085226791,,3965,,1542728602,56549484,"""/world""","""vicon/obstacle18/obstacle18""",,,0.413736301457,0.812213734563,0.77304142465,,-0.026160091006,-0.0859728836224,-0.470693720987,0.877708228253
1542728602101869668,,3966,,1542728602,73236070,"""/world""","""vicon/obstacle18/obstacle18""",,,0.413720049106,0.812268046603,0.773025012906,,-0.0261899527246,-0.0857563533548,-0.470795834215,0.877673753009
1542728602120422066,,3967,,1542728602,89974400,"""/world""","""vicon/obstacle18/obstacle18""",,,0.413720633709,0.812246162254,0.773042915425,,-0.0261052346222,-0.0859063363205,-0.470658863928,0.877735069319
1542728602135812362,,3968,,1542728602,106557648,"""/world""","""vicon/obstacle18/obstacle18""",,,0.413735709181,0.812184580212,0.773087733464,,-0.026301564128,-0.085922247248,-0.470696400431,0.877707521771
1542728602152852191,,3969,,1542728602,123182368,"""/world""","""vicon/obstacle18/obstacle18""",,,0.413736259928,0.812172758222,0.773083851012,,-0.0262334155395,-0.0859285724164,-0.470671412198,0.877722342254
1542728602168092050,,3970,,1542728602,139892186,"""/world""","""vicon/obstacle18/obstacle18""",,,0.413733884317,0.812220339701,0.773044094581,,-0.0261273447493,-0.0858845037567,-0.470758692948,0.87768301048
1542728602184092697,,3971,,1542728602,156522673,"""/world""","""vicon/obstacle18/obstacle18""",,,0.413721567738,0.812263589308,0.77302928898,,-0.0261013795284,-0.0858737069297,-0.470751853847,0.877688507698
1542728602200842133,,3972,,1542728602,173209448,"""/world""","""vicon/obstacle18/obstacle18""",,,0.413723515914,0.812250908922,0.773051594872,,-0.0261381058667,-0.085770388131,-0.470759000939,0.877693684025
1542728602216543592,,3973,,1542728602,190030273,"""/world""","""vicon/obstacle18/obstacle18""",,,0.413727294911,0.812186260032,0.773096165019,,-0.0262090614015,-0.0858368005111,-0.470722696593,0.877704546924
1542728602232163530,,3974,,1542728602,206503891,"""/world""","""vicon/obstacle18/obstacle18""",,,0.413735460791,0.812168152684,0.773091274333,,-0.026341214488,-0.0859794541603,-0.470704528812,0.877696371439
1542728602250255129,,3975,,1542728602,223153495,"""/world""","""vicon/obstacle18/obstacle18""",,,0.4137333146,0.81222740754,0.773044516049,,-0.0261397030427,-0.0858611679694,-0.470766507296,0.877680734304
1542728602268299012,,3976,,1542728602,239881894,"""/world""","""vicon/obstacle18/obstacle18""",,,0.413725055856,0.812265417479,0.773023540891,,-0.0260852059574,-0.0859100134139,-0.470693711234,0.87771661818
1542728602285284870,,3977,,1542728602,256676835,"""/world""","""vicon/obstacle18/obstacle18""",,,0.413727817812,0.81223402078,0.773045271649,,-0.0262378530468,-0.0858135502905,-0.470751629751,0.877690442435
1542728602301360892,,3978,,1542728602,273186678,"""/world""","""vicon/obstacle18/obstacle18""",,,0.413733330506,0.812188971955,0.773094244322,,-0.026189911909,-0.0858181302964,-0.470741010781,0.877697121902
1542728602316761762,,3979,,1542728602,289853004,"""/world""","""vicon/obstacle18/obstacle18""",,,0.413735756677,0.812177675793,0.773095456625,,-0.0261821986407,-0.0858936977063,-0.47068521541,0.877719883085
1542728602335011735,,3980,,1542728602,306559189,"""/world""","""vicon/obstacle18/obstacle18""",,,0.413735354475,0.812227967976,0.77304423775,,-0.0261944852622,-0.0859127552645,-0.470688885408,0.877715683225
1542728602350304096,,3981,,1542728602,323178822,"""/world""","""vicon/obstacle18/obstacle18""",,,0.413732683224,0.812270019381,0.773021294236,,-0.0261159428871,-0.0858430623921,-0.470743820369,0.877695380955
1542728602367810279,,3982,,1542728602,339801885,"""/world""","""vicon/obstacle18/obstacle18""",,,0.413726112471,0.812222412395,0.773048399787,,-0.0262795427725,-0.0857905445405,-0.470737568812,0.877698985648
1542728602385347435,,3983,,1542728602,356572620,"""/world""","""vicon/obstacle18/obstacle18""",,,0.41372918573,0.812173171787,0.773084972771,,-0.0262473909143,-0.0859080396623,-0.470690331148,0.877713788974
1542728602403043718,,3984,,1542728602,373271866,"""/world""","""vicon/obstacle18/obstacle18""",,,0.413734754612,0.812193817542,0.773102350217,,-0.0260822186339,-0.0858493582068,-0.470745532285,0.87769484982
1542728602419527199,,3985,,1542728602,389926782,"""/world""","""vicon/obstacle18/obstacle18""",,,0.413733299172,0.81223759204,0.773051624492,,-0.0261580424591,-0.0858183523752,-0.470787910756,0.877672894817
1542728602436147235,,3986,,1542728602,406615203,"""/world""","""vicon/obstacle18/obstacle18""",,,0.41372958754,0.81225524128,0.773018489596,,-0.0261055544876,-0.0859276839971,-0.470704830982,0.877708320137
1542728602452132223,,3987,,1542728602,423215082,"""/world""","""vicon/obstacle18/obstacle18""",,,0.413735132637,0.812217253998,0.773045464494,,-0.0261932320855,-0.0859476003124,-0.470660081047,0.877727755459
1542728602469257264,,3988,,1542728602,439998818,"""/world""","""vicon/obstacle18/obstacle18""",,,0.413730748158,0.812168976753,0.773086500804,,-0.0262544705613,-0.0859385583963,-0.470658333364,0.877727748332
1542728602484744063,,3989,,1542728602,456556287,"""/world""","""vicon/obstacle18/obstacle18""",,,0.413731691615,0.812187163202,0.773088242025,,-0.0260558308319,-0.0859138788121,-0.470666463355,0.877731724036
1542728602503240680,,3990,,1542728602,473178823,"""/world""","""vicon/obstacle18/obstacle18""",,,0.413731544227,0.812254161322,0.773069331157,,-0.0260791397515,-0.0857175041558,-0.470795230714,0.877681171433
1542728602519575656,,3991,,1542728602,489912207,"""/world""","""vicon/obstacle18/obstacle18""",,,0.413724183203,0.812261952461,0.773026163764,,-0.0261969504686,-0.0857871829179,-0.470768046886,0.877685436283
1542728602536777858,,3992,,1542728602,506510395,"""/world""","""vicon/obstacle18/obstacle18""",,,0.413732071294,0.812206223535,0.773044256929,,-0.0262982459587,-0.0860262937242,-0.470672823561,0.877710072979
1542728602553603766,,3993,,1542728602,523177378,"""/world""","""vicon/obstacle18/obstacle18""",,,0.413743735974,0.81216640723,0.773086779962,,-0.0262687237522,-0.0858916652978,-0.470728997542,0.877694016647
1542728602569190457,,3994,,1542728602,539912140,"""/world""","""vicon/obstacle18/obstacle18""",,,0.413732693885,0.812193958592,0.77308847782,,-0.0262333689056,-0.0859225346825,-0.470690594244,0.87771264824
1542728602587027875,,3995,,1542728602,556562052,"""/world""","""vicon/obstacle18/obstacle18""",,,0.413726384444,0.812253029031,0.773055038868,,-0.0262267153785,-0.0857730570451,-0.47080164898,0.877667903824
1542728602603211456,,3996,,1542728602,573167776,"""/world""","""vicon/obstacle18/obstacle18""",,,0.413727996296,0.812271768941,0.773038527629,,-0.0260166192857,-0.0857336757349,-0.470813714568,0.877671532261
1542728602618954765,,3997,,1542728602,589922816,"""/world""","""vicon/obstacle18/obstacle18""",,,0.413730982559,0.812210785733,0.77304411494,,-0.0263077856825,-0.0858642263018,-0.470717858498,0.877701505493
1542728602635215394,,3998,,1542728602,606535571,"""/world""","""vicon/obstacle18/obstacle18""",,,0.413738563116,0.812155117574,0.773079234235,,-0.0263025730603,-0.0859372084499,-0.470623288674,0.877745231267
1542728602652981126,,3999,,1542728602,623229517,"""/world""","""vicon/obstacle18/obstacle18""",,,0.413738855575,0.812187783884,0.773084103231,,-0.0262874943739,-0.0858554788092,-0.470763646348,0.877678411307
1542728602669856300,,4000,,1542728602,639917999,"""/world""","""vicon/obstacle18/obstacle18""",,,0.41372669898,0.812255647119,0.773059033284,,-0.0260356262033,-0.0858138904626,-0.470711446056,0.877717982568
1542728602686382769,,4001,,1542728602,656641201,"""/world""","""vicon/obstacle18/obstacle18""",,,0.413720394042,0.812271812431,0.773031780203,,-0.0260618520793,-0.0857892085602,-0.470758932807,0.877694148746
1542728602703220611,,4002,,1542728602,673243243,"""/world""","""vicon/obstacle18/obstacle18""",,,0.413729660367,0.812219653787,0.773049185762,,-0.0261679676673,-0.0859750711312,-0.470662512149,0.877724515022
1542728602719774470,,4003,,1542728602,689982709,"""/world""","""vicon/obstacle18/obstacle18""",,,0.413737480891,0.812169169449,0.773074613475,,-0.026349307638,-0.0860701217277,-0.47060328872,0.877741529597
1542728602734748845,,4004,,1542728602,706562765,"""/world""","""vicon/obstacle18/obstacle18""",,,0.413734857613,0.812173350189,0.77308302063,,-0.0263606977055,-0.0860200327623,-0.470630427102,0.877731547038
1542728602751842560,,4005,,1542728602,723218117,"""/world""","""vicon/obstacle18/obstacle18""",,,0.413733601819,0.812243380903,0.773050996407,,-0.0261982050698,-0.0858740273131,-0.470731646432,0.8776964296
1542728602768335710,,4006,,1542728602,739956645,"""/world""","""vicon/obstacle18/obstacle18""",,,0.413718299874,0.812271630239,0.773041849778,,-0.0260810568375,-0.0857277322399,-0.470796817563,0.877679264294
1542728602786588675,,4007,,1542728602,756611521,"""/world""","""vicon/obstacle18/obstacle18""",,,0.413722788572,0.812220480506,0.773044202383,,-0.0261780938684,-0.0858836876733,-0.470732674533,0.877695533041
1542728602802951212,,4008,,1542728602,773209632,"""/world""","""vicon/obstacle18/obstacle18""",,,0.413731942348,0.812179477403,0.77306602563,,-0.026262230915,-0.0859780782883,-0.470606541578,0.877751416008
1542728602819477274,,4009,,1542728602,789877766,"""/world""","""vicon/obstacle18/obstacle18""",,,0.413739575039,0.812183502384,0.773080223503,,-0.0262232664192,-0.085993523695,-0.47066860569,0.877717789382
1542728602837047197,,4010,,1542728602,806642453,"""/world""","""vicon/obstacle18/obstacle18""",,,0.413728415227,0.812221690405,0.773060911932,,-0.0262856772472,-0.0858332187533,-0.470757688952,0.877683838306
1542728602852950201,,4011,,1542728602,823226298,"""/world""","""vicon/obstacle18/obstacle18""",,,0.413724663245,0.812256369768,0.773046564482,,-0.0260920961894,-0.0857638729899,-0.47081317107,0.877666632927
1542728602870325284,,4012,,1542728602,839948253,"""/world""","""vicon/obstacle18/obstacle18""",,,0.413728080026,0.812225823067,0.773050236848,,-0.0260474209508,-0.0858647487032,-0.470745061593,0.87769463014
1542728602885352809,,4013,,1542728602,856592074,"""/world""","""vicon/obstacle18/obstacle18""",,,0.413724869614,0.812183494692,0.773068114535,,-0.0262598178216,-0.0858794770613,-0.470700610669,0.877710699777
1542728602901946227,,4014,,1542728602,873184594,"""/world""","""vicon/obstacle18/obstacle18""",,,0.413736129621,0.812194229915,0.773074303117,,-0.0262750392763,-0.0858429541233,-0.470758472424,0.877682784484
1542728602916121578,,4015,,1542728602,889870359,"""/world""","""vicon/obstacle18/obstacle18""",,,0.413733338181,0.812226383206,0.773068854499,,-0.0260831913009,-0.0859238808518,-0.470761053431,0.877679203584
1542728602932524284,,4016,,1542728602,906506483,"""/world""","""vicon/obstacle18/obstacle18""",,,0.413725855421,0.812240381364,0.773048503658,,-0.0261049976415,-0.0858462808682,-0.470783428444,0.877674147199
1542728602951026520,,4017,,1542728602,923204992,"""/world""","""vicon/obstacle18/obstacle18""",,,0.41372770349,0.81222668421,0.77306042815,,-0.0260756095794,-0.0858658883864,-0.470762460703,0.877684349518
1542728602969154992,,4018,,1542728602,939893887,"""/world""","""vicon/obstacle18/obstacle18""",,,0.413728040968,0.812195274881,0.773062629876,,-0.0261948345349,-0.0859010986298,-0.470691362149,0.877715485505
1542728602987881030,,4019,,1542728602,956676162,"""/world""","""vicon/obstacle18/obstacle18""",,,0.413730383303,0.812197679223,0.773065153442,,-0.0261949127367,-0.0859226578288,-0.470640342234,0.877740731469
1542728603001339750,,4020,,1542728602,973127631,"""/world""","""vicon/obstacle18/obstacle18""",,,0.413731608256,0.812231285281,0.77306255495,,-0.0261955016813,-0.0858475096576,-0.470739289052,0.877695005409
1542728603015817491,,4021,,1542728602,989932356,"""/world""","""vicon/obstacle18/obstacle18""",,,0.413728214768,0.812234727513,0.7730550984,,-0.0261151807386,-0.0858584822916,-0.470735526153,0.877698343835
1542728603033166000,,4022,,1542728603,6513877,"""/world""","""vicon/obstacle18/obstacle18""",,,0.413727687064,0.812222644717,0.773052239611,,-0.0261232114292,-0.0858906037176,-0.470711837954,0.877707666383
1542728603052295745,,4023,,1542728603,23195228,"""/world""","""vicon/obstacle18/obstacle18""",,,0.41373182549,0.812202176105,0.773056659215,,-0.0261979181336,-0.0858558415153,-0.470692119058,0.877719415656
1542728603067482810,,4024,,1542728603,39911338,"""/world""","""vicon/obstacle18/obstacle18""",,,0.413732556125,0.81219532501,0.7730517998,,-0.0262744850586,-0.085973609278,-0.470655606218,0.877725179243
1542728603082804030,,4025,,1542728603,56561606,"""/world""","""vicon/obstacle18/obstacle18""",,,0.413731879497,0.812229804167,0.773062787015,,-0.026151714709,-0.085935614201,-0.470675180075,0.877722070413
1542728603100639115,,4026,,1542728603,73252408,"""/world""","""vicon/obstacle18/obstacle18""",,,0.413731064885,0.812236658634,0.773053794639,,-0.0261021279869,-0.0858836221231,-0.470705690216,0.877712273791
1542728603119124667,,4027,,1542728603,89913459,"""/world""","""vicon/obstacle18/obstacle18""",,,0.413725027058,0.812219512707,0.773048899447,,-0.0261246895247,-0.0859118995395,-0.47065620786,0.87773537021
1542728603135419493,,4028,,1542728603,106586969,"""/world""","""vicon/obstacle18/obstacle18""",,,0.413730362852,0.812203156902,0.773057280984,,-0.0261610399426,-0.0859515501459,-0.47069250463,0.877710941655
1542728603152652435,,4029,,1542728603,123186197,"""/world""","""vicon/obstacle18/obstacle18""",,,0.413732116083,0.812203930618,0.773062770967,,-0.0263023230418,-0.0858639508011,-0.470741530327,0.877689000376
1542728603169122166,,4030,,1542728603,139914422,"""/world""","""vicon/obstacle18/obstacle18""",,,0.413734103633,0.812226653657,0.773057320926,,-0.0262679215948,-0.0857684500222,-0.470731770023,0.877704602909
1542728603186066895,,4031,,1542728603,156526621,"""/world""","""vicon/obstacle18/obstacle18""",,,0.413726618982,0.812240587565,0.773054961424,,-0.026139382367,-0.0857661370203,-0.470818355077,0.877662223724
1542728603202028055,,4032,,1542728603,173267006,"""/world""","""vicon/obstacle18/obstacle18""",,,0.413722290109,0.812228474881,0.773050222602,,-0.026114509359,-0.0858894179031,-0.470687347662,0.877721175
1542728603218033037,,4033,,1542728603,189940834,"""/world""","""vicon/obstacle18/obstacle18""",,,0.413728854878,0.81220489878,0.773048753246,,-0.0261764154995,-0.0858727464189,-0.470733732069,0.877696086459
1542728603236043140,,4034,,1542728603,206600613,"""/world""","""vicon/obstacle18/obstacle18""",,,0.413731362422,0.812197324354,0.773068437097,,-0.026201874408,-0.0858544218014,-0.470696361535,0.877717161318
1542728603252231659,,4035,,1542728603,223212629,"""/world""","""vicon/obstacle18/obstacle18""",,,0.413734330753,0.812215256201,0.773062415938,,-0.0261808510463,-0.0858985519326,-0.470672984452,0.87772600709
1542728603267022108,,4036,,1542728603,239938899,"""/world""","""vicon/obstacle18/obstacle18""",,,0.413728210472,0.812241084994,0.773047338346,,-0.0262510179263,-0.0857748434864,-0.47076604456,0.87768610082
1542728603282978524,,4037,,1542728603,256505021,"""/world""","""vicon/obstacle18/obstacle18""",,,0.413719349002,0.812237511117,0.773050087812,,-0.0261502077124,-0.0857444466737,-0.470787617139,0.877680509098
1542728603299828138,,4038,,1542728603,274691860,"""/world""","""vicon/obstacle18/obstacle18""",,,0.413723453352,0.812209067414,0.773062728365,,-0.0261262324986,-0.0859047523782,-0.470736052831,0.877693204975
1542728603314824541,,4039,,1542728603,290227264,"""/world""","""vicon/obstacle18/obstacle18""",,,0.413735706224,0.812201074741,0.773071102031,,-0.0262325448954,-0.0857807737738,-0.470741468102,0.87769925524
1542728603334866665,,4040,,1542728603,306507093,"""/world""","""vicon/obstacle18/obstacle18""",,,0.413733782262,0.812206407036,0.773062664468,,-0.0262120823039,-0.0859526926092,-0.47066251281,0.877725390091
1542728603351433303,,4041,,1542728603,323185520,"""/world""","""vicon/obstacle18/obstacle18""",,,0.413726937872,0.812240623075,0.773052882735,,-0.0261347946469,-0.0857901517119,-0.470748973333,0.877697229393
1542728603369484886,,4042,,1542728603,339862913,"""/world""","""vicon/obstacle18/obstacle18""",,,0.413720556434,0.812247308438,0.773060718787,,-0.0260627207442,-0.0856342067642,-0.470849269341,0.877660801665
1542728603386505073,,4043,,1542728603,356550512,"""/world""","""vicon/obstacle18/obstacle18""",,,0.413723765479,0.812214240766,0.77305701739,,-0.0261751546905,-0.0858927480629,-0.470715099994,0.87770415958
1542728603402729285,,4044,,1542728603,373210322,"""/world""","""vicon/obstacle18/obstacle18""",,,0.413730735324,0.812199710109,0.773079911925,,-0.0261220752597,-0.0858867647924,-0.470727914322,0.877699453968
1542728603419581993,,4045,,1542728603,389941567,"""/world""","""vicon/obstacle18/obstacle18""",,,0.413743536765,0.812204238272,0.773073110871,,-0.0261042542532,-0.0858984786582,-0.470705748566,0.877710725433
1542728603436511934,,4046,,1542728603,406565496,"""/world""","""vicon/obstacle18/obstacle18""",,,0.413731056262,0.812238786728,0.773052628519,,-0.0260682785433,-0.085819081435,-0.470735131689,0.877703803062
1542728603453203542,,4047,,1542728603,423239190,"""/world""","""vicon/obstacle18/obstacle18""",,,0.413723995028,0.812244307982,0.773042187637,,-0.0260376063642,-0.0858524607206,-0.470746271911,0.877695474253
1542728603469829612,,4048,,1542728603,439921138,"""/world""","""vicon/obstacle18/obstacle18""",,,0.413726401903,0.812218445393,0.773063629394,,-0.0262086439646,-0.0857918249559,-0.470725875233,0.877707251957
1542728603485402903,,4049,,1542728603,456565112,"""/world""","""vicon/obstacle18/obstacle18""",,,0.41372975043,0.812197087059,0.773074581382,,-0.0261193334235,-0.0858562765952,-0.470685607665,0.877725206957
1542728603503088820,,4050,,1542728603,473235758,"""/world""","""vicon/obstacle18/obstacle18""",,,0.413732080225,0.812210231956,0.773064953933,,-0.0262053849344,-0.0858019503005,-0.47078678438,0.877673690376
1542728603517613852,,4051,,1542728603,489911135,"""/world""","""vicon/obstacle18/obstacle18""",,,0.413735344912,0.812235178485,0.773047486184,,-0.0261180683024,-0.085824722987,-0.470781869359,0.877676702958
1542728603533853614,,4052,,1542728603,506535329,"""/world""","""vicon/obstacle18/obstacle18""",,,0.413731342847,0.812241787031,0.77303257789,,-0.0261260887613,-0.085901578096,-0.470747051925,0.877687620666
1542728603551927649,,4053,,1542728603,523221394,"""/world""","""vicon/obstacle18/obstacle18""",,,0.413723448686,0.812218806074,0.77306460649,,-0.0260577757993,-0.0858966702165,-0.470707537382,0.877711324194
1542728603569952359,,4054,,1542728603,539884905,"""/world""","""vicon/obstacle18/obstacle18""",,,0.413730954066,0.812186568286,0.773064628766,,-0.0261590156823,-0.0859734420871,-0.470665876973,0.877723137104
1542728603585975403,,4055,,1542728603,556592829,"""/world""","""vicon/obstacle18/obstacle18""",,,0.413734730747,0.812215125392,0.773066645517,,-0.0261099304164,-0.0858284498431,-0.470774929306,0.877680303224
1542728603603135771,,4056,,1542728603,573247915,"""/world""","""vicon/obstacle18/obstacle18""",,,0.413732475307,0.812242249038,0.773048235187,,-0.0261921094892,-0.0857860200381,-0.4708201884,0.877657725063
1542728603619518609,,4057,,1542728603,589953808,"""/world""","""vicon/obstacle18/obstacle18""",,,0.41373180661,0.812230346048,0.773033083522,,-0.0262029506599,-0.0860131735332,-0.470638504613,0.877732611523
1542728603636474584,,4058,,1542728603,606559905,"""/world""","""vicon/obstacle18/obstacle18""",,,0.413732472436,0.812213429221,0.773067338536,,-0.026176700002,-0.0858718504057,-0.470708637728,0.877709623995
1542728603654104557,,4059,,1542728603,623261956,"""/world""","""vicon/obstacle18/obstacle18""",,,0.413730673049,0.812183873478,0.773073832776,,-0.0261368079585,-0.0859109694538,-0.470739759804,0.877690293405
1542728603670619164,,4060,,1542728603,639950630,"""/world""","""vicon/obstacle18/obstacle18""",,,0.413732958188,0.812212651465,0.773058278939,,-0.0261212664121,-0.0858949358879,-0.470732990891,0.877695955737
1542728603684319587,,4061,,1542728603,656593117,"""/world""","""vicon/obstacle18/obstacle18""",,,0.413734981369,0.812254865614,0.773049977795,,-0.0260210101862,-0.0857709356929,-0.470763909801,0.877694476939
1542728603700463732,,4062,,1542728603,673217708,"""/world""","""vicon/obstacle18/obstacle18""",,,0.413733148816,0.81223652947,0.773045913416,,-0.0261753425995,-0.0858694917268,-0.470725936929,0.877700617598
1542728603717976835,,4063,,1542728603,689897439,"""/world""","""vicon/obstacle18/obstacle18""",,,0.41373414948,0.812195659888,0.773060869273,,-0.0263425482869,-0.0860061219695,-0.470662007977,0.877716521082
1542728603733396598,,4064,,1542728603,706592573,"""/world""","""vicon/obstacle18/obstacle18""",,,0.413735297995,0.81218197213,0.773073384971,,-0.0262107140525,-0.0858722079152,-0.470707307597,0.877709287265
1542728603753637300,,4065,,1542728603,723266367,"""/world""","""vicon/obstacle18/obstacle18""",,,0.413725889557,0.812216690124,0.773057341732,,-0.0261678509097,-0.0858777243,-0.470736601307,0.877694315942
1542728603771325165,,4066,,1542728603,739917644,"""/world""","""vicon/obstacle18/obstacle18""",,,0.413730552047,0.812260624667,0.773037447036,,-0.0260392634417,-0.0858146980348,-0.470774447475,0.877684005759
1542728603783638011,,4067,,1542728603,756549425,"""/world""","""vicon/obstacle18/obstacle18""",,,0.41373250331,0.812253501618,0.773049929333,,-0.0261847522453,-0.0858398458402,-0.470716957091,0.877708052784
1542728603803335580,,4068,,1542728603,773211687,"""/world""","""vicon/obstacle18/obstacle18""",,,0.41373466643,0.812186092673,0.773058803975,,-0.0262884190402,-0.085966538439,-0.470687607555,0.877708294018
1542728603817701525,,4069,,1542728603,789855617,"""/world""","""vicon/obstacle18/obstacle18""",,,0.413735596904,0.812169211257,0.773067232515,,-0.0262183369749,-0.0860005737569,-0.47066914924,0.877716954418
1542728603836099338,,4070,,1542728603,806551422,"""/world""","""vicon/obstacle18/obstacle18""",,,0.413729482642,0.812213342899,0.773050673415,,-0.0261672891468,-0.0859064791912,-0.470704316488,0.877708833413
1542728603851149600,,4071,,1542728603,823211028,"""/world""","""vicon/obstacle18/obstacle18""",,,0.413721272773,0.812263250549,0.773026602932,,-0.026079071775,-0.0858310277675,-0.470749693009,0.877694504495
1542728603867464897,,4072,,1542728603,839887874,"""/world""","""vicon/obstacle18/obstacle18""",,,0.413731803637,0.812265624239,0.773050849812,,-0.0260395983361,-0.0856727636965,-0.470796735651,0.877685906563
1542728603883832017,,4073,,1542728603,856562345,"""/world""","""vicon/obstacle18/obstacle18""",,,0.413736771908,0.812195784038,0.773070964955,,-0.0262436332091,-0.0860350188481,-0.470660391278,0.877717519097
1542728603900918740,,4074,,1542728603,873232024,"""/world""","""vicon/obstacle18/obstacle18""",,,0.413737048004,0.812153355283,0.773067538904,,-0.0263815584752,-0.0860848846012,-0.470651997409,0.877712996002
1542728603917301304,,4075,,1542728603,889935771,"""/world""","""vicon/obstacle18/obstacle18""",,,0.413734952905,0.812206214411,0.773055638374,,-0.0261895829912,-0.0858626013217,-0.470748332383,0.877688855458
1542728603934414765,,4076,,1542728603,906621470,"""/world""","""vicon/obstacle18/obstacle18""",,,0.413722403755,0.812268985746,0.773030962743,,-0.0260734529002,-0.0857513173125,-0.470829990059,0.877659391276
1542728603950828328,,4077,,1542728603,923179644,"""/world""","""vicon/obstacle18/obstacle18""",,,0.41371793027,0.812278071122,0.773039092118,,-0.0260982300735,-0.0856991005624,-0.470788828751,0.877685835179
1542728603971939369,,4078,,1542728603,939911012,"""/world""","""vicon/obstacle18/obstacle18""",,,0.413730295016,0.812207235901,0.773074526922,,-0.0260873841939,-0.0857884178068,-0.470726787281,0.877710708316
1542728603987258122,,4079,,1542728603,956554444,"""/world""","""vicon/obstacle18/obstacle18""",,,0.413742333274,0.812157021345,0.773080295848,,-0.0262866977105,-0.0860413816496,-0.470655018628,0.877718487676
1542728604001145523,,4080,,1542728603,973268498,"""/world""","""vicon/obstacle18/obstacle18""",,,0.413736176678,0.8121845772,0.773058107553,,-0.0262072862119,-0.085950712705,-0.470736127402,0.877686248891
1542728604018898904,,4081,,1542728603,989919473,"""/world""","""vicon/obstacle18/obstacle18""",,,0.413723124565,0.812243158177,0.77302431026,,-0.0262013597217,-0.0858430941746,-0.470736406525,0.877696808416
1542728604037694129,,4082,,1542728604,6545422,"""/world""","""vicon/obstacle18/obstacle18""",,,0.413716083581,0.812281046904,0.773033497985,,-0.0260520559707,-0.0856545081341,-0.470775822197,0.877698536429
1542728604054595567,,4083,,1542728604,23275929,"""/world""","""vicon/obstacle18/obstacle18""",,,0.413716823364,0.812225318921,0.773072541477,,-0.026108289421,-0.0857760217753,-0.470722757868,0.877713459243
1542728604071396151,,4084,,1542728604,39915406,"""/world""","""vicon/obstacle18/obstacle18""",,,0.41373224261,0.812159764806,0.773081901623,,-0.0263790002519,-0.0860205802579,-0.470618785911,0.877737185304
1542728604084332180,,4085,,1542728604,56561276,"""/world""","""vicon/obstacle18/obstacle18""",,,0.413745922268,0.812177902674,0.77306583499,,-0.0262018215722,-0.0859938029999,-0.470700841498,0.877701115532
1542728604102144737,,4086,,1542728604,73260425,"""/world""","""vicon/obstacle18/obstacle18""",,,0.413727640344,0.812224810057,0.773027782796,,-0.0262858060643,-0.0858805349291,-0.470733702581,0.87769207093
1542728604122365771,,4087,,1542728604,89920926,"""/world""","""vicon/obstacle18/obstacle18""",,,0.413713059881,0.812256585756,0.773025183788,,-0.0261296194073,-0.0857418464788,-0.470753999423,0.877699407986
1542728604137529993,,4088,,1542728604,106571030,"""/world""","""vicon/obstacle18/obstacle18""",,,0.413723638793,0.812231782203,0.773066166925,,-0.0260208644253,-0.0858030038556,-0.470743575777,0.87770225305
1542728604149499515,,4089,,1542728604,123321482,"""/world""","""vicon/obstacle18/obstacle18""",,,0.413726061066,0.812184690149,0.773089170889,,-0.0261909855574,-0.0859011085143,-0.470695114236,0.877713587263
1542728604170008180,,4090,,1542728604,139925148,"""/world""","""vicon/obstacle18/obstacle18""",,,0.413737594598,0.812174540483,0.773055440924,,-0.0262925395644,-0.0861620762341,-0.470634670843,0.877717383662
1542728604189412473,,4091,,1542728604,156625433,"""/world""","""vicon/obstacle18/obstacle18""",,,0.413736705104,0.812214475476,0.773028014315,,-0.0261891643151,-0.085958497552,-0.470757512411,0.877674557498
1542728604204056953,,4092,,1542728604,173229061,"""/world""","""vicon/obstacle18/obstacle18""",,,0.413725881379,0.812240638802,0.773021474038,,-0.0261347100151,-0.0858920006459,-0.470742153808,0.877690928394
1542728604221900562,,4093,,1542728604,189966952,"""/world""","""vicon/obstacle18/obstacle18""",,,0.413720587865,0.812229183454,0.773060445106,,-0.0262391077559,-0.0858369510998,-0.47068854817,0.877721947812
1542728604232888567,,4094,,1542728604,206625402,"""/world""","""vicon/obstacle18/obstacle18""",,,0.41372182675,0.812199282044,0.77308640108,,-0.0262584424014,-0.085838465828,-0.470722711489,0.877702900118
1542728604250196586,,4095,,1542728604,223258307,"""/world""","""vicon/obstacle18/obstacle18""",,,0.413731934338,0.812195399197,0.773070999489,,-0.0261008248708,-0.0858502840308,-0.470747676529,0.877693056094
1542728604272384869,,4096,,1542728604,239911031,"""/world""","""vicon/obstacle18/obstacle18""",,,0.41373249847,0.812214526764,0.773024947811,,-0.0262729834844,-0.0859516712939,-0.470726020832,0.877689611339
1542728604289709118,,4097,,1542728604,256517825,"""/world""","""vicon/obstacle18/obstacle18""",,,0.413728392935,0.812217717688,0.77301978096,,-0.0263754811423,-0.0858840847907,-0.470710656635,0.877701393245
1542728604306025073,,4098,,1542728604,273261760,"""/world""","""vicon/obstacle18/obstacle18""",,,0.413730462068,0.81221033554,0.773053534999,,-0.0261797442791,-0.0858439784182,-0.470713655018,0.8777095689
1542728604319046612,,4099,,1542728604,289852080,"""/world""","""vicon/obstacle18/obstacle18""",,,0.413724996508,0.812199525121,0.773085201458,,-0.0260847703004,-0.0858919170911,-0.470698711225,0.877715720828
1542728604331552262,,4100,,1542728604,306528637,"""/world""","""vicon/obstacle18/obstacle18""",,,0.413727984481,0.812205346324,0.773067669845,,-0.0262266571277,-0.0858307070841,-0.470759062931,0.877685112581
1542728604348165724,,4101,,1542728604,323161427,"""/world""","""vicon/obstacle18/obstacle18""",,,0.413729173392,0.812238114893,0.773025193571,,-0.0261510884889,-0.0857936965828,-0.470838344709,0.877648457726
1542728604364510687,,4102,,1542728604,339821060,"""/world""","""vicon/obstacle18/obstacle18""",,,0.413732204108,0.812233532118,0.773019103451,,-0.0263209796528,-0.0859653417658,-0.470701304442,0.877700090032
1542728604384442349,,4103,,1542728604,356505638,"""/world""","""vicon/obstacle18/obstacle18""",,,0.413736600191,0.812196658926,0.773059195237,,-0.0262898298797,-0.0859394818504,-0.470698567754,0.877705023695
1542728604401400524,,4104,,1542728604,373207611,"""/world""","""vicon/obstacle18/obstacle18""",,,0.413736745337,0.812187437454,0.773092499272,,-0.0261669069294,-0.0858628162454,-0.470760534313,0.877682966168
1542728604418642558,,4105,,1542728604,389899477,"""/world""","""vicon/obstacle18/obstacle18""",,,0.413725315358,0.812207212897,0.77307555777,,-0.0260558457118,-0.0858646386759,-0.470707469107,0.877714552264
1542728604434293285,,4106,,1542728604,406546045,"""/world""","""vicon/obstacle18/obstacle18""",,,0.413718953084,0.812253369004,0.773034368036,,-0.0262071428691,-0.0858123069393,-0.470787561115,0.877672208709
1542728604449751940,,4107,,1542728604,423201542,"""/world""","""vicon/obstacle18/obstacle18""",,,0.413727553223,0.812259182174,0.773011759698,,-0.0261813691978,-0.0858706351151,-0.470702000483,0.877713163096
1542728604466218579,,4108,,1542728604,439895035,"""/world""","""vicon/obstacle18/obstacle18""",,,0.413735288575,0.812206738063,0.773055799082,,-0.0261897346853,-0.0859439292533,-0.470670763542,0.877722490978
1542728604483291409,,4109,,1542728604,456529811,"""/world""","""vicon/obstacle18/obstacle18""",,,0.413742266901,0.812169372031,0.773097074893,,-0.0262849361143,-0.0859390678986,-0.470694307,0.877707495752
1542728604506140841,,4110,,1542728604,473299775,"""/world""","""vicon/obstacle18/obstacle18""",,,0.413741378464,0.812189118481,0.773087996522,,-0.026198741003,-0.0858511598923,-0.470752357886,0.877687542272
1542728604522512580,,4111,,1542728604,489921751,"""/world""","""vicon/obstacle18/obstacle18""",,,0.413722271965,0.812247192387,0.773032768451,,-0.0261672593088,-0.0857510737022,-0.470763113909,0.87769249654
1542728604534686190,,4112,,1542728604,506513978,"""/world""","""vicon/obstacle18/obstacle18""",,,0.413715475028,0.812281526472,0.773013719493,,-0.0261564552983,-0.0857424985048,-0.470762889542,0.877693776682
1542728604550731858,,4113,,1542728604,523278538,"""/world""","""vicon/obstacle18/obstacle18""",,,0.413724797107,0.812236442974,0.773051614328,,-0.0261655565828,-0.0857970529023,-0.470692334142,0.877726014165
1542728604569990771,,4114,,1542728604,539933220,"""/world""","""vicon/obstacle18/obstacle18""",,,0.413741797814,0.812172713583,0.773104876505,,-0.0261337588867,-0.0859266592749,-0.470693546057,0.87771363301
1542728604588031670,,4115,,1542728604,556587788,"""/world""","""vicon/obstacle18/obstacle18""",,,0.413743727329,0.812170656084,0.77310036182,,-0.0262114724989,-0.0859406253231,-0.470698004155,0.877707557512
1542728604603746540,,4116,,1542728604,573241404,"""/world""","""vicon/obstacle18/obstacle18""",,,0.41373389964,0.812236150959,0.77305506916,,-0.0261103650042,-0.0858194403398,-0.470724194344,0.877708382869
1542728604620588856,,4117,,1542728604,589883943,"""/world""","""vicon/obstacle18/obstacle18""",,,0.413714568684,0.812279332148,0.773008050024,,-0.0261134279667,-0.0856705850738,-0.470785463801,0.877689971919
1542728604636608698,,4118,,1542728604,606584187,"""/world""","""vicon/obstacle18/obstacle18""",,,0.413722748015,0.812264846948,0.77303077711,,-0.0261438393803,-0.0857259586566,-0.470786991634,0.877682840315
1542728604651291281,,4119,,1542728604,623263147,"""/world""","""vicon/obstacle18/obstacle18""",,,0.413734005486,0.81220196546,0.773101779402,,-0.026145846059,-0.0858836926283,-0.470690486809,0.877719118911
1542728604667539979,,4120,,1542728604,639930124,"""/world""","""vicon/obstacle18/obstacle18""",,,0.413746460913,0.812157974674,0.773103990998,,-0.026258592013,-0.0860263173955,-0.470698097859,0.877697704072
1542728604685870847,,4121,,1542728604,656524665,"""/world""","""vicon/obstacle18/obstacle18""",,,0.413740384854,0.812199682877,0.773057473982,,-0.0259931292948,-0.0859016304521,-0.470739016703,0.877695872879
1542728604702810828,,4122,,1542728604,673249990,"""/world""","""vicon/obstacle18/obstacle18""",,,0.413719751732,0.81226188733,0.773004434575,,-0.0262254797205,-0.0858060782568,-0.470770050658,0.877681662422
1542728604717690897,,4123,,1542728604,689901007,"""/world""","""vicon/obstacle18/obstacle18""",,,0.413716325162,0.812276654239,0.773011482924,,-0.0261633715511,-0.085798552485,-0.470781633962,0.877678038636
1542728604734466556,,4124,,1542728604,706565980,"""/world""","""vicon/obstacle18/obstacle18""",,,0.41372671839,0.812219747343,0.773089733978,,-0.02613496701,-0.0857505478393,-0.47072955617,0.877711508408
1542728604751739016,,4125,,1542728604,723198214,"""/world""","""vicon/obstacle18/obstacle18""",,,0.413743790849,0.812170844322,0.773117102513,,-0.0262556432739,-0.0859086087089,-0.470740524303,0.877686567588
1542728604768662620,,4126,,1542728604,739889470,"""/world""","""vicon/obstacle18/obstacle18""",,,0.413740763793,0.812185190704,0.773058000058,,-0.0262280153669,-0.086016794844,-0.470637457408,0.87773206954
1542728604787323274,,4127,,1542728604,756512029,"""/world""","""vicon/obstacle18/obstacle18""",,,0.413726726884,0.8122398562,0.773008840206,,-0.0261043263859,-0.0859413822599,-0.470669802962,0.877725799746
1542728604801224735,,4128,,1542728604,773320060,"""/world""","""vicon/obstacle18/obstacle18""",,,0.413720483947,0.812282098044,0.773016581156,,-0.026077002465,-0.0857987619497,-0.470727519334,0.877709613102
1542728604817183446,,4129,,1542728604,789877873,"""/world""","""vicon/obstacle18/obstacle18""",,,0.413725252455,0.812234799574,0.773078892693,,-0.0261601395587,-0.0857783810607,-0.470718108625,0.877714178223
1542728604836422661,,4130,,1542728604,806587626,"""/world""","""vicon/obstacle18/obstacle18""",,,0.413739264141,0.812174750458,0.773113518619,,-0.026236514386,-0.0857950511388,-0.470755330101,0.877690306255
1542728604852846645,,4131,,1542728604,823234010,"""/world""","""vicon/obstacle18/obstacle18""",,,0.413739852163,0.812185899132,0.77306964662,,-0.0261873617488,-0.0859583750395,-0.470686264069,0.877712834965
1542728604868278734,,4132,,1542728604,839873508,"""/world""","""vicon/obstacle18/obstacle18""",,,0.413731000408,0.81222608004,0.772997160983,,-0.026183754247,-0.0859680030733,-0.470699547934,0.877704875819
1542728604884770910,,4133,,1542728604,856521943,"""/world""","""vicon/obstacle18/obstacle18""",,,0.413721532894,0.812261305773,0.773006287843,,-0.0261738524583,-0.0858660878434,-0.470704297838,0.877712600116
1542728604901770645,,4134,,1542728604,873268879,"""/world""","""vicon/obstacle18/obstacle18""",,,0.413731744842,0.812236088002,0.773075135886,,-0.0261513359681,-0.0857763590921,-0.470736496668,0.877704776421
1542728604918938215,,4135,,1542728604,889897180,"""/world""","""vicon/obstacle18/obstacle18""",,,0.413737883453,0.81218410401,0.773120548314,,-0.0261650607876,-0.0858334867348,-0.470740830455,0.877696458174
1542728604935225888,,4136,,1542728604,906502773,"""/world""","""vicon/obstacle18/obstacle18""",,,0.413735557649,0.812184663143,0.773076279685,,-0.0262445747526,-0.0858226391792,-0.470775358003,0.877676625642
1542728604951760375,,4137,,1542728604,923257713,"""/world""","""vicon/obstacle18/obstacle18""",,,0.41373219382,0.812228573689,0.773005479003,,-0.0261514846683,-0.0859196540156,-0.470720606744,0.877699278392
1542728604967500854,,4138,,1542728604,939909751,"""/world""","""vicon/obstacle18/obstacle18""",,,0.413720860655,0.812256968273,0.773005258738,,-0.0262443080126,-0.0858378423651,-0.470705625047,0.877712547287
1542728604985733589,,4139,,1542728604,956551709,"""/world""","""vicon/obstacle18/obstacle18""",,,0.413735217302,0.812233028556,0.77306260376,,-0.02620258995,-0.0857787086701,-0.470793212719,0.877672597428
1542728605001782831,,4140,,1542728604,973277411,"""/world""","""vicon/obstacle18/obstacle18""",,,0.413736020707,0.812196975698,0.77312464252,,-0.0260337884052,-0.0857342239898,-0.470798301815,0.877679237368
1542728605018794950,,4141,,1542728604,989944038,"""/world""","""vicon/obstacle18/obstacle18""",,,0.413740147711,0.812189438298,0.773095867547,,-0.0261457042771,-0.0858119243413,-0.470780690505,0.877677763895
1542728605034734706,,4142,,1542728605,6547558,"""/world""","""vicon/obstacle18/obstacle18""",,,0.413733747233,0.812230670716,0.773018921517,,-0.0262161718031,-0.0859051790667,-0.470762162858,0.877676477164
1542728605051600550,,4143,,1542728605,23279201,"""/world""","""vicon/obstacle18/obstacle18""",,,0.413723143965,0.81225993372,0.773002478307,,-0.0262065043866,-0.0858938326644,-0.470651260033,0.877737352554
1542728605068091884,,4144,,1542728605,39918629,"""/world""","""vicon/obstacle18/obstacle18""",,,0.413730436071,0.812228635278,0.773058263944,,-0.026176029243,-0.0857684256319,-0.470691691955,0.87772884411
1542728605084640895,,4145,,1542728605,56552996,"""/world""","""vicon/obstacle18/obstacle18""",,,0.413738486593,0.8122068773,0.773121447239,,-0.0259751810235,-0.0857834661468,-0.470735439961,0.877709879443
1542728605101363408,,4146,,1542728605,73275308,"""/world""","""vicon/obstacle18/obstacle18""",,,0.413735477549,0.812201258765,0.773102302643,,-0.0260740864325,-0.0857873286764,-0.470755893629,0.877695599208
1542728605117996613,,4147,,1542728605,90012345,"""/world""","""vicon/obstacle18/obstacle18""",,,0.413730443032,0.812239022402,0.773026856744,,-0.0260396734904,-0.0859229027189,-0.470697528013,0.877714661673
1542728605134510522,,4148,,1542728605,106512107,"""/world""","""vicon/obstacle18/obstacle18""",,,0.413727958005,0.812252895596,0.773000600146,,-0.0261418800245,-0.0859302000468,-0.470643287024,0.877739995219
1542728605151384707,,4149,,1542728605,123262725,"""/world""","""vicon/obstacle18/obstacle18""",,,0.413724955544,0.812223937413,0.773053202441,,-0.0261987198733,-0.0859261054913,-0.470650959162,0.877734587511
1542728605167756400,,4150,,1542728605,139956803,"""/world""","""vicon/obstacle18/obstacle18""",,,0.413736360091,0.812203550507,0.773115123116,,-0.0261486917853,-0.0857734004107,-0.470718046121,0.877715039609
1542728605184805627,,4151,,1542728605,156529613,"""/world""","""vicon/obstacle18/obstacle18""",,,0.413741972895,0.812213957755,0.773101099755,,-0.0260348082547,-0.0857586330408,-0.470765138793,0.877694610736
1542728605201567831,,4152,,1542728605,173298117,"""/world""","""vicon/obstacle18/obstacle18""",,,0.413732335751,0.812241020581,0.77303188717,,-0.0261857012245,-0.0859116314919,-0.470680400384,0.8777206055
1542728605217887039,,4153,,1542728605,189935880,"""/world""","""vicon/obstacle18/obstacle18""",,,0.413725849496,0.812242601272,0.772997889384,,-0.0263697461955,-0.0859525625431,-0.470655542435,0.877724417943
1542728605235863559,,4154,,1542728605,206525153,"""/world""","""vicon/obstacle18/obstacle18""",,,0.413736533688,0.812224582517,0.77305238245,,-0.0262350948098,-0.0858837544226,-0.470677240488,0.877723553184
1542728605251989082,,4155,,1542728605,223255295,"""/world""","""vicon/obstacle18/obstacle18""",,,0.413730340279,0.812197342636,0.773114966261,,-0.0261275136674,-0.085855229172,-0.470693517989,0.877720823939
1542728605267922929,,4156,,1542728605,239959352,"""/world""","""vicon/obstacle18/obstacle18""",,,0.413736099599,0.812213963053,0.773105826729,,-0.0260883382501,-0.0857954922796,-0.470787077402,0.877677651455
1542728605285744769,,4157,,1542728605,256531955,"""/world""","""vicon/obstacle18/obstacle18""",,,0.413732897204,0.81225245546,0.77304871609,,-0.0260194531755,-0.0858927364007,-0.4707551684,0.877687300418
1542728605302538101,,4158,,1542728605,273291742,"""/world""","""vicon/obstacle18/obstacle18""",,,0.413722057697,0.812246684395,0.772997046189,,-0.0263136110881,-0.0859836439534,-0.470644778133,0.877728830369
1542728605317450388,,4159,,1542728605,289887545,"""/world""","""vicon/obstacle18/obstacle18""",,,0.413729941565,0.81221146654,0.77303761416,,-0.0263443280302,-0.0859467488448,-0.470635090064,0.877736717213
1542728605334092314,,4160,,1542728605,306548583,"""/world""","""vicon/obstacle18/obstacle18""",,,0.413740822828,0.812189086101,0.773112262893,,-0.0262250800252,-0.0859136142296,-0.470666950633,0.877726448075
1542728605352203528,,4161,,1542728605,323307404,"""/world""","""vicon/obstacle18/obstacle18""",,,0.413733772033,0.812203050529,0.773113967104,,-0.0261699812503,-0.0858296732884,-0.470746477047,0.877693655903
1542728605368568642,,4162,,1542728605,339910018,"""/world""","""vicon/obstacle18/obstacle18""",,,0.413724794621,0.812245641042,0.773051851949,,-0.0261189879902,-0.0858014055883,-0.470759228715,0.877691099331
1542728605383975778,,4163,,1542728605,356523439,"""/world""","""vicon/obstacle18/obstacle18""",,,0.413726445212,0.812256046478,0.773006730451,,-0.0261643736083,-0.0859298292753,-0.470722820429,0.877696710898
1542728605399818452,,4164,,1542728605,374818817,"""/world""","""vicon/obstacle18/obstacle18""",,,0.413728140077,0.812213742528,0.77302305178,,-0.0263576308221,-0.0860322145922,-0.470629502403,0.877730941017
1542728605416599939,,4165,,1542728605,389833995,"""/world""","""vicon/obstacle18/obstacle18""",,,0.413738440848,0.812177191367,0.77310076735,,-0.0262892677691,-0.0859558183509,-0.470621894193,0.877744555322
1542728605435396753,,4166,,1542728605,406491310,"""/world""","""vicon/obstacle18/obstacle18""",,,0.41374180473,0.812195489227,0.773117854605,,-0.0261513372413,-0.0858577178667,-0.470720669722,0.87770530985
1542728605451599500,,4167,,1542728605,423239523,"""/world""","""vicon/obstacle18/obstacle18""",,,0.413724767773,0.812239872378,0.773067113065,,-0.0261407855389,-0.0857986575794,-0.470781904467,0.877678556258
1542728605469230919,,4168,,1542728605,439934439,"""/world""","""vicon/obstacle18/obstacle18""",,,0.413721319032,0.812255967003,0.773006760601,,-0.0261712317379,-0.0858217077116,-0.470758464614,0.877687967964
1542728605488579241,,4169,,1542728605,456545065,"""/world""","""vicon/obstacle18/obstacle18""",,,0.413730255895,0.812230451961,0.773012154934,,-0.026355778163,-0.0859885166665,-0.470576770831,0.877763550572
1542728605502701796,,4170,,1542728605,473201955,"""/world""","""vicon/obstacle18/obstacle18""",,,0.413734480959,0.81218989378,0.77308851588,,-0.026279603264,-0.0858872790919,-0.470634244911,0.877744931777
1542728605519017127,,4171,,1542728605,489919733,"""/world""","""vicon/obstacle18/obstacle18""",,,0.413733932758,0.812191826679,0.773122731838,,-0.0261426101364,-0.0858922477637,-0.470669120999,0.877729835568
1542728605536714821,,4172,,1542728605,506605911,"""/world""","""vicon/obstacle18/obstacle18""",,,0.413732758454,0.81223205611,0.773075619996,,-0.0261520776524,-0.0858092628956,-0.470747391626,0.87769569471
1542728605552589550,,4173,,1542728605,523235311,"""/world""","""vicon/obstacle18/obstacle18""",,,0.413717914722,0.812250172066,0.773011715627,,-0.0262351030303,-0.0858606518051,-0.470752984723,0.877685191407
1542728605569000322,,4174,,1542728605,539887911,"""/world""","""vicon/obstacle18/obstacle18""",,,0.413721595573,0.81223486056,0.773009300695,,-0.0262578087031,-0.085990977576,-0.470610623925,0.877748095929
1542728605587088277,,4175,,1542728605,556533598,"""/world""","""vicon/obstacle18/obstacle18""",,,0.413735052836,0.812209021668,0.773059898321,,-0.0263022063843,-0.085936613283,-0.470635852133,0.877738564223
1542728605602612572,,4176,,1542728605,573217343,"""/world""","""vicon/obstacle18/obstacle18""",,,0.413723839565,0.812204416836,0.773121595543,,-0.0261125708395,-0.0858341810265,-0.470729965696,0.877703780559
1542728605619965270,,4177,,1542728605,589919493,"""/world""","""vicon/obstacle18/obstacle18""",,,0.4137250039,0.812215290423,0.77309083173,,-0.0261572234483,-0.08585825171,-0.470732454181,0.877698762022
1542728605636700498,,4178,,1542728605,606565364,"""/world""","""vicon/obstacle18/obstacle18""",,,0.413720166952,0.812239343271,0.773031518898,,-0.0262908783191,-0.085847123445,-0.4707438676,0.877689735744
1542728605651741845,,4179,,1542728605,623246735,"""/world""","""vicon/obstacle18/obstacle18""",,,0.413719359392,0.812230751214,0.773016397063,,-0.0262939405298,-0.0859807561633,-0.470674789518,0.877713609769
1542728605670013566,,4180,,1542728605,639918080,"""/world""","""vicon/obstacle18/obstacle18""",,,0.413727706295,0.812207870798,0.773050202062,,-0.0263754251958,-0.0859210337993,-0.470642939449,0.877734092105
1542728605687314705,,4181,,1542728605,656604150,"""/world""","""vicon/obstacle18/obstacle18""",,,0.41373267377,0.812206627293,0.773091909526,,-0.026262181619,-0.0858025901015,-0.470739173762,0.877697467032
1542728605703898125,,4182,,1542728605,673260148,"""/world""","""vicon/obstacle18/obstacle18""",,,0.413720889755,0.81221955907,0.773099015382,,-0.0260973980973,-0.085863849025,-0.470713531916,0.877710143564
1542728605720426389,,4183,,1542728605,689926293,"""/world""","""vicon/obstacle18/obstacle18""",,,0.413719502981,0.812228039612,0.773047352707,,-0.0262352282801,-0.0858979926671,-0.470731068545,0.877693288546
1542728605735852293,,4184,,1542728605,706582594,"""/world""","""vicon/obstacle18/obstacle18""",,,0.413724182812,0.812219647073,0.773013004877,,-0.0262344113543,-0.0859476236579,-0.470667754991,0.877722408316
1542728605752776449,,4185,,1542728605,723285074,"""/world""","""vicon/obstacle18/obstacle18""",,,0.413725620599,0.812210861262,0.77303724814,,-0.0261827730245,-0.0860265419566,-0.470591104978,0.877757317481
1542728605769403699,,4186,,1542728605,739908593,"""/world""","""vicon/obstacle18/obstacle18""",,,0.413728907671,0.812211861131,0.77308103321,,-0.0262868778588,-0.0859131968541,-0.470633564193,0.8777425425
1542728605784577240,,4187,,1542728605,756526407,"""/world""","""vicon/obstacle18/obstacle18""",,,0.413726458178,0.812214465326,0.773093366451,,-0.0261201736928,-0.0858668785433,-0.470773598309,0.877676953572
1542728605802490570,,4188,,1542728605,773263341,"""/world""","""vicon/obstacle18/obstacle18""",,,0.413718299745,0.81222108998,0.773054390735,,-0.0262422767559,-0.0858725695982,-0.470776549867,0.877671171223
1542728605819043592,,4189,,1542728605,789954343,"""/world""","""vicon/obstacle18/obstacle18""",,,0.413719686291,0.812205997359,0.773011631593,,-0.0262811164873,-0.0859880299933,-0.470681879184,0.877709479396
1542728605835752251,,4190,,1542728605,806593202,"""/world""","""vicon/obstacle18/obstacle18""",,,0.413735138175,0.812201625977,0.773032031129,,-0.0262708228672,-0.085934792308,-0.470667093963,0.877722930085
1542728605852222410,,4191,,1542728605,823292622,"""/world""","""vicon/obstacle18/obstacle18""",,,0.413733063144,0.812217618057,0.773075281673,,-0.0261664103176,-0.0858666827836,-0.470694500911,0.877718017686
1542728605870071746,,4192,,1542728605,839916506,"""/world""","""vicon/obstacle18/obstacle18""",,,0.413729647272,0.812221531567,0.773091003139,,-0.0261122763952,-0.0858219725378,-0.470741314814,0.877698896307
1542728605885977874,,4193,,1542728605,856484620,"""/world""","""vicon/obstacle18/obstacle18""",,,0.413726102192,0.812215362406,0.773058160847,,-0.0261538029706,-0.0858686789695,-0.470754227315,0.877686166022
1542728605903441079,,4194,,1542728605,873339474,"""/world""","""vicon/obstacle18/obstacle18""",,,0.413724701439,0.812215399437,0.773022751955,,-0.0262235970618,-0.0858202093073,-0.470757253484,0.877687201071
1542728605919402881,,4195,,1542728605,889992551,"""/world""","""vicon/obstacle18/obstacle18""",,,0.413727283805,0.812208359313,0.773024131796,,-0.0262407711729,-0.0859831815586,-0.470617192397,0.877745847406
1542728605936661610,,4196,,1542728605,906683353,"""/world""","""vicon/obstacle18/obstacle18""",,,0.413737432394,0.812216154879,0.77306628497,,-0.0262493457896,-0.0858447047271,-0.470707225793,0.87771086703
1542728605953444155,,4197,,1542728605,923304952,"""/world""","""vicon/obstacle18/obstacle18""",,,0.413734493823,0.812226218211,0.773088239056,,-0.0261613773684,-0.0857763541956,-0.470813378994,0.877663239264
1542728605970745887,,4198,,1542728605,939957633,"""/world""","""vicon/obstacle18/obstacle18""",,,0.413723073794,0.812215469972,0.773065203541,,-0.0261729862571,-0.0858841213911,-0.470737768504,0.877692910867
1542728605986926613,,4199,,1542728605,956606884,"""/world""","""vicon/obstacle18/obstacle18""",,,0.413724153576,0.812213120275,0.773023825481,,-0.0262755855213,-0.0858790750577,-0.47075329287,0.877682012647
1542728606003327267,,4200,,1542728605,973292678,"""/world""","""vicon/obstacle18/obstacle18""",,,0.413728062402,0.812206692256,0.773020412922,,-0.0262818244608,-0.0859360785788,-0.470686591677,0.877712019125
1542728606019964024,,4201,,1542728605,989937314,"""/world""","""vicon/obstacle18/obstacle18""",,,0.413736385834,0.812210580219,0.773059421345,,-0.0262729692433,-0.0859174523329,-0.470629514711,0.877744713658
1542728606035230548,,4202,,1542728606,6564774,"""/world""","""vicon/obstacle18/obstacle18""",,,0.413738688404,0.812221433494,0.773078265879,,-0.0261692963927,-0.0859172752546,-0.470705587025,0.877707035453
1542728606052262899,,4203,,1542728606,23351709,"""/world""","""vicon/obstacle18/obstacle18""",,,0.413722401534,0.812221843362,0.773068759902,,-0.0261383708821,-0.0857672049374,-0.47077916461,0.877683171933
1542728606068971993,,4204,,1542728606,40070759,"""/world""","""vicon/obstacle18/obstacle18""",,,0.41371977702,0.812207396186,0.773039873589,,-0.0262231199255,-0.0858629918641,-0.470763460679,0.877679701656
1542728606085649583,,4205,,1542728606,56591062,"""/world""","""vicon/obstacle18/obstacle18""",,,0.4137281266,0.812204676847,0.773029757693,,-0.0262037598649,-0.0860090595135,-0.470648969751,0.877727379044
1542728606102071354,,4206,,1542728606,73450865,"""/world""","""vicon/obstacle18/obstacle18""",,,0.413731269125,0.812211022843,0.773057486136,,-0.0262242018901,-0.0858709330911,-0.47064050732,0.877744830207
1542728606117588582,,4207,,1542728606,89956150,"""/world""","""vicon/obstacle18/obstacle18""",,,0.413724971234,0.812219999923,0.773079054036,,-0.0261622894849,-0.0858399912106,-0.470677761491,0.877729727966
1542728606134990593,,4208,,1542728606,106561736,"""/world""","""vicon/obstacle18/obstacle18""",,,0.413725947004,0.812227766302,0.773067892892,,-0.026084750802,-0.0858089582398,-0.470783350417,0.877678440792
1542728606153825373,,4209,,1542728606,123248135,"""/world""","""vicon/obstacle18/obstacle18""",,,0.413720680295,0.812217643283,0.773040270934,,-0.0260690893053,-0.0857992457654,-0.470775480246,0.877684077107
1542728606169674081,,4210,,1542728606,139932486,"""/world""","""vicon/obstacle18/obstacle18""",,,0.413723264971,0.812197321925,0.773024932938,,-0.0263332510213,-0.0858812706685,-0.470718293484,0.877698840958
1542728606184770551,,4211,,1542728606,156554954,"""/world""","""vicon/obstacle18/obstacle18""",,,0.413731534704,0.812204494293,0.773047200977,,-0.0263468571599,-0.0859241763621,-0.470618944196,0.877747508341
1542728606201946856,,4212,,1542728606,173247038,"""/world""","""vicon/obstacle18/obstacle18""",,,0.413736485913,0.812222392728,0.773079913563,,-0.026228595517,-0.085834870455,-0.470735102305,0.877697498714
1542728606218436398,,4213,,1542728606,190044921,"""/world""","""vicon/obstacle18/obstacle18""",,,0.413722824794,0.812232183797,0.773068066377,,-0.0261665288324,-0.0858093549161,-0.470750215152,0.877693740614
1542728606235083483,,4214,,1542728606,206573711,"""/world""","""vicon/obstacle18/obstacle18""",,,0.413725233736,0.812215461432,0.773038547814,,-0.0261413323242,-0.0858163005965,-0.470820618042,0.877656048189
1542728606251918082,,4215,,1542728606,223316710,"""/world""","""vicon/obstacle18/obstacle18""",,,0.413726170944,0.812201124565,0.773032892407,,-0.0261789934221,-0.0859348938677,-0.470724855604,0.877694687597
1542728606270266394,,4216,,1542728606,239983536,"""/world""","""vicon/obstacle18/obstacle18""",,,0.413724454286,0.812199818943,0.773048540693,,-0.0261887839914,-0.0859361675385,-0.470645316278,0.877736924692
1542728606287185343,,4217,,1542728606,256563640,"""/world""","""vicon/obstacle18/obstacle18""",,,0.413736555316,0.812212962098,0.773060805806,,-0.0262613573479,-0.0859190810574,-0.470657812273,0.877729728542
1542728606303514035,,4218,,1542728606,273286412,"""/world""","""vicon/obstacle18/obstacle18""",,,0.413732263706,0.812244300976,0.773080840188,,-0.0260924672313,-0.0856866437262,-0.470801683499,0.877680327372
1542728606319713600,,4219,,1542728606,289960933,"""/world""","""vicon/obstacle18/obstacle18""",,,0.413724319216,0.812231955854,0.77305699497,,-0.0260654206677,-0.0858795904158,-0.470762462443,0.877683310625
1542728606336863065,,4220,,1542728606,306602353,"""/world""","""vicon/obstacle18/obstacle18""",,,0.413728823533,0.812204986535,0.77303151652,,-0.0261831000771,-0.0859279996778,-0.470714522995,0.877700781578
1542728606353706738,,4221,,1542728606,323306124,"""/world""","""vicon/obstacle18/obstacle18""",,,0.413733707217,0.812209272966,0.773042577451,,-0.0262742660345,-0.0858434035949,-0.470776198037,0.877673256039
1542728606368319395,,4222,,1542728606,339951678,"""/world""","""vicon/obstacle18/obstacle18""",,,0.413732423868,0.812220767818,0.773065296729,,-0.0262374247006,-0.0859760177453,-0.470634853892,0.877737179468
1542728606384156069,,4223,,1542728606,356605000,"""/world""","""vicon/obstacle18/obstacle18""",,,0.413731610336,0.812231817889,0.773081178373,,-0.0260809179645,-0.08582528795,-0.470722838702,0.877709413639
1542728606400977462,,4224,,1542728606,373265903,"""/world""","""vicon/obstacle18/obstacle18""",,,0.413733431423,0.81223483805,0.773065675396,,-0.0260667925383,-0.0857594035558,-0.470852153824,0.877646908653
1542728606418322649,,4225,,1542728606,389971903,"""/world""","""vicon/obstacle18/obstacle18""",,,0.413721500976,0.812212916128,0.773046597182,,-0.0261521968,-0.085838912322,-0.470827878725,0.877649618213
1542728606436024965,,4226,,1542728606,406539588,"""/world""","""vicon/obstacle18/obstacle18""",,,0.413732884387,0.812198201154,0.773030869032,,-0.0263078257197,-0.0860031333182,-0.470724019577,0.877684599818
1542728606449630516,,4227,,1542728606,423385210,"""/world""","""vicon/obstacle18/obstacle18""",,,0.413738945665,0.812224327519,0.773061463822,,-0.0261286759177,-0.0859377423116,-0.470664832623,0.877728096892
1542728606464896079,,4228,,1542728606,439885975,"""/world""","""vicon/obstacle18/obstacle18""",,,0.413727749196,0.812232378079,0.773080595222,,-0.0261005866224,-0.0858101714486,-0.470690967795,0.877727398849
1542728606481758956,,4229,,1542728606,457356027,"""/world""","""vicon/obstacle18/obstacle18""",,,0.413728579726,0.812225083625,0.773060390883,,-0.0261067149586,-0.0858974376004,-0.470755688299,0.87768397022
1542728606498847085,,4230,,1542728606,473180737,"""/world""","""vicon/obstacle18/obstacle18""",,,0.413730179229,0.812226457686,0.773047186799,,-0.0261115694447,-0.0858172265889,-0.470813497063,0.877660663665
1542728606517835126,,4231,,1542728606,489868376,"""/world""","""vicon/obstacle18/obstacle18""",,,0.413728854976,0.81220251131,0.773039205405,,-0.0261943437199,-0.0859390486106,-0.470704962462,0.877704491611
1542728606534119365,,4232,,1542728606,506530391,"""/world""","""vicon/obstacle18/obstacle18""",,,0.413734846458,0.812202499016,0.773044581315,,-0.0263767257188,-0.0859436503403,-0.470680908507,0.877711478604
1542728606553462549,,4233,,1542728606,523272630,"""/world""","""vicon/obstacle18/obstacle18""",,,0.413738343498,0.812233049226,0.773068778756,,-0.0261092059009,-0.0858688209604,-0.470669697626,0.877732812814
1542728606569858629,,4234,,1542728606,539937234,"""/world""","""vicon/obstacle18/obstacle18""",,,0.413715825184,0.812228644628,0.773070484954,,-0.0261221948801,-0.0857432625758,-0.470835816209,0.877655603316
1542728606586739550,,4235,,1542728606,556569759,"""/world""","""vicon/obstacle18/obstacle18""",,,0.413720713856,0.812221706747,0.773044125261,,-0.0261593809252,-0.0858917682694,-0.470762950048,0.877679061956
1542728606600696096,,4236,,1542728606,573237335,"""/world""","""vicon/obstacle18/obstacle18""",,,0.413733554513,0.812215286774,0.773038370395,,-0.0261512713301,-0.0858726832181,-0.470780830926,0.877671580101
1542728606617959796,,4237,,1542728606,589865281,"""/world""","""vicon/obstacle18/obstacle18""",,,0.413732149789,0.81220402604,0.773048489407,,-0.0262881943654,-0.0860125671667,-0.470669339777,0.877713587522
1542728606634580504,,4238,,1542728606,606499890,"""/world""","""vicon/obstacle18/obstacle18""",,,0.413737442868,0.812208676698,0.773065220996,,-0.0262767597816,-0.0859348204907,-0.470682408036,0.877714537471
1542728606650528385,,4239,,1542728606,623264342,"""/world""","""vicon/obstacle18/obstacle18""",,,0.413723788742,0.812233535024,0.773067970696,,-0.0260678271105,-0.0857346861455,-0.470736112308,0.877711538349
1542728606667924134,,4240,,1542728606,639910091,"""/world""","""vicon/obstacle18/obstacle18""",,,0.41371977304,0.812228088413,0.773051960586,,-0.0261410122069,-0.0857964536701,-0.470819289021,0.877658711062
1542728606685677476,,4241,,1542728606,656550127,"""/world""","""vicon/obstacle18/obstacle18""",,,0.413732993718,0.81221042558,0.77303380066,,-0.0261646327858,-0.0859211117606,-0.470726131601,0.877695780765
1542728606702021816,,4242,,1542728606,673195399,"""/world""","""vicon/obstacle18/obstacle18""",,,0.413743666751,0.812206815244,0.773039448638,,-0.0262049232249,-0.0859593299965,-0.470686677028,0.877711995847
1542728606717807260,,4243,,1542728606,689953337,"""/world""","""vicon/obstacle18/obstacle18""",,,0.413736036658,0.812207725642,0.773045239049,,-0.0263343342429,-0.0859972289342,-0.470666589982,0.877715181896
1542728606734616239,,4244,,1542728606,706518749,"""/world""","""vicon/obstacle18/obstacle18""",,,0.413726906788,0.812219727813,0.773059536614,,-0.0263093081123,-0.0857915007357,-0.470684301915,0.877726567126
1542728606753847363,,4245,,1542728606,723308470,"""/world""","""vicon/obstacle18/obstacle18""",,,0.413724399542,0.812235666127,0.773061338456,,-0.0260946903831,-0.0858504411786,-0.470807168279,0.877661312341
1542728606769542336,,4246,,1542728606,739942087,"""/world""","""vicon/obstacle18/obstacle18""",,,0.413728210792,0.812230260173,0.773053248356,,-0.0260859856411,-0.0858687136731,-0.47076400766,0.877682935038
1542728606785962583,,4247,,1542728606,756586402,"""/world""","""vicon/obstacle18/obstacle18""",,,0.413736312813,0.812205794846,0.773037999258,,-0.0262031900499,-0.0859711217485,-0.470696632319,0.877705553919
1542728606803250454,,4248,,1542728606,773298163,"""/world""","""vicon/obstacle18/obstacle18""",,,0.413745360716,0.812202420232,0.773047194306,,-0.0263361309053,-0.0859795126905,-0.470654688587,0.877723245515
1542728606818199090,,4249,,1542728606,789960076,"""/world""","""vicon/obstacle18/obstacle18""",,,0.413734411055,0.812220274505,0.773055232575,,-0.0262628068606,-0.08595101202,-0.470670403712,0.877719806987
1542728606837217708,,4250,,1542728606,806568239,"""/world""","""vicon/obstacle18/obstacle18""",,,0.413720816829,0.812221820543,0.773067567629,,-0.0261075467336,-0.0858564074265,-0.47073584762,0.877698601499
1542728606853877344,,4251,,1542728606,823264018,"""/world""","""vicon/obstacle18/obstacle18""",,,0.413733388077,0.812231766883,0.773063081902,,-0.026088507117,-0.0857367384114,-0.470864029099,0.877642106774
1542728606868734116,,4252,,1542728606,839951315,"""/world""","""vicon/obstacle18/obstacle18""",,,0.413732220075,0.812222898957,0.77304869548,,-0.0260393733288,-0.0857747034507,-0.470785546982,0.877681958364
1542728606886231574,,4253,,1542728606,856562487,"""/world""","""vicon/obstacle18/obstacle18""",,,0.413736732312,0.812205205708,0.773040621637,,-0.0262952467394,-0.0859566534763,-0.470657233681,0.877725345484
1542728606905056407,,4254,,1542728606,873283691,"""/world""","""vicon/obstacle18/obstacle18""",,,0.413745122527,0.812216280366,0.773049584965,,-0.0262771378205,-0.0858523280123,-0.470728189508,0.877698046828
1542728606920379752,,4255,,1542728606,889865723,"""/world""","""vicon/obstacle18/obstacle18""",,,0.413732327523,0.812233013451,0.773073485288,,-0.0260659927045,-0.0857550391707,-0.470784954011,0.877683407817
1542728606934301328,,4256,,1542728606,906574650,"""/world""","""vicon/obstacle18/obstacle18""",,,0.41372394786,0.812233955732,0.773070619131,,-0.0260394824766,-0.0857822223824,-0.470813847008,0.877666039642
1542728606954263671,,4257,,1542728606,923296624,"""/world""","""vicon/obstacle18/obstacle18""",,,0.413737357037,0.812237093089,0.773047202657,,-0.0259778937146,-0.0858648779273,-0.470779798876,0.877678046181
1542728606971838370,,4258,,1542728606,939891586,"""/world""","""vicon/obstacle18/obstacle18""",,,0.413741857799,0.812234513672,0.773055076021,,-0.0261599079322,-0.0857593876067,-0.470771240115,0.877687544708
1542728606987075317,,4259,,1542728606,956540441,"""/world""","""vicon/obstacle18/obstacle18""",,,0.413743832619,0.812216324189,0.773053613151,,-0.0263024826015,-0.0859352244252,-0.47065742456,0.877727124634
1542728607002854043,,4260,,1542728606,973353733,"""/world""","""vicon/obstacle18/obstacle18""",,,0.413742648943,0.812223279121,0.77305306569,,-0.0262592419425,-0.0859853926251,-0.470697636393,0.877701942325
1542728607019105371,,4261,,1542728606,989902778,"""/world""","""vicon/obstacle18/obstacle18""",,,0.413726856034,0.812241850581,0.773078149698,,-0.0259351176902,-0.0857438551112,-0.470830059286,0.877664181936
1542728607033603080,,4262,,1542728607,6583135,"""/world""","""vicon/obstacle18/obstacle18""",,,0.413723141137,0.812237743094,0.773053113039,,-0.0260364201012,-0.0857624813987,-0.470776928818,0.877687863027
1542728607051727200,,4263,,1542728607,23234683,"""/world""","""vicon/obstacle18/obstacle18""",,,0.413738923779,0.812236493687,0.773050020623,,-0.0261280640839,-0.085795736848,-0.470800598877,0.87766919275
1542728607068457903,,4264,,1542728607,39880153,"""/world""","""vicon/obstacle18/obstacle18""",,,0.413742367041,0.812225411646,0.773063833737,,-0.0262220781589,-0.0859338036376,-0.470701349108,0.8777061148
1542728607084768325,,4265,,1542728607,56595316,"""/world""","""vicon/obstacle18/obstacle18""",,,0.413737875215,0.812203941167,0.773064114759,,-0.0262516795186,-0.0860032011649,-0.470675054656,0.877712533599
1542728607101816598,,4266,,1542728607,73400505,"""/world""","""vicon/obstacle18/obstacle18""",,,0.413727553732,0.81222669104,0.773072243319,,-0.0260936296387,-0.0857682078533,-0.470831867469,0.877656134024
1542728607116129840,,4267,,1542728607,89896242,"""/world""","""vicon/obstacle18/obstacle18""",,,0.413716504527,0.812248726449,0.773072027872,,-0.0260596073809,-0.0855810794696,-0.47092089526,0.877627646617
1542728607134362531,,4268,,1542728607,106585162,"""/world""","""vicon/obstacle18/obstacle18""",,,0.413720742255,0.812237099347,0.773046433839,,-0.0260961944694,-0.0858186725825,-0.470742440038,0.877699093777
1542728607150945098,,4269,,1542728607,123302709,"""/world""","""vicon/obstacle18/obstacle18""",,,0.413736901762,0.812220341092,0.77305541264,,-0.0262729974931,-0.0858323421698,-0.470667523798,0.877732659004
1542728607168204049,,4270,,1542728607,139892380,"""/world""","""vicon/obstacle18/obstacle18""",,,0.413735227226,0.81220679558,0.773059349329,,-0.0262524306979,-0.0859319915448,-0.470678243685,0.877717775617
1542728607185824684,,4271,,1542728607,156570196,"""/world""","""vicon/obstacle18/obstacle18""",,,0.413725867445,0.812203856911,0.773055733381,,-0.0262475450862,-0.0858944255975,-0.470717886144,0.877700339349
1542728607200724011,,4272,,1542728607,173227714,"""/world""","""vicon/obstacle18/obstacle18""",,,0.413719795396,0.812225477146,0.773057412255,,-0.0260900766271,-0.0857320636184,-0.470862796393,0.877643178144
1542728607217335282,,4273,,1542728607,189889957,"""/world""","""vicon/obstacle18/obstacle18""",,,0.413718354348,0.812245579925,0.773050911388,,-0.0261626873441,-0.0856978824097,-0.47080321468,0.877676318347
1542728607235135491,,4274,,1542728607,206534024,"""/world""","""vicon/obstacle18/obstacle18""",,,0.413727304344,0.8122259444,0.773050239088,,-0.0262135107739,-0.0859521659944,-0.470590770561,0.877763865556
1542728607251741322,,4275,,1542728607,223271229,"""/world""","""vicon/obstacle18/obstacle18""",,,0.413739193681,0.812199177043,0.773053812487,,-0.0263391550004,-0.0860171951289,-0.470599145629,0.877749243912
1542728607268299973,,4276,,1542728607,239995154,"""/world""","""vicon/obstacle18/obstacle18""",,,0.413733758799,0.812204965022,0.773060480196,,-0.0262303027682,-0.0859261496821,-0.470740368468,0.877685691756
1542728607287073830,,4277,,1542728607,256602894,"""/world""","""vicon/obstacle18/obstacle18""",,,0.413718328167,0.812215343562,0.773051644228,,-0.0261857117629,-0.0858549697679,-0.470779548441,0.877672974083
1542728607302577012,,4278,,1542728607,273242875,"""/world""","""vicon/obstacle18/obstacle18""",,,0.41371993152,0.812235156776,0.773051741177,,-0.0260529653232,-0.0857923743463,-0.470785641278,0.877679777293
1542728607318518928,,4279,,1542728607,289963637,"""/world""","""vicon/obstacle18/obstacle18""",,,0.413727762175,0.812245044128,0.773055834245,,-0.0261374171021,-0.0857947380906,-0.47068787745,0.87772946878
1542728607333808137,,4280,,1542728607,306472145,"""/world""","""vicon/obstacle18/obstacle18""",,,0.413728019646,0.812202842881,0.7730509752,,-0.0263580648398,-0.0860026768216,-0.470616129241,0.877740993059
1542728607351227346,,4281,,1542728607,323275614,"""/world""","""vicon/obstacle18/obstacle18""",,,0.413737378666,0.812196547809,0.773050640321,,-0.0262970955646,-0.085964319744,-0.470674601122,0.877715226229
1542728607367385334,,4282,,1542728607,339932595,"""/world""","""vicon/obstacle18/obstacle18""",,,0.413733810624,0.812215288142,0.773051653998,,-0.0261604678977,-0.0858453512753,-0.470800858435,0.877663236829
1542728607384714334,,4283,,1542728607,356548025,"""/world""","""vicon/obstacle18/obstacle18""",,,0.413717789245,0.812231667707,0.773046730942,,-0.0261474363281,-0.0858174522398,-0.470744478991,0.877696594481
1542728607401620645,,4284,,1542728607,373268448,"""/world""","""vicon/obstacle18/obstacle18""",,,0.413722893751,0.812230937521,0.773046563121,,-0.0262208377902,-0.0858261094045,-0.470701405887,0.877716658783
1542728607418049044,,4285,,1542728607,389883436,"""/world""","""vicon/obstacle18/obstacle18""",,,0.413734384509,0.812226375766,0.773058583102,,-0.026184645312,-0.0859198645534,-0.470631484625,0.877746060603
1542728607434399051,,4286,,1542728607,406573597,"""/world""","""vicon/obstacle18/obstacle18""",,,0.413731366036,0.81219868583,0.773065600541,,-0.0263027363199,-0.0860593292624,-0.470604898986,0.877743121283
1542728607449748195,,4287,,1542728607,423202921,"""/world""","""vicon/obstacle18/obstacle18""",,,0.413737827293,0.812202470784,0.773042000322,,-0.0262380718396,-0.0859844044823,-0.470750822805,0.877674147164
1542728607470020825,,4288,,1542728607,439934918,"""/world""","""vicon/obstacle18/obstacle18""",,,0.413726733826,0.81223215511,0.773048896324,,-0.0260003661101,-0.0858670093217,-0.470799968951,0.87766635284
1542728607487237365,,4289,,1542728607,456593483,"""/world""","""vicon/obstacle18/obstacle18""",,,0.413718012325,0.812225469923,0.773048092575,,-0.0262891704537,-0.0858590650737,-0.470698856182,0.877712758965
1542728607500025376,,4290,,1542728607,473206729,"""/world""","""vicon/obstacle18/obstacle18""",,,0.413725676521,0.812218810796,0.773057475589,,-0.0263004663612,-0.0859164022837,-0.470643852865,0.877736304962
1542728607516760421,,4291,,1542728607,489949306,"""/world""","""vicon/obstacle18/obstacle18""",,,0.413745773712,0.812210058988,0.773066488125,,-0.0262073492182,-0.0859073839618,-0.470658782446,0.877731967479
1542728607534500942,,4292,,1542728607,506541683,"""/world""","""vicon/obstacle18/obstacle18""",,,0.41373676244,0.812196582718,0.773039200538,,-0.0263572325752,-0.0860411561945,-0.470686897833,0.877699299271
1542728607551782749,,4293,,1542728607,523312704,"""/world""","""vicon/obstacle18/obstacle18""",,,0.413724768132,0.812215864779,0.773039100474,,-0.0262023374875,-0.086013083278,-0.470682690856,0.877708944664
1542728607570673426,,4294,,1542728607,539878613,"""/world""","""vicon/obstacle18/obstacle18""",,,0.413727891486,0.812228905603,0.773047959701,,-0.0261527298898,-0.0857881709082,-0.470783080436,0.877678594718
1542728607587868976,,4295,,1542728607,556535597,"""/world""","""vicon/obstacle18/obstacle18""",,,0.413719631546,0.812224578382,0.773071507658,,-0.0261162449872,-0.0858637353242,-0.470631815145,0.877753413709
1542728607601074784,,4296,,1542728607,573260578,"""/world""","""vicon/obstacle18/obstacle18""",,,0.413735206342,0.812201216341,0.773056612869,,-0.0263454212601,-0.0860238579625,-0.470587761715,0.877754506206
1542728607619655021,,4297,,1542728607,589960389,"""/world""","""vicon/obstacle18/obstacle18""",,,0.413741587177,0.812211157535,0.77304642495,,-0.0262578844786,-0.0859420348483,-0.470701375544,0.877704224218
1542728607636889247,,4298,,1542728607,606534455,"""/world""","""vicon/obstacle18/obstacle18""",,,0.413731302917,0.812208251406,0.773028335923,,-0.0263252761862,-0.08600786806,-0.470711210261,0.87769048246
1542728607654885849,,4299,,1542728607,623261029,"""/world""","""vicon/obstacle18/obstacle18""",,,0.413724831901,0.812212488347,0.773034577668,,-0.0262376146825,-0.0859147607716,-0.470686994152,0.877715212921
1542728607669857425,,4300,,1542728607,639944507,"""/world""","""vicon/obstacle18/obstacle18""",,,0.413725341348,0.812227298988,0.773071641698,,-0.0261182424954,-0.0857879604072,-0.470715364388,0.877715961452
1542728607683746001,,4301,,1542728607,656596289,"""/world""","""vicon/obstacle18/obstacle18""",,,0.413729355733,0.812210495094,0.773062536384,,-0.0261709504253,-0.0859211388245,-0.470588851832,0.877769201891
1542728607700449135,,4302,,1542728607,673249396,"""/world""","""vicon/obstacle18/obstacle18""",,,0.413733818758,0.812203969214,0.773051122703,,-0.0263298488112,-0.0859797580493,-0.470628428936,0.877737490452
1542728607722528595,,4303,,1542728607,689959418,"""/world""","""vicon/obstacle18/obstacle18""",,,0.413740591577,0.812203167577,0.773030089716,,-0.0262472655404,-0.086111692338,-0.470661693854,0.877709192975
1542728607736959164,,4304,,1542728607,706512238,"""/world""","""vicon/obstacle18/obstacle18""",,,0.413723993449,0.812206287304,0.773029131605,,-0.0262423514828,-0.0859638728878,-0.470717166406,0.877694081556
1542728607750187620,,4305,,1542728607,723183437,"""/world""","""vicon/obstacle18/obstacle18""",,,0.413717771325,0.812215356119,0.773056656463,,-0.0261256566869,-0.0859394799785,-0.470682474816,0.877718556113
1542728607766542991,,4306,,1542728607,739872940,"""/world""","""vicon/obstacle18/obstacle18""",,,0.413729361042,0.812224211034,0.773073314387,,-0.0261935342409,-0.0857331141842,-0.470747971561,0.877701588906
1542728607783249405,,4307,,1542728607,756532571,"""/world""","""vicon/obstacle18/obstacle18""",,,0.413727575675,0.812215215781,0.773058453209,,-0.0262018166366,-0.0858704050714,-0.470671980321,0.877728674066
1542728607802941934,,4308,,1542728607,773272121,"""/world""","""vicon/obstacle18/obstacle18""",,,0.413735335856,0.812198597657,0.773040679259,,-0.0263383736647,-0.0860060965266,-0.470698416033,0.877697124626
1542728607821548871,,4309,,1542728607,790001329,"""/world""","""vicon/obstacle18/obstacle18""",,,0.413732862788,0.812206156921,0.773027789587,,-0.0262223623605,-0.0860150463816,-0.470717529048,0.877689470915
1542728607832697625,,4310,,1542728607,806555441,"""/world""","""vicon/obstacle18/obstacle18""",,,0.413723494012,0.81221601787,0.773042578527,,-0.026293096249,-0.0857936152293,-0.470720584749,0.877707388467
1542728607850885939,,4311,,1542728607,823233728,"""/world""","""vicon/obstacle18/obstacle18""",,,0.413722486396,0.812220678951,0.773072320629,,-0.0261764558342,-0.0857848530481,-0.470703978843,0.877720636905
1542728607869259820,,4312,,1542728607,839885991,"""/world""","""vicon/obstacle18/obstacle18""",,,0.413731959871,0.812224645782,0.773067869555,,-0.0262272401259,-0.0858321693589,-0.47066600941,0.877734856414
1542728607885888442,,4313,,1542728607,856531326,"""/world""","""vicon/obstacle18/obstacle18""",,,0.413730502044,0.812207727197,0.773043244793,,-0.0262119206116,-0.0858968590627,-0.470755369689,0.877681062078
1542728607902638532,,4314,,1542728607,873307702,"""/world""","""vicon/obstacle18/obstacle18""",,,0.413725214676,0.812201765334,0.773030116708,,-0.0262467342018,-0.0859971628165,-0.470691146271,0.877704643803
1542728607919954347,,4315,,1542728607,889889982,"""/world""","""vicon/obstacle18/obstacle18""",,,0.413734127531,0.812210057049,0.773031789296,,-0.0261941795653,-0.0859646661391,-0.47070296813,0.877703057376
1542728607936420589,,4316,,1542728607,906566594,"""/world""","""vicon/obstacle18/obstacle18""",,,0.413726308683,0.812216459587,0.773067830184,,-0.0261892917024,-0.0858297152497,-0.470712396071,0.877711354128
1542728607952506726,,4317,,1542728607,923203909,"""/world""","""vicon/obstacle18/obstacle18""",,,0.413718861096,0.812212373717,0.773070094315,,-0.0262209481497,-0.0858150613498,-0.470664644009,0.877737449357
1542728607969173013,,4318,,1542728607,939853562,"""/world""","""vicon/obstacle18/obstacle18""",,,0.413730749196,0.812213168585,0.77305676408,,-0.0260949504218,-0.0859045465013,-0.470679651166,0.877724403461
1542728607985528903,,4319,,1542728607,956561988,"""/world""","""vicon/obstacle18/obstacle18""",,,0.413725975943,0.812216699056,0.773025946608,,-0.0262793596072,-0.0859619470219,-0.470737581082,0.877682213948
1542728608001896606,,4320,,1542728607,973241528,"""/world""","""vicon/obstacle18/obstacle18""",,,0.413726345926,0.812213809461,0.773030351418,,-0.0262672910089,-0.085899766829,-0.470732265592,0.877691513923
1542728608019294957,,4321,,1542728607,989904040,"""/world""","""vicon/obstacle18/obstacle18""",,,0.413735985253,0.812209716221,0.773059631699,,-0.026286254801,-0.0859279383512,-0.470667245799,0.877723057662
1542728608036831730,,4322,,1542728608,6527079,"""/world""","""vicon/obstacle18/obstacle18""",,,0.413724767403,0.812201912511,0.773076718549,,-0.0262378742975,-0.0858997700879,-0.470604081602,0.87776113028
1542728608052356227,,4323,,1542728608,23193453,"""/world""","""vicon/obstacle18/obstacle18""",,,0.413719938887,0.812212864576,0.773063003833,,-0.026115494281,-0.0859129344061,-0.470666096838,0.87773023985
1542728608069860624,,4324,,1542728608,39921747,"""/world""","""vicon/obstacle18/obstacle18""",,,0.41372736981,0.812225664673,0.773030717879,,-0.0262101412244,-0.0859013710186,-0.470778226549,0.877668413674
1542728608086055063,,4325,,1542728608,56539578,"""/world""","""vicon/obstacle18/obstacle18""",,,0.413731429352,0.812228678097,0.773029483867,,-0.0262861902799,-0.0858674430246,-0.47080022628,0.877657658409
1542728608103573925,,4326,,1542728608,73220482,"""/world""","""vicon/obstacle18/obstacle18""",,,0.41372955706,0.812203049562,0.773052434343,,-0.0262089732728,-0.0859571396043,-0.470641452462,0.877736340307
1542728608119225725,,4327,,1542728608,89887264,"""/world""","""vicon/obstacle18/obstacle18""",,,0.413732701957,0.812192744039,0.773077411806,,-0.026261271736,-0.0859562305075,-0.470637760441,0.877736845809
1542728608136098293,,4328,,1542728608,106536425,"""/world""","""vicon/obstacle18/obstacle18""",,,0.41372626448,0.812212444314,0.773075878084,,-0.0262322681386,-0.0858099349099,-0.47069461238,0.877721541866
1542728608152939021,,4329,,1542728608,123255451,"""/world""","""vicon/obstacle18/obstacle18""",,,0.413717544283,0.812239521702,0.773038947742,,-0.0261507978659,-0.0858440369049,-0.470776408138,0.877676768885
1542728608169230847,,4330,,1542728608,139888958,"""/world""","""vicon/obstacle18/obstacle18""",,,0.413724879417,0.812234548135,0.773028503137,,-0.0262109196229,-0.0858823143129,-0.470759967026,0.877680049464
1542728608187155847,,4331,,1542728608,156542792,"""/world""","""vicon/obstacle18/obstacle18""",,,0.413733593143,0.812211428595,0.773052133035,,-0.0262866891763,-0.0859535403795,-0.470686660862,0.877710126497
1542728608204149588,,4332,,1542728608,173248810,"""/world""","""vicon/obstacle18/obstacle18""",,,0.413734437378,0.812185896099,0.773073606903,,-0.0262011709955,-0.0859927169468,-0.470653591496,0.877726579341
1542728608222353844,,4333,,1542728608,189868853,"""/world""","""vicon/obstacle18/obstacle18""",,,0.413724991978,0.812198360633,0.773069662228,,-0.0262530650694,-0.0857967331486,-0.470754878893,0.877689888944
1542728608238252783,,4334,,1542728608,206571306,"""/world""","""vicon/obstacle18/obstacle18""",,,0.413723064778,0.812241589604,0.773042305476,,-0.0261492475608,-0.0858246567867,-0.470808883932,0.877661289992
1542728608251856533,,4335,,1542728608,223274424,"""/world""","""vicon/obstacle18/obstacle18""",,,0.413718039435,0.812243003288,0.773026038625,,-0.0261623606604,-0.085891664779,-0.470764436246,0.877678186109
1542728608267134444,,4336,,1542728608,239924706,"""/world""","""vicon/obstacle18/obstacle18""",,,0.41372552216,0.812212120453,0.773045489556,,-0.0263846609944,-0.0859164711121,-0.470689427451,0.877709332605
1542728608286003383,,4337,,1542728608,256549084,"""/world""","""vicon/obstacle18/obstacle18""",,,0.413736635676,0.812192146019,0.773068642834,,-0.0262725017609,-0.0859448740683,-0.470708177466,0.877699860966
1542728608302728197,,4338,,1542728608,273217208,"""/world""","""vicon/obstacle18/obstacle18""",,,0.413727597596,0.812191968186,0.773068473728,,-0.0261776064431,-0.0859456330878,-0.470676603221,0.877719554445
1542728608316856308,,4339,,1542728608,289880126,"""/world""","""vicon/obstacle18/obstacle18""",,,0.413721582185,0.812224265795,0.773046918487,,-0.0261887339027,-0.0858914385799,-0.470712028056,0.87770553014
1542728608334145177,,4340,,1542728608,306575084,"""/world""","""vicon/obstacle18/obstacle18""",,,0.41372425803,0.812248476154,0.773028065715,,-0.0261389536,-0.085895677977,-0.470760090551,0.877680821685
1542728608354337925,,4341,,1542728608,323336942,"""/world""","""vicon/obstacle18/obstacle18""",,,0.413724295079,0.812223716741,0.773044136903,,-0.0262480112084,-0.0859437814329,-0.470721194766,0.877693719437
1542728608371754828,,4342,,1542728608,339856937,"""/world""","""vicon/obstacle18/obstacle18""",,,0.413731531309,0.812193703363,0.773054555548,,-0.0264447703049,-0.0859476997375,-0.470680385772,0.877709314912
1542728608387217182,,4343,,1542728608,356538914,"""/world""","""vicon/obstacle18/obstacle18""",,,0.413734169748,0.812206994395,0.773063698009,,-0.026249737695,-0.0859169459455,-0.470677108302,0.877719937902
1542728608401182495,,4344,,1542728608,373186888,"""/world""","""vicon/obstacle18/obstacle18""",,,0.413719847258,0.812222542666,0.773052720183,,-0.0262189859699,-0.0858859558118,-0.470726216049,0.877697554339
1542728608417745336,,4345,,1542728608,389859624,"""/world""","""vicon/obstacle18/obstacle18""",,,0.413717893386,0.812227416586,0.773032487565,,-0.0262297504169,-0.0859512204243,-0.470678182066,0.877716603938
1542728608433926322,,4346,,1542728608,406537652,"""/world""","""vicon/obstacle18/obstacle18""",,,0.413726057257,0.812222483109,0.773044844571,,-0.0262670634444,-0.0858863280912,-0.470729117857,0.877694524095
1542728608451048984,,4347,,1542728608,423279383,"""/world""","""vicon/obstacle18/obstacle18""",,,0.413728932126,0.812200499643,0.77305814898,,-0.0262656670833,-0.0859760394745,-0.470660048428,0.877722823096
1542728608468669142,,4348,,1542728608,439874724,"""/world""","""vicon/obstacle18/obstacle18""",,,0.413732381265,0.812202348069,0.773057658949,,-0.0262801950273,-0.0859656059947,-0.470625463963,0.877741954452
1542728608485645404,,4349,,1542728608,456576784,"""/world""","""vicon/obstacle18/obstacle18""",,,0.413726650466,0.812221429465,0.773045490683,,-0.0262688686738,-0.0858951238907,-0.47072566181,0.877695462871
1542728608502220608,,4350,,1542728608,473235008,"""/world""","""vicon/obstacle18/obstacle18""",,,0.413715558415,0.812229233819,0.773037807023,,-0.0262672506705,-0.0858854496871,-0.470717544332,0.877700811514
1542728608519403267,,4351,,1542728608,489875395,"""/world""","""vicon/obstacle18/obstacle18""",,,0.41371902738,0.812218626063,0.773041548519,,-0.0262949623782,-0.086000970887,-0.470665655877,0.877716496562
1542728608535286160,,4352,,1542728608,506563426,"""/world""","""vicon/obstacle18/obstacle18""",,,0.413728804184,0.812208189603,0.773056458227,,-0.0261990530004,-0.0859217716668,-0.47068983984,0.877714152471
1542728608549093578,,4353,,1542728608,523188756,"""/world""","""vicon/obstacle18/obstacle18""",,,0.413735112377,0.812209933543,0.773063282735,,-0.0262767250072,-0.0858786237799,-0.470688515824,0.877716763411
1542728608566418035,,4354,,1542728608,539866335,"""/world""","""vicon/obstacle18/obstacle18""",,,0.413727623045,0.812205714563,0.773039810869,,-0.0262791350802,-0.0859873750244,-0.470644808622,0.877729481397
1542728608582237673,,4355,,1542728608,556639589,"""/world""","""vicon/obstacle18/obstacle18""",,,0.413720985081,0.812217186887,0.773038923352,,-0.0262776371556,-0.0859583270708,-0.470677917082,0.877714617723
1542728608599262565,,4356,,1542728608,573170278,"""/world""","""vicon/obstacle18/obstacle18""",,,0.41371574455,0.812217377504,0.773042192383,,-0.0263162269501,-0.0859531175138,-0.470686620094,0.877709304641
1542728608615934498,,4357,,1542728608,589882812,"""/world""","""vicon/obstacle18/obstacle18""",,,0.413725832203,0.812203486313,0.773043641383,,-0.0263776204164,-0.0859452410219,-0.470673866058,0.877715072502
1542728608632587634,,4358,,1542728608,606542931,"""/world""","""vicon/obstacle18/obstacle18""",,,0.413733543234,0.812211861266,0.773062109306,,-0.0262980647809,-0.0857818379084,-0.470771063667,0.877681316702
1542728608656911324,,4359,,1542728608,623272334,"""/world""","""vicon/obstacle18/obstacle18""",,,0.413733313905,0.812210250586,0.7730441846,,-0.0262861922309,-0.0859955599811,-0.470643087511,0.877729391065
1542728608672000211,,4360,,1542728608,639921473,"""/world""","""vicon/obstacle18/obstacle18""",,,0.413721233453,0.812209461869,0.773033074008,,-0.0263429222736,-0.0859638666224,-0.470666376311,0.877718306914
1542728608687597303,,4361,,1542728608,656620814,"""/world""","""vicon/obstacle18/obstacle18""",,,0.413721149092,0.812209067011,0.773035378808,,-0.0264482870019,-0.0859968821782,-0.470666036307,0.877712086414
1542728608700736046,,4362,,1542728608,673290155,"""/world""","""vicon/obstacle18/obstacle18""",,,0.413726606734,0.812220895897,0.773057154752,,-0.0261410481947,-0.0858346114568,-0.470771597266,0.877680561641
1542728608717780149,,4363,,1542728608,689874714,"""/world""","""vicon/obstacle18/obstacle18""",,,0.413725777394,0.81221594721,0.773062613837,,-0.0261303999683,-0.085920739014,-0.470659045582,0.877732813342
1542728608735620436,,4364,,1542728608,706596488,"""/world""","""vicon/obstacle18/obstacle18""",,,0.413733562614,0.812211231315,0.773047345096,,-0.0262404103095,-0.0858946164705,-0.470671790404,0.877725253964
1542728608752612844,,4365,,1542728608,723295360,"""/world""","""vicon/obstacle18/obstacle18""",,,0.413718675602,0.812214001783,0.773039100425,,-0.0263697076724,-0.086009209979,-0.470613221264,0.877741562356
1542728608769342107,,4366,,1542728608,739931368,"""/world""","""vicon/obstacle18/obstacle18""",,,0.413717800343,0.812199932055,0.773038385288,,-0.0263274228456,-0.0859981654875,-0.470623921096,0.877738176925
1542728608786741578,,4367,,1542728608,756590293,"""/world""","""vicon/obstacle18/obstacle18""",,,0.413726775652,0.812219325214,0.773063200665,,-0.0261993571275,-0.0859409837351,-0.470688671758,0.877712888865
1542728608803874531,,4368,,1542728608,773325451,"""/world""","""vicon/obstacle18/obstacle18""",,,0.413725802574,0.812219840494,0.773067360122,,-0.0260788672461,-0.0857873687975,-0.47075681755,0.877694957698
1542728608819080622,,4369,,1542728608,789892976,"""/world""","""vicon/obstacle18/obstacle18""",,,0.413729521302,0.812204486192,0.773044052314,,-0.0262634278717,-0.0858768310209,-0.470720041853,0.877700429787
1542728608836821594,,4370,,1542728608,806594622,"""/world""","""vicon/obstacle18/obstacle18""",,,0.413726230198,0.812220802657,0.773041973128,,-0.0263327076925,-0.0858914095848,-0.470680498194,0.877718134075
1542728608852754235,,4371,,1542728608,823298371,"""/world""","""vicon/obstacle18/obstacle18""",,,0.413719568865,0.812203283857,0.773040533774,,-0.0264058589039,-0.0860371970077,-0.470659295701,0.877713027542
1542728608869283248,,4372,,1542728608,839906980,"""/world""","""vicon/obstacle18/obstacle18""",,,0.413722120302,0.812213213227,0.773068562788,,-0.0262200126673,-0.085911083811,-0.470717143116,0.877699930381
1542728608885760939,,4373,,1542728608,856551753,"""/world""","""vicon/obstacle18/obstacle18""",,,0.413727149975,0.812213582173,0.773068739291,,-0.0262113022395,-0.0858183935976,-0.470772572846,0.877679528992
1542728608902694656,,4374,,1542728608,873262177,"""/world""","""vicon/obstacle18/obstacle18""",,,0.413727472445,0.812214876551,0.77305575217,,-0.0262158951537,-0.085890826911,-0.470679008683,0.877722486598
1542728608919409485,,4375,,1542728608,889849889,"""/world""","""vicon/obstacle18/obstacle18""",,,0.413718591972,0.812215972967,0.773039476188,,-0.0263420505906,-0.0858865084009,-0.470639603893,0.877740261861
1542728608936779588,,4376,,1542728608,906651509,"""/world""","""vicon/obstacle18/obstacle18""",,,0.413725063005,0.812215339221,0.773039293974,,-0.0263544182955,-0.0859552663647,-0.470692611764,0.87770473512
1542728608953405443,,4377,,1542728608,923267090,"""/world""","""vicon/obstacle18/obstacle18""",,,0.413720750304,0.81221476346,0.773064675129,,-0.0261899317052,-0.085937192494,-0.470719184969,0.877697177463
1542728608970210350,,4378,,1542728608,939857524,"""/world""","""vicon/obstacle18/obstacle18""",,,0.413729552961,0.812201546708,0.773066068597,,-0.0262068951923,-0.0858016943911,-0.470768292079,0.877683589374
1542728608985985584,,4379,,1542728608,956577055,"""/world""","""vicon/obstacle18/obstacle18""",,,0.41372723185,0.812219347844,0.773067094746,,-0.0261341961654,-0.0857971090527,-0.470754546755,0.877693577838
1542728609005857018,,4380,,1542728608,973211374,"""/world""","""vicon/obstacle18/obstacle18""",,,0.4137248517,0.812218766723,0.773040275969,,-0.0263882048988,-0.0860098442592,-0.470600074756,0.877747992862
1542728609019515616,,4381,,1542728608,989886763,"""/world""","""vicon/obstacle18/obstacle18""",,,0.413725398575,0.812215361119,0.773037799315,,-0.0263460850811,-0.0860029578149,-0.470661417211,0.877717041761
1542728609037063274,,4382,,1542728609,6584306,"""/world""","""vicon/obstacle18/obstacle18""",,,0.413720953131,0.812211985398,0.773052816853,,-0.0262316463862,-0.085910420667,-0.470695183231,0.877711424576
1542728609049819546,,4383,,1542728609,23194312,"""/world""","""vicon/obstacle18/obstacle18""",,,0.413720939433,0.812205087891,0.773062929637,,-0.0262105025229,-0.0857166437231,-0.470790675428,0.877679785842
1542728609065888392,,4384,,1542728609,39905183,"""/world""","""vicon/obstacle18/obstacle18""",,,0.41372128794,0.812214394852,0.773069892818,,-0.0262016682158,-0.0857779917435,-0.470768549624,0.877685924121
1542728609083902466,,4385,,1542728609,56593986,"""/world""","""vicon/obstacle18/obstacle18""",,,0.413729254964,0.812217842133,0.77305849974,,-0.0262088217467,-0.0858750234416,-0.470645598929,0.877742159304
1542728609103874010,,4386,,1542728609,73245497,"""/world""","""vicon/obstacle18/obstacle18""",,,0.413722087416,0.812213439864,0.773035120794,,-0.0263177925028,-0.0860185726279,-0.470656743931,0.877718866354
1542728609119943767,,4387,,1542728609,89943478,"""/world""","""vicon/obstacle18/obstacle18""",,,0.413719505369,0.812212547368,0.773046729256,,-0.0262487840865,-0.0859003089292,-0.470706429334,0.877705870804
1542728609136700236,,4388,,1542728609,106586288,"""/world""","""vicon/obstacle18/obstacle18""",,,0.41372621423,0.812199625926,0.773056458385,,-0.0261976000951,-0.0858829341725,-0.470731733675,0.877695529372
1542728609152256256,,4389,,1542728609,123362124,"""/world""","""vicon/obstacle18/obstacle18""",,,0.41372278823,0.812217019774,0.77306507276,,-0.0262020026376,-0.0858521056029,-0.470720131195,0.8777046366
1542728609168765772,,4390,,1542728609,139920443,"""/world""","""vicon/obstacle18/obstacle18""",,,0.413727530927,0.812218350799,0.773062076279,,-0.0262533098585,-0.0859348906512,-0.470688490678,0.877711970429
1542728609186692762,,4391,,1542728609,156610555,"""/world""","""vicon/obstacle18/obstacle18""",,,0.413725092653,0.812221040999,0.773043317309,,-0.0263016210196,-0.0859565700358,-0.470659355994,0.877724024631
1542728609203058229,,4392,,1542728609,173245595,"""/world""","""vicon/obstacle18/obstacle18""",,,0.413718541933,0.812206601078,0.773037951628,,-0.0262596393835,-0.0859857495282,-0.470651639917,0.8777265611
1542728609220275671,,4393,,1542728609,189912241,"""/world""","""vicon/obstacle18/obstacle18""",,,0.413729936552,0.812200046241,0.773050620185,,-0.0262301553556,-0.0859181891607,-0.4707063018,0.877704746009
1542728609236857812,,4394,,1542728609,206602768,"""/world""","""vicon/obstacle18/obstacle18""",,,0.413723698479,0.812222630262,0.773075874207,,-0.026093773809,-0.0858044294072,-0.470731650506,0.877706345012
1542728609254644255,,4395,,1542728609,223294240,"""/world""","""vicon/obstacle18/obstacle18""",,,0.413724297221,0.812225820392,0.773059816054,,-0.0263182077929,-0.0859347742064,-0.470635087916,0.877738674403
1542728609270478298,,4396,,1542728609,239957583,"""/world""","""vicon/obstacle18/obstacle18""",,,0.413717500368,0.812226296898,0.773051407595,,-0.026281272303,-0.085847351123,-0.47069950233,0.877713794775
1542728609286834489,,4397,,1542728609,256601323,"""/world""","""vicon/obstacle18/obstacle18""",,,0.413726319636,0.81220577136,0.773030026852,,-0.0263211747432,-0.0859850949747,-0.470636501624,0.877732899316
1542728609302066169,,4398,,1542728609,273272474,"""/world""","""vicon/obstacle18/obstacle18""",,,0.413727673863,0.812203184641,0.773052472948,,-0.0261331893938,-0.0858956014525,-0.470706497105,0.877709744532
1542728609318410040,,4399,,1542728609,289864002,"""/world""","""vicon/obstacle18/obstacle18""",,,0.413726203039,0.812214508978,0.773070986662,,-0.0261295090249,-0.0858891536334,-0.470735649975,0.877694850098
1542728609332967773,,4400,,1542728609,306516700,"""/world""","""vicon/obstacle18/obstacle18""",,,0.413730423999,0.812221499434,0.773053413543,,-0.026287984849,-0.0859295434783,-0.470698226917,0.877706234789
1542728609350219891,,4401,,1542728609,323596548,"""/world""","""vicon/obstacle18/obstacle18""",,,0.413717005286,0.812233916283,0.77304712592,,-0.0262608319582,-0.0857850454815,-0.470735964204,0.877700943762
1542728609366495444,,4402,,1542728609,339819620,"""/world""","""vicon/obstacle18/obstacle18""",,,0.41372068671,0.812206196919,0.77303103772,,-0.0263624867477,-0.0859137686796,-0.470695972441,0.877706753518
1542728609383063844,,4403,,1542728609,356574559,"""/world""","""vicon/obstacle18/obstacle18""",,,0.413728202551,0.812203606924,0.773052737386,,-0.0262778603878,-0.086007819763,-0.47065980571,0.877719474708
1542728609402452413,,4404,,1542728609,373300066,"""/world""","""vicon/obstacle18/obstacle18""",,,0.413736140658,0.812207620804,0.773068948066,,-0.026136636996,-0.0859367051983,-0.470681603682,0.877718968043
1542728609418484820,,4405,,1542728609,389917221,"""/world""","""vicon/obstacle18/obstacle18""",,,0.413721551294,0.81221243052,0.773059897842,,-0.0262276541712,-0.0859363679416,-0.470722017155,0.877694612828
1542728609436477945,,4406,,1542728609,406631585,"""/world""","""vicon/obstacle18/obstacle18""",,,0.413716924357,0.812231127833,0.773037509221,,-0.026206025019,-0.0859230708187,-0.470663215476,0.87772809443
1542728609453448656,,4407,,1542728609,423305923,"""/world""","""vicon/obstacle18/obstacle18""",,,0.413721443418,0.812216260848,0.773041042314,,-0.0262256567465,-0.0858775955311,-0.470715753634,0.877703784198
1542728609469515690,,4408,,1542728609,439963169,"""/world""","""vicon/obstacle18/obstacle18""",,,0.413724446021,0.812208561858,0.773055188648,,-0.0262343382923,-0.0858539664652,-0.470713819888,0.877706873451
1542728609485492176,,4409,,1542728609,456604815,"""/world""","""vicon/obstacle18/obstacle18""",,,0.413731294254,0.81220130374,0.773057510034,,-0.0262093788858,-0.0859311756763,-0.470714204594,0.877699857069
1542728609501993400,,4410,,1542728609,473249721,"""/world""","""vicon/obstacle18/obstacle18""",,,0.413728364863,0.812215517835,0.773063898569,,-0.0263136198984,-0.0858491679128,-0.470781240365,0.877668808547
1542728609518590063,,4411,,1542728609,489923746,"""/world""","""vicon/obstacle18/obstacle18""",,,0.413719703551,0.812222368059,0.773045649098,,-0.0261695063219,-0.0858588389058,-0.470693972895,0.877718975869
1542728609538202945,,4412,,1542728609,506632660,"""/world""","""vicon/obstacle18/obstacle18""",,,0.413721729906,0.812210459148,0.773026225181,,-0.0263307145648,-0.0858474046995,-0.470683955381,0.877720645037
1542728609552875394,,4413,,1542728609,523323915,"""/world""","""vicon/obstacle18/obstacle18""",,,0.413724428278,0.81221265025,0.773058478125,,-0.0262315441644,-0.0858434834059,-0.470697925502,0.877716506268
1542728609571921376,,4414,,1542728609,539905196,"""/world""","""vicon/obstacle18/obstacle18""",,,0.413727326663,0.812205012993,0.773060123005,,-0.0262849620724,-0.0858593955484,-0.470726320298,0.877698123698
1542728609586517742,,4415,,1542728609,556639308,"""/world""","""vicon/obstacle18/obstacle18""",,,0.413728077126,0.812219003346,0.773064755192,,-0.0261876275263,-0.0858500470712,-0.470740458171,0.877694365154
1542728609598636544,,4416,,1542728609,573151005,"""/world""","""vicon/obstacle18/obstacle18""",,,0.413726948172,0.812223597681,0.77304903408,,-0.0262344972509,-0.0858326673801,-0.470747871045,0.877690689407
1542728609615296608,,4417,,1542728609,590572241,"""/world""","""vicon/obstacle18/obstacle18""",,,0.413718932139,0.812209374704,0.773041291896,,-0.0262578109283,-0.085919889696,-0.470657989252,0.877729660586
1542728609634259443,,4418,,1542728609,606648317,"""/world""","""vicon/obstacle18/obstacle18""",,,0.413724002092,0.812206907379,0.773058936753,,-0.0262747739657,-0.0858400097608,-0.470661148495,0.877735274598
1542728609653090055,,4419,,1542728609,623269734,"""/world""","""vicon/obstacle18/obstacle18""",,,0.413729822308,0.812205307336,0.773044444059,,-0.0262091102255,-0.0860154760433,-0.470653925533,0.877723933137
1542728609667428492,,4420,,1542728609,640005801,"""/world""","""vicon/obstacle18/obstacle18""",,,0.413726035126,0.81222680837,0.773054082227,,-0.026215548485,-0.0858704374575,-0.470707930549,0.877708982013
1542728609683545675,,4421,,1542728609,656619450,"""/world""","""vicon/obstacle18/obstacle18""",,,0.41372484182,0.812223042888,0.773056570331,,-0.0261512579209,-0.0859131029255,-0.470697010104,0.877712581164
1542728609701266553,,4422,,1542728609,673333602,"""/world""","""vicon/obstacle18/obstacle18""",,,0.413729343008,0.81221606759,0.773052257065,,-0.026097000155,-0.0858059686583,-0.470723516367,0.877710461066
1542728609718947756,,4423,,1542728609,689986774,"""/world""","""vicon/obstacle18/obstacle18""",,,0.413721858196,0.812209034201,0.773051763304,,-0.026275087896,-0.0859406014565,-0.470676088123,0.877717410587
1542728609734272455,,4424,,1542728609,706644611,"""/world""","""vicon/obstacle18/obstacle18""",,,0.413727852761,0.812202552283,0.773058878836,,-0.0263200627424,-0.0859235270572,-0.470686578402,0.877712109241
1542728609751589986,,4425,,1542728609,723272438,"""/world""","""vicon/obstacle18/obstacle18""",,,0.413732984543,0.812224907859,0.773061425751,,-0.0262098466055,-0.0858550377844,-0.470731121761,0.877698221163
1542728609768153929,,4426,,1542728609,739926142,"""/world""","""vicon/obstacle18/obstacle18""",,,0.413726200489,0.812228304499,0.773060963241,,-0.0261529169724,-0.0857735891583,-0.470765776573,0.87768929579
1542728609784237540,,4427,,1542728609,756611277,"""/world""","""vicon/obstacle18/obstacle18""",,,0.413721581984,0.812211358327,0.773046790497,,-0.0263104704746,-0.0859269400735,-0.470669536112,0.877721201686
1542728609802742571,,4428,,1542728609,773285889,"""/world""","""vicon/obstacle18/obstacle18""",,,0.413726578928,0.812207063821,0.773050212689,,-0.0262442976793,-0.0858396069606,-0.470690383471,0.877720548708
1542728609819242631,,4429,,1542728609,789884161,"""/world""","""vicon/obstacle18/obstacle18""",,,0.413732962925,0.81220036487,0.773063227744,,-0.0262884134041,-0.0859507123864,-0.470711352776,0.877697109901
1542728609835778558,,4430,,1542728609,806578821,"""/world""","""vicon/obstacle18/obstacle18""",,,0.413728574517,0.812213440386,0.773066737496,,-0.0261759658214,-0.0859346516343,-0.470688459021,0.877714320839
1542728609851458473,,4431,,1542728609,823196358,"""/world""","""vicon/obstacle18/obstacle18""",,,0.413733841675,0.812227208396,0.773052103998,,-0.0261082212848,-0.0858066925944,-0.470738288827,0.877702133824
1542728609868733075,,4432,,1542728609,839927177,"""/world""","""vicon/obstacle18/obstacle18""",,,0.413717348715,0.812219537067,0.77305218405,,-0.0261256244835,-0.0858338005764,-0.470712189078,0.877712963034
1542728609888205667,,4433,,1542728609,856621105,"""/world""","""vicon/obstacle18/obstacle18""",,,0.413718451852,0.812205799064,0.773048223854,,-0.0263203354741,-0.0859255929742,-0.470644738352,0.877734334907
1542728609904412386,,4434,,1542728609,873275428,"""/world""","""vicon/obstacle18/obstacle18""",,,0.413731121126,0.812212214707,0.773068100363,,-0.0261963823536,-0.0858754291746,-0.470689770757,0.877718804584
1542728609921371989,,4435,,1542728609,889906980,"""/world""","""vicon/obstacle18/obstacle18""",,,0.413731426919,0.81221249431,0.773062583585,,-0.0261863579478,-0.085983823017,-0.470657119885,0.877726000719
1542728609935697058,,4436,,1542728609,906603614,"""/world""","""vicon/obstacle18/obstacle18""",,,0.413733986557,0.812210833937,0.773041083061,,-0.0262313533828,-0.0859537139359,-0.470695167196,0.877707203308
1542728609952604396,,4437,,1542728609,923242557,"""/world""","""vicon/obstacle18/obstacle18""",,,0.413728182668,0.812228040215,0.773046254559,,-0.0261914196309,-0.0858585400598,-0.470707024118,0.877711352372
1542728609968838183,,4438,,1542728609,939884176,"""/world""","""vicon/obstacle18/obstacle18""",,,0.413723495729,0.812208895909,0.773035441933,,-0.0262765523312,-0.085959415141,-0.470681713525,0.877712507772
1542728609985892083,,4439,,1542728609,956620751,"""/world""","""vicon/obstacle18/obstacle18""",,,0.413719787061,0.812209456856,0.773059722317,,-0.0263015291736,-0.0859263202396,-0.470663386764,0.877724827844
1542728610003605582,,4440,,1542728609,973301512,"""/world""","""vicon/obstacle18/obstacle18""",,,0.413736856371,0.812216436035,0.773066486451,,-0.0262607572239,-0.0858587638658,-0.470733500867,0.877695058923
1542728610019066944,,4441,,1542728609,989948817,"""/world""","""vicon/obstacle18/obstacle18""",,,0.413732269016,0.812213287888,0.773053984266,,-0.026239515927,-0.0859907665991,-0.470630739056,0.87773787848
1542728610036401671,,4442,,1542728610,6680631,"""/world""","""vicon/obstacle18/obstacle18""",,,0.413723197197,0.812213856809,0.773040154486,,-0.0261956990804,-0.085908513079,-0.470674737296,0.877723649221
1542728610053159604,,4443,,1542728610,23230572,"""/world""","""vicon/obstacle18/obstacle18""",,,0.413727476972,0.812210083727,0.773040758227,,-0.0262887458367,-0.0859405266062,-0.470666010397,0.877722413059
1542728610069413396,,4444,,1542728610,39848175,"""/world""","""vicon/obstacle18/obstacle18""",,,0.413722848209,0.81221473007,0.773062127573,,-0.0262346892601,-0.0859660769987,-0.470643316579,0.877733697225
1542728610086281445,,4445,,1542728610,56566155,"""/world""","""vicon/obstacle18/obstacle18""",,,0.413727398332,0.812212609526,0.773068239078,,-0.0263359660881,-0.0858500080974,-0.470686361883,0.877718942337
1542728610103214511,,4446,,1542728610,73220281,"""/world""","""vicon/obstacle18/obstacle18""",,,0.413732035052,0.812217686885,0.773050476045,,-0.0261877423898,-0.0859015182635,-0.470730263988,0.877694793123
1542728610119225751,,4447,,1542728610,89863335,"""/world""","""vicon/obstacle18/obstacle18""",,,0.413723580178,0.812210784828,0.773031878109,,-0.0262333470106,-0.0859539364221,-0.470663499739,0.877724103766
1542728610135573032,,4448,,1542728610,106567402,"""/world""","""vicon/obstacle18/obstacle18""",,,0.413726102413,0.81220348267,0.773043017741,,-0.0263440816013,-0.0858748159204,-0.470659300129,0.877730783645
1542728610153402429,,4449,,1542728610,123241267,"""/world""","""vicon/obstacle18/obstacle18""",,,0.413728155884,0.812212998195,0.773067078148,,-0.026364882727,-0.085876896857,-0.470715782981,0.877699665716
1542728610170187462,,4450,,1542728610,139839583,"""/world""","""vicon/obstacle18/obstacle18""",,,0.413726873035,0.812210642412,0.773057990365,,-0.0262745945034,-0.0859909523928,-0.470664223242,0.877718856326
1542728610187284436,,4451,,1542728610,156592769,"""/world""","""vicon/obstacle18/obstacle18""",,,0.41372289012,0.812217200423,0.773050496982,,-0.0262310311553,-0.0858408337366,-0.470688348663,0.877721916498
1542728610203495867,,4452,,1542728610,173275418,"""/world""","""vicon/obstacle18/obstacle18""",,,0.413730287983,0.81221789737,0.773031684102,,-0.0262135023603,-0.085965967116,-0.470651798952,0.877729792667
1542728610222191220,,4453,,1542728610,189933505,"""/world""","""vicon/obstacle18/obstacle18""",,,0.413723247181,0.812210522679,0.773041026941,,-0.0263967558231,-0.0859259955744,-0.47071571237,0.877693940218
1542728610237437821,,4454,,1542728610,206675455,"""/world""","""vicon/obstacle18/obstacle18""",,,0.413723533818,0.812200368451,0.773068265833,,-0.0262665010466,-0.086060381141,-0.470593296248,0.87775032398
1542728610253915006,,4455,,1542728610,223263696,"""/world""","""vicon/obstacle18/obstacle18""",,,0.413728418388,0.812206569414,0.773057542292,,-0.0262856613212,-0.085931174231,-0.470697405225,0.877706585379
1542728610270364877,,4456,,1542728610,239917138,"""/world""","""vicon/obstacle18/obstacle18""",,,0.413720370206,0.812222902516,0.773053024323,,-0.0262761394579,-0.0858032308754,-0.470738557582,0.877697317116
1542728610287052657,,4457,,1542728610,256614071,"""/world""","""vicon/obstacle18/obstacle18""",,,0.413721733699,0.81221991699,0.77303916744,,-0.0262401393145,-0.0858333447652,-0.470720281635,0.877705251478
1542728610304012697,,4458,,1542728610,273283740,"""/world""","""vicon/obstacle18/obstacle18""",,,0.413728593285,0.812215927912,0.773046247988,,-0.0262785800423,-0.0859287281414,-0.470696261539,0.877707650237
1542728610318387776,,4459,,1542728610,289829972,"""/world""","""vicon/obstacle18/obstacle18""",,,0.4137251296,0.812205910164,0.773063655904,,-0.0263417224349,-0.0859450845121,-0.470654945958,0.87772631153
1542728610335866251,,4460,,1542728610,306664308,"""/world""","""vicon/obstacle18/obstacle18""",,,0.413719751788,0.81220320981,0.773063282879,,-0.0262730724539,-0.0859302648312,-0.470696413267,0.877707583303
1542728610353723820,,4461,,1542728610,323296651,"""/world""","""vicon/obstacle18/obstacle18""",,,0.413723534266,0.812218217922,0.773053494044,,-0.0262570085808,-0.0857601616583,-0.470792329388,0.877673257404
1542728610370426177,,4462,,1542728610,339999718,"""/world""","""vicon/obstacle18/obstacle18""",,,0.413726703249,0.812225361072,0.773049338144,,-0.0261435080285,-0.0857867288618,-0.470795943133,0.877672110796
1542728610386857716,,4463,,1542728610,356610610,"""/world""","""vicon/obstacle18/obstacle18""",,,0.413724637011,0.812215457718,0.773042555871,,-0.0263045103331,-0.0858954702705,-0.470696739669,0.877709872445
1542728610402411641,,4464,,1542728610,373361513,"""/world""","""vicon/obstacle18/obstacle18""",,,0.413726861282,0.812209043722,0.773055570024,,-0.0261907664901,-0.0859482298337,-0.470650514487,0.877732897158
1542728610419105873,,4465,,1542728610,389923393,"""/world""","""vicon/obstacle18/obstacle18""",,,0.413723889284,0.812214997687,0.773069176278,,-0.0263079978958,-0.085810669029,-0.470742523314,0.877693508619
1542728610436144994,,4466,,1542728610,406667693,"""/world""","""vicon/obstacle18/obstacle18""",,,0.413718366032,0.812215030226,0.773051254177,,-0.0262792462171,-0.0859054687523,-0.470682041489,0.877717532852
1542728610452474588,,4467,,1542728610,423287200,"""/world""","""vicon/obstacle18/obstacle18""",,,0.413725285797,0.812222385207,0.773046349959,,-0.0262436922759,-0.0858324163197,-0.470712219334,0.877709559874
1542728610470192518,,4468,,1542728610,439912044,"""/world""","""vicon/obstacle18/obstacle18""",,,0.413725516754,0.812214741777,0.773057451134,,-0.0261825741306,-0.0858710446823,-0.470690301845,0.877719360756
1542728610487013357,,4469,,1542728610,456628824,"""/world""","""vicon/obstacle18/obstacle18""",,,0.413720662522,0.812208498026,0.773051359468,,-0.0262594212821,-0.0859924890228,-0.470623523684,0.877740983195
1542728610502790598,,4470,,1542728610,473305505,"""/world""","""vicon/obstacle18/obstacle18""",,,0.413726833086,0.812210193317,0.773051991617,,-0.0262870316631,-0.0859702224664,-0.470681157941,0.877711433431
1542728610519601550,,4471,,1542728610,489911206,"""/world""","""vicon/obstacle18/obstacle18""",,,0.413723486787,0.812216615313,0.773052186052,,-0.0261279481971,-0.0858973271862,-0.470674178356,0.87772706312
1542728610536307641,,4472,,1542728610,506627068,"""/world""","""vicon/obstacle18/obstacle18""",,,0.413719681092,0.81222453409,0.773053364229,,-0.0262458289187,-0.0858811453671,-0.47071983947,0.877700642625
1542728610552794847,,4473,,1542728610,523276444,"""/world""","""vicon/obstacle18/obstacle18""",,,0.413724909988,0.812208870367,0.773052069103,,-0.0263283294998,-0.08593776692,-0.470672422757,0.877718058227
1542728610568525437,,4474,,1542728610,539897519,"""/world""","""vicon/obstacle18/obstacle18""",,,0.413732324569,0.812204205861,0.773043049362,,-0.0263561338624,-0.0859292586461,-0.470670595738,0.877719036494
1542728610585819230,,4475,,1542728610,556657476,"""/world""","""vicon/obstacle18/obstacle18""",,,0.413724530642,0.812211289043,0.773048581209,,-0.0262769300713,-0.0860014700186,-0.470647389828,0.877726782404
1542728610603468010,,4476,,1542728610,573320817,"""/world""","""vicon/obstacle18/obstacle18""",,,0.413721478825,0.812219258075,0.773050274598,,-0.0262250196676,-0.0859638078319,-0.47066045923,0.87772501628
1542728610619609720,,4477,,1542728610,589828704,"""/world""","""vicon/obstacle18/obstacle18""",,,0.413719222214,0.812223069794,0.773046793188,,-0.0262183299294,-0.0858733586917,-0.47070633519,0.877709468705
1542728610635177735,,4478,,1542728610,608224175,"""/world""","""vicon/obstacle18/obstacle18""",,,0.413722212442,0.812213921098,0.773058722207,,-0.0261633721849,-0.0858113230621,-0.470717098647,0.877711403499
1542728610653815875,,4479,,1542728610,623163295,"""/world""","""vicon/obstacle18/obstacle18""",,,0.413726818938,0.812202151565,0.773048920829,,-0.0263443992563,-0.0860813937516,-0.470633998563,0.87772410567
1542728610669563348,,4480,,1542728610,639825830,"""/world""","""vicon/obstacle18/obstacle18""",,,0.413732769661,0.812207181272,0.773039226678,,-0.026313580378,-0.0859738953527,-0.470671977244,0.877715201329
1542728610682886521,,4481,,1542728610,656491126,"""/world""","""vicon/obstacle18/obstacle18""",,,0.413723998708,0.812220273049,0.773044887419,,-0.0262350031555,-0.0859100527696,-0.470714818483,0.877700830069
1542728610699199481,,4482,,1542728610,673215345,"""/world""","""vicon/obstacle18/obstacle18""",,,0.413720719201,0.812223346683,0.773042581679,,-0.0262306774522,-0.0859298875764,-0.470694879905,0.877709710561
1542728610719874742,,4483,,1542728610,690735384,"""/world""","""vicon/obstacle18/obstacle18""",,,0.413721751601,0.81222605148,0.773056598591,,-0.0261414208131,-0.0858725554734,-0.470701711106,0.877714321118
1542728610735089888,,4484,,1542728610,706602001,"""/world""","""vicon/obstacle18/obstacle18""",,,0.413723991489,0.8122101098,0.773065879954,,-0.0262312024971,-0.0858442819109,-0.47067172691,0.877730487545
1542728610749359662,,4485,,1542728610,723771468,"""/world""","""vicon/obstacle18/obstacle18""",,,0.413732922114,0.81219697529,0.773042513101,,-0.0263239315455,-0.0860482497825,-0.470585667741,0.877753882734
1542728610766841539,,4486,,1542728610,739862977,"""/world""","""vicon/obstacle18/obstacle18""",,,0.413733318335,0.812220343793,0.773048532091,,-0.0262364324837,-0.085887496084,-0.470672410904,0.877725736914
1542728610789332562,,4487,,1542728610,756666860,"""/world""","""vicon/obstacle18/obstacle18""",,,0.413718664663,0.812226075755,0.773037837091,,-0.0261583363896,-0.0859354716448,-0.470657254157,0.877731499526
1542728610804029831,,4488,,1542728610,773328524,"""/world""","""vicon/obstacle18/obstacle18""",,,0.413715677224,0.812228231516,0.773045338438,,-0.0261885257422,-0.0859073853005,-0.470642943571,0.877741022134
1542728610818862214,,4489,,1542728610,789823002,"""/world""","""vicon/obstacle18/obstacle18""",,,0.413723986107,0.812227731695,0.773066338261,,-0.0262104901312,-0.0858242410625,-0.47072857344,0.877702580605
1542728610834321143,,4490,,1542728610,806532852,"""/world""","""vicon/obstacle18/obstacle18""",,,0.413733669112,0.812205679293,0.773062642301,,-0.0262560906196,-0.0859765117789,-0.470635890412,0.87773601714
1542728610850331829,,4491,,1542728610,823268122,"""/world""","""vicon/obstacle18/obstacle18""",,,0.413733869427,0.812205104081,0.773043160699,,-0.0262884140253,-0.0859873981759,-0.470638791859,0.877732427474
1542728610867979235,,4492,,1542728610,839859654,"""/world""","""vicon/obstacle18/obstacle18""",,,0.41372826993,0.812216747592,0.773035408204,,-0.0262619063005,-0.0859551273333,-0.470715133566,0.877695443417
1542728610885410905,,4493,,1542728610,856671436,"""/world""","""vicon/obstacle18/obstacle18""",,,0.413717756825,0.812222899885,0.773039489065,,-0.0262108440974,-0.0859376773955,-0.470664649086,0.87772575179
1542728610901129945,,4494,,1542728610,873266621,"""/world""","""vicon/obstacle18/obstacle18""",,,0.413725672954,0.812222200294,0.773060597084,,-0.026147566809,-0.0859319737103,-0.470667822663,0.877726495757
1542728610919516662,,4495,,1542728610,889882565,"""/world""","""vicon/obstacle18/obstacle18""",,,0.413730332374,0.8122165824,0.773071416598,,-0.0261606198142,-0.0858752664024,-0.470706386267,0.877710976642
1542728610938081916,,4496,,1542728610,906647354,"""/world""","""vicon/obstacle18/obstacle18""",,,0.413725359254,0.812199054805,0.773045130652,,-0.0262139829804,-0.0860202694573,-0.47064115909,0.877730163381
1542728610953579261,,4497,,1542728610,923301443,"""/world""","""vicon/obstacle18/obstacle18""",,,0.413725646932,0.812202612956,0.773031178378,,-0.0262903055749,-0.0860250705577,-0.470622924045,0.877737187563
1542728610969932028,,4498,,1542728610,939905197,"""/world""","""vicon/obstacle18/obstacle18""",,,0.413729202407,0.812221802342,0.773033422446,,-0.0262750798146,-0.0858649117968,-0.470728376543,0.87769677715
1542728610984684274,,4499,,1542728610,956627413,"""/world""","""vicon/obstacle18/obstacle18""",,,0.413722825549,0.812225994069,0.773053681472,,-0.0261775579294,-0.085988033705,-0.470635763796,0.877737302019
1542728611000835416,,4500,,1542728610,973343302,"""/world""","""vicon/obstacle18/obstacle18""",,,0.413728285387,0.812214349682,0.773064277665,,-0.0262248044639,-0.0858815321122,-0.470670328133,0.877727784845
1542728611017100268,,4501,,1542728610,989920490,"""/world""","""vicon/obstacle18/obstacle18""",,,0.413730940059,0.812207408796,0.773050215977,,-0.026254706197,-0.085869478171,-0.470739304552,0.877691079065
1542728611036119735,,4502,,1542728611,6609603,"""/world""","""vicon/obstacle18/obstacle18""",,,0.413724110381,0.812211404684,0.773030924276,,-0.0263187292126,-0.0859830977374,-0.470666133636,0.877717279108
1542728611051419757,,4503,,1542728611,23362612,"""/world""","""vicon/obstacle18/obstacle18""",,,0.413725627169,0.81221322268,0.773031632878,,-0.0263161287369,-0.086074544842,-0.470598665307,0.877744570083
1542728611067404068,,4504,,1542728611,39892926,"""/world""","""vicon/obstacle18/obstacle18""",,,0.413727868803,0.812227426108,0.773054040933,,-0.0263427874978,-0.0858138678635,-0.470721989036,0.877703165465
1542728611084002998,,4505,,1542728611,56635982,"""/world""","""vicon/obstacle18/obstacle18""",,,0.413725383483,0.812222364001,0.773062360807,,-0.0261427258409,-0.0858988321661,-0.470699872286,0.877712697156
1542728611104435373,,4506,,1542728611,73315022,"""/world""","""vicon/obstacle18/obstacle18""",,,0.413724751929,0.812211331626,0.77305364702,,-0.026228028141,-0.085851882314,-0.470680881147,0.877724930126
1542728611120497990,,4507,,1542728611,89920955,"""/world""","""vicon/obstacle18/obstacle18""",,,0.413733949272,0.812221297206,0.77303972177,,-0.0262432377667,-0.0859353995574,-0.470703126494,0.877704372943
1542728611135077024,,4508,,1542728611,106633869,"""/world""","""vicon/obstacle18/obstacle18""",,,0.413727773963,0.812222567331,0.773036308457,,-0.0263196917804,-0.0859088141722,-0.470710265446,0.877700857625
1542728611152093775,,4509,,1542728611,123298480,"""/world""","""vicon/obstacle18/obstacle18""",,,0.413732954478,0.812215392213,0.773054488171,,-0.026306410949,-0.0859951024868,-0.470682562833,0.877707662116
1542728611168091965,,4510,,1542728611,139899479,"""/world""","""vicon/obstacle18/obstacle18""",,,0.413733508794,0.812216534813,0.773067083307,,-0.0261732351607,-0.0858331940944,-0.47072625882,0.877704058217
1542728611185004744,,4511,,1542728611,156597122,"""/world""","""vicon/obstacle18/obstacle18""",,,0.413726027213,0.812218841276,0.773055711744,,-0.0261624929481,-0.0858263021074,-0.470704271678,0.877716844121
1542728611200960125,,4512,,1542728611,173298002,"""/world""","""vicon/obstacle18/obstacle18""",,,0.413720162464,0.812217759054,0.773041494314,,-0.0262846612449,-0.0859699512656,-0.470640698227,0.87773322669
1542728611218953817,,4513,,1542728611,189903191,"""/world""","""vicon/obstacle18/obstacle18""",,,0.413731594817,0.812221227739,0.77303380893,,-0.0262979788259,-0.0860011144773,-0.470682948505,0.877707118921
1542728611237837425,,4514,,1542728611,206681013,"""/world""","""vicon/obstacle18/obstacle18""",,,0.413728386752,0.812216486986,0.773049874545,,-0.0263361892625,-0.0859156700263,-0.470675275187,0.877718456059
1542728611254726680,,4515,,1542728611,223292538,"""/world""","""vicon/obstacle18/obstacle18""",,,0.413727887822,0.812198110803,0.773059236832,,-0.0262623871815,-0.0859561183812,-0.470666536124,0.877721393442
1542728611272135475,,4516,,1542728611,239961371,"""/world""","""vicon/obstacle18/obstacle18""",,,0.413729840225,0.812217558073,0.773049725985,,-0.026167838095,-0.0859181184665,-0.470635394153,0.87774463652
1542728611284947529,,4517,,1542728611,256674618,"""/world""","""vicon/obstacle18/obstacle18""",,,0.413720915831,0.812228857901,0.773044350791,,-0.0262506133026,-0.0859214847379,-0.470679017182,0.877718443777
1542728611301209134,,4518,,1542728611,273258880,"""/world""","""vicon/obstacle18/obstacle18""",,,0.413717969546,0.812224211413,0.77303900989,,-0.0263858656857,-0.0859781133756,-0.470609940816,0.877745882199
1542728611321497740,,4519,,1542728611,289913570,"""/world""","""vicon/obstacle18/obstacle18""",,,0.413732902525,0.812207605811,0.773043101921,,-0.0262278231853,-0.0860112092703,-0.470620507506,0.877741710918
1542728611337129804,,4520,,1542728611,306621344,"""/world""","""vicon/obstacle18/obstacle18""",,,0.413734510239,0.812193217833,0.773058031659,,-0.0262723339258,-0.08600319745,-0.470631288729,0.877735384138
1542728611350380648,,4521,,1542728611,323306879,"""/world""","""vicon/obstacle18/obstacle18""",,,0.413724310337,0.81220844759,0.773049049506,,-0.0262785322137,-0.0858678094096,-0.470709070364,0.877706744379
1542728611368802734,,4522,,1542728611,339951334,"""/world""","""vicon/obstacle18/obstacle18""",,,0.413721892476,0.81223712472,0.773034880239,,-0.0262330963583,-0.0859214169563,-0.47063186322,0.877744258931
1542728611384022686,,4523,,1542728611,356633933,"""/world""","""vicon/obstacle18/obstacle18""",,,0.413718875525,0.812238726062,0.773040971995,,-0.026188126202,-0.0858776915739,-0.470678916028,0.877724650527
1542728611404620791,,4524,,1542728611,373293225,"""/world""","""vicon/obstacle18/obstacle18""",,,0.413723705419,0.812212374306,0.773045108613,,-0.0262664228403,-0.0859721818491,-0.470645640097,0.877730904342
1542728611421602559,,4525,,1542728611,389960957,"""/world""","""vicon/obstacle18/obstacle18""",,,0.413740127355,0.81219554024,0.773049863039,,-0.0262854342666,-0.0860290948643,-0.470618839697,0.877739128958
1542728611435635076,,4526,,1542728611,406619602,"""/world""","""vicon/obstacle18/obstacle18""",,,0.413731460774,0.812210141348,0.773055141197,,-0.0261436007056,-0.0859153141491,-0.470699864768,0.877711061936
1542728611451591383,,4527,,1542728611,423338321,"""/world""","""vicon/obstacle18/obstacle18""",,,0.413720692807,0.812228613547,0.773024435363,,-0.0263244861789,-0.0859471061734,-0.470638908195,0.877735230272
1542728611468562635,,4528,,1542728611,439903462,"""/world""","""vicon/obstacle18/obstacle18""",,,0.413718593423,0.812246601578,0.773034687652,,-0.026319070602,-0.0857751675594,-0.470746499453,0.877694514285
1542728611486980526,,4529,,1542728611,456558834,"""/world""","""vicon/obstacle18/obstacle18""",,,0.413723533668,0.812222606517,0.773050703999,,-0.0262672900808,-0.0858333170023,-0.470719510677,0.877704855537
1542728611502614059,,4530,,1542728611,473364892,"""/world""","""vicon/obstacle18/obstacle18""",,,0.413731464737,0.812193855464,0.773054646778,,-0.0262961921613,-0.0859782634354,-0.470638035687,0.87773349478
1542728611520809778,,4531,,1542728611,489928454,"""/world""","""vicon/obstacle18/obstacle18""",,,0.413738250022,0.812200270238,0.773045489848,,-0.0262612498276,-0.0859380010838,-0.470661847636,0.877725715647
1542728611537772726,,4532,,1542728611,506621184,"""/world""","""vicon/obstacle18/obstacle18""",,,0.413724589381,0.812226740524,0.773029649157,,-0.0262777096442,-0.0858852755531,-0.470693861394,0.877713216413
1542728611554096153,,4533,,1542728611,523291733,"""/world""","""vicon/obstacle18/obstacle18""",,,0.413716436505,0.81224606432,0.773032467221,,-0.0262069814484,-0.0858164069366,-0.470711648319,0.877712528429
1542728611571049372,,4534,,1542728611,539951940,"""/world""","""vicon/obstacle18/obstacle18""",,,0.413726627917,0.812225757189,0.773054702111,,-0.0262513271787,-0.0858923943606,-0.470695877729,0.877712227955
1542728611583764740,,4535,,1542728611,556572102,"""/world""","""vicon/obstacle18/obstacle18""",,,0.413733218672,0.812199598531,0.773054686747,,-0.0261839965616,-0.0860581588165,-0.470635105875,0.877730590069
1542728611600366340,,4536,,1542728611,573243701,"""/world""","""vicon/obstacle18/obstacle18""",,,0.41372937926,0.812205515179,0.773050880961,,-0.0262603943366,-0.0859970831523,-0.470639665351,0.877731849016
1542728611619521498,,4537,,1542728611,589944423,"""/world""","""vicon/obstacle18/obstacle18""",,,0.413729519234,0.812223539986,0.773023541628,,-0.0262818477114,-0.0860032320113,-0.470645474452,0.877727489568
1542728611635274756,,4538,,1542728611,606618728,"""/world""","""vicon/obstacle18/obstacle18""",,,0.413726289556,0.812250088283,0.773028487751,,-0.0263249849929,-0.085887720515,-0.470668765727,0.877725018214
1542728611652738011,,4539,,1542728611,623369656,"""/world""","""vicon/obstacle18/obstacle18""",,,0.413722164001,0.812226707206,0.773048095831,,-0.0263364544761,-0.0859441668124,-0.470662098139,0.877722724288
1542728611668649882,,4540,,1542728611,639958582,"""/world""","""vicon/obstacle18/obstacle18""",,,0.413731407409,0.812201823392,0.773052914044,,-0.0263112550484,-0.0860355687141,-0.470668004492,0.877711358204
1542728611684443332,,4541,,1542728611,656510207,"""/world""","""vicon/obstacle18/obstacle18""",,,0.413730475399,0.812215310343,0.773052418926,,-0.0262478989975,-0.0859385648433,-0.470691444441,0.877710188502
1542728611699540461,,4542,,1542728611,673227547,"""/world""","""vicon/obstacle18/obstacle18""",,,0.413726028243,0.812220072575,0.773024447673,,-0.0262985688818,-0.0860271333771,-0.470613254786,0.877741922217
1542728611716105418,,4543,,1542728611,689877074,"""/world""","""vicon/obstacle18/obstacle18""",,,0.413732065633,0.81223216851,0.773023069451,,-0.0263761629554,-0.0860328872729,-0.470611739587,0.877739842378
1542728611737666057,,4544,,1542728611,706550390,"""/world""","""vicon/obstacle18/obstacle18""",,,0.41373069678,0.812226155131,0.773047622809,,-0.0262881085481,-0.0859142317103,-0.470705779206,0.877703679815
1542728611754105294,,4545,,1542728611,723284981,"""/world""","""vicon/obstacle18/obstacle18""",,,0.413725664444,0.812202202791,0.773055201105,,-0.0262630921659,-0.0859391351526,-0.470653680055,0.87772992913
1542728611767644771,,4546,,1542728611,739877022,"""/world""","""vicon/obstacle18/obstacle18""",,,0.413726997705,0.812213770246,0.773046643102,,-0.0262400498409,-0.0858647554018,-0.470690423394,0.877718194462
1542728611785190829,,4547,,1542728611,756631304,"""/world""","""vicon/obstacle18/obstacle18""",,,0.413725323978,0.812235404779,0.773032286386,,-0.0261578692448,-0.0859563904406,-0.47064948317,0.877733632038
1542728611802478513,,4548,,1542728611,773304518,"""/world""","""vicon/obstacle18/obstacle18""",,,0.413724438518,0.812226229412,0.773034424855,,-0.0263434555894,-0.0860253125072,-0.470630155022,0.877731693138
1542728611820016118,,4549,,1542728611,789890006,"""/world""","""vicon/obstacle18/obstacle18""",,,0.413731775573,0.81220594837,0.773052470295,,-0.0263561419454,-0.0859393292693,-0.470634593654,0.877737355205
1542728611836133547,,4550,,1542728611,806656513,"""/world""","""vicon/obstacle18/obstacle18""",,,0.413725276669,0.812213104918,0.773066832691,,-0.026184621154,-0.0858363586305,-0.470719879669,0.877706830346
1542728611851837490,,4551,,1542728611,823288680,"""/world""","""vicon/obstacle18/obstacle18""",,,0.413713814277,0.812219902442,0.773050511062,,-0.0262095879577,-0.0858526441974,-0.470709650516,0.877709978236
1542728611868473216,,4552,,1542728611,839944922,"""/world""","""vicon/obstacle18/obstacle18""",,,0.413721039604,0.812242021236,0.773040805862,,-0.0261629947999,-0.0858734110705,-0.470683838527,0.877723179097
1542728611884668590,,4553,,1542728611,856586112,"""/world""","""vicon/obstacle18/obstacle18""",,,0.413722931173,0.812237598661,0.773057094596,,-0.0261682413757,-0.0859477367136,-0.470656919315,0.877730182914
1542728611901833893,,4554,,1542728611,873250773,"""/world""","""vicon/obstacle18/obstacle18""",,,0.413727307406,0.812195044038,0.77305132647,,-0.0263543635841,-0.0860406571986,-0.470579623166,0.877756954453
1542728611921549879,,4555,,1542728611,889957878,"""/world""","""vicon/obstacle18/obstacle18""",,,0.41372067071,0.812193111805,0.773061785344,,-0.0262440451003,-0.085917280966,-0.470715407423,0.877699536369
1542728611934562821,,4556,,1542728611,906651782,"""/world""","""vicon/obstacle18/obstacle18""",,,0.413719227182,0.812226960383,0.773064485062,,-0.0261436571907,-0.085737179504,-0.470818146017,0.877665037825
1542728611951566297,,4557,,1542728611,923298091,"""/world""","""vicon/obstacle18/obstacle18""",,,0.413705890184,0.812250324916,0.773052214871,,-0.0260558756835,-0.0856945079798,-0.470756241123,0.877705021114
1542728611968388667,,4558,,1542728611,939919898,"""/world""","""vicon/obstacle18/obstacle18""",,,0.413716587489,0.812225646659,0.773056227337,,-0.026270170481,-0.0859191485523,-0.470642866717,0.877737472177
1542728611985665612,,4559,,1542728611,956625519,"""/world""","""vicon/obstacle18/obstacle18""",,,0.413730631464,0.812190699293,0.773074275626,,-0.0262374224829,-0.0859359496971,-0.470652981933,0.87773138306
1542728612003045405,,4560,,1542728611,973300658,"""/world""","""vicon/obstacle18/obstacle18""",,,0.413723517012,0.812189362592,0.773068559337,,-0.0261947804697,-0.0858686821272,-0.470715071689,0.877705944033
1542728612021268661,,4561,,1542728611,989947841,"""/world""","""vicon/obstacle18/obstacle18""",,,0.413722215325,0.812209775567,0.773045209714,,-0.0262269288646,-0.0858559535193,-0.470734698155,0.877695703191
1542728612036575112,,4562,,1542728612,6693009,"""/world""","""vicon/obstacle18/obstacle18""",,,0.413718617395,0.812255968042,0.773047826277,,-0.0261453613563,-0.0857141101236,-0.470829695555,0.877661044589
1542728612052822632,,4563,,1542728612,23283662,"""/world""","""vicon/obstacle18/obstacle18""",,,0.413718592195,0.812241267956,0.773059937442,,-0.026164238552,-0.0858651570017,-0.470710690255,0.877709549631
1542728612069719473,,4564,,1542728612,39929073,"""/world""","""vicon/obstacle18/obstacle18""",,,0.413725735966,0.812182329228,0.773057067629,,-0.0263352213485,-0.0859288826132,-0.470699506596,0.877704197175
1542728612086695435,,4565,,1542728612,56608574,"""/world""","""vicon/obstacle18/obstacle18""",,,0.413734690283,0.812190411874,0.773066803084,,-0.0262759694878,-0.0859057224598,-0.470752649793,0.877679738281
1542728612103769680,,4566,,1542728612,73325633,"""/world""","""vicon/obstacle18/obstacle18""",,,0.413731211012,0.812212072902,0.773045989131,,-0.0262918398346,-0.0858776247638,-0.470762491379,0.877676734017
1542728612120020652,,4567,,1542728612,89985129,"""/world""","""vicon/obstacle18/obstacle18""",,,0.413723623365,0.812242504908,0.773042786061,,-0.0262418931121,-0.0858353527566,-0.470740568881,0.877694122159
1542728612136786756,,4568,,1542728612,106594665,"""/world""","""vicon/obstacle18/obstacle18""",,,0.413727652855,0.812242429421,0.773051547138,,-0.0261925822749,-0.0858166730289,-0.470727576239,0.877704390004
1542728612153614527,,4569,,1542728612,123279555,"""/world""","""vicon/obstacle18/obstacle18""",,,0.413723795368,0.812194081176,0.773065071583,,-0.0262381052413,-0.0858858883418,-0.470666839138,0.877728832016
1542728612169769458,,4570,,1542728612,139942315,"""/world""","""vicon/obstacle18/obstacle18""",,,0.41373865084,0.812180975747,0.773067849326,,-0.0261976828326,-0.0859909988517,-0.470685427351,0.877709780058
1542728612186658631,,4571,,1542728612,156626721,"""/world""","""vicon/obstacle18/obstacle18""",,,0.413741950742,0.812215160173,0.773050818489,,-0.0261966400477,-0.0860009861894,-0.470722585855,0.877688904789
1542728612203387419,,4572,,1542728612,173318375,"""/world""","""vicon/obstacle18/obstacle18""",,,0.413726788814,0.812243072078,0.773036110937,,-0.0262967776742,-0.0858620473894,-0.470742124348,0.87768903415
1542728612218820025,,4573,,1542728612,189918421,"""/world""","""vicon/obstacle18/obstacle18""",,,0.413722773816,0.812227249703,0.773043715672,,-0.0262613503064,-0.085903079985,-0.47075181277,0.87768088341
1542728612235923825,,4574,,1542728612,206600818,"""/world""","""vicon/obstacle18/obstacle18""",,,0.41373145174,0.812211107365,0.773070305969,,-0.0261715960625,-0.0858535684277,-0.470706041538,0.877712956955
1542728612252948057,,4575,,1542728612,223348160,"""/world""","""vicon/obstacle18/obstacle18""",,,0.41373084911,0.812191593754,0.773072539078,,-0.0261811489622,-0.0859142773655,-0.470743633785,0.877686570271
1542728612269801887,,4576,,1542728612,239969129,"""/world""","""vicon/obstacle18/obstacle18""",,,0.413738056273,0.812200123921,0.773048923957,,-0.0262842722156,-0.0859220349131,-0.47072804079,0.877691091765
1542728612286496741,,4577,,1542728612,256627174,"""/world""","""vicon/obstacle18/obstacle18""",,,0.413739056877,0.812234659409,0.773041533737,,-0.0262766001527,-0.0858549108113,-0.470758704202,0.877681443914
1542728612302583089,,4578,,1542728612,273282348,"""/world""","""vicon/obstacle18/obstacle18""",,,0.413720544255,0.812224780745,0.773044203186,,-0.0263473099229,-0.0858576181636,-0.47072964803,0.877694643443
1542728612318470040,,4579,,1542728612,289918806,"""/world""","""vicon/obstacle18/obstacle18""",,,0.413722044693,0.812210406931,0.773054322876,,-0.026299495503,-0.0858564343626,-0.470714672977,0.877704224587
1542728612334371416,,4580,,1542728612,306661356,"""/world""","""vicon/obstacle18/obstacle18""",,,0.413736627494,0.812207662378,0.773069809927,,-0.0261675730909,-0.0858229698934,-0.470751576254,0.877691648252
1542728612350783495,,4581,,1542728612,323294515,"""/world""","""vicon/obstacle18/obstacle18""",,,0.413732181707,0.812211291496,0.773064106277,,-0.0262083956665,-0.0858917304752,-0.470735896021,0.877692113916
1542728612370393516,,4582,,1542728612,339910939,"""/world""","""vicon/obstacle18/obstacle18""",,,0.413729918811,0.812212002426,0.773040934487,,-0.0263663770252,-0.0859334086946,-0.470714988619,0.877694515718
1542728612386495406,,4583,,1542728612,356632053,"""/world""","""vicon/obstacle18/obstacle18""",,,0.413731528143,0.812218923889,0.773049039393,,-0.0262288292204,-0.0859540693446,-0.470699617122,0.877704857524
1542728612403996764,,4584,,1542728612,373376695,"""/world""","""vicon/obstacle18/obstacle18""",,,0.413720595435,0.812228005604,0.773053842995,,-0.026180088195,-0.0858050465264,-0.470697883083,0.87772182372
1542728612418481977,,4585,,1542728612,389868816,"""/world""","""vicon/obstacle18/obstacle18""",,,0.413723613494,0.812225149069,0.773062404636,,-0.0261897697545,-0.0858586569236,-0.470706767004,0.877711528059
1542728612435002295,,4586,,1542728612,406640033,"""/world""","""vicon/obstacle18/obstacle18""",,,0.4137357978,0.812226436035,0.773073048758,,-0.0261877482278,-0.0858674748303,-0.470715213189,0.877706196105
1542728612451467005,,4587,,1542728612,423320624,"""/world""","""vicon/obstacle18/obstacle18""",,,0.413731796311,0.812207274633,0.77305896225,,-0.026251632073,-0.0859575961957,-0.47068996913,0.877709004414
1542728612468261652,,4588,,1542728612,439922267,"""/world""","""vicon/obstacle18/obstacle18""",,,0.413728945279,0.812193694563,0.773042225625,,-0.0263346461636,-0.0860620331212,-0.470576252514,0.877757257695
1542728612485069952,,4589,,1542728612,456614747,"""/world""","""vicon/obstacle18/obstacle18""",,,0.413729692141,0.812219270233,0.773053048496,,-0.0261514545428,-0.0858585637874,-0.470730232063,0.877700095176
1542728612501656824,,4590,,1542728612,473322332,"""/world""","""vicon/obstacle18/obstacle18""",,,0.413724419333,0.812240377961,0.773060287368,,-0.0260987090438,-0.085697366286,-0.470766954016,0.877697723481
1542728612518912166,,4591,,1542728612,489929937,"""/world""","""vicon/obstacle18/obstacle18""",,,0.413721296227,0.812234000951,0.773074172267,,-0.0260724173038,-0.0857752724846,-0.47074799422,0.87770106393
1542728612534584962,,4592,,1542728612,506622414,"""/world""","""vicon/obstacle18/obstacle18""",,,0.413732290806,0.812215608347,0.773067877913,,-0.026210863318,-0.0859457719767,-0.470673899201,0.877719998368
1542728612552912841,,4593,,1542728612,523299118,"""/world""","""vicon/obstacle18/obstacle18""",,,0.413731631574,0.812200563706,0.773056175788,,-0.0262042102948,-0.085974283479,-0.470714794969,0.877695473237
1542728612569052301,,4594,,1542728612,539925621,"""/world""","""vicon/obstacle18/obstacle18""",,,0.413723067524,0.812207686736,0.773051044684,,-0.0262329815862,-0.0859355463552,-0.470672441555,0.877721120465
1542728612586192116,,4595,,1542728612,556665952,"""/world""","""vicon/obstacle18/obstacle18""",,,0.41372669557,0.812237230514,0.77305958184,,-0.0261374229526,-0.0858830220811,-0.470708885582,0.877709568521
1542728612602147680,,4596,,1542728612,573211436,"""/world""","""vicon/obstacle18/obstacle18""",,,0.413720421232,0.812242904124,0.773075407368,,-0.0260648771618,-0.0857324442736,-0.470841193495,0.877655479494
1542728612618074314,,4597,,1542728612,589981079,"""/world""","""vicon/obstacle18/obstacle18""",,,0.413722281541,0.812218634744,0.773082911583,,-0.0261764863269,-0.0858756685033,-0.470698216293,0.877714845666
1542728612634717091,,4598,,1542728612,606598201,"""/world""","""vicon/obstacle18/obstacle18""",,,0.413729987554,0.812198232189,0.773050799591,,-0.026303479427,-0.086029251219,-0.470648061237,0.877722904657
1542728612652927443,,4599,,1542728612,623311771,"""/world""","""vicon/obstacle18/obstacle18""",,,0.413728460448,0.8122031186,0.773045187931,,-0.0263122335999,-0.0859317082503,-0.4707250451,0.877690913588
1542728612669471512,,4600,,1542728612,639938434,"""/world""","""vicon/obstacle18/obstacle18""",,,0.413723491649,0.812223007304,0.773055221439,,-0.026231746337,-0.0858583447889,-0.470686094425,0.877721391234
1542728612685213142,,4601,,1542728612,656648697,"""/world""","""vicon/obstacle18/obstacle18""",,,0.413724622264,0.812242187678,0.773068178342,,-0.0260829380093,-0.0858030164127,-0.470760057353,0.877691569471
1542728612701578302,,4602,,1542728612,673326324,"""/world""","""vicon/obstacle18/obstacle18""",,,0.41372372949,0.812228742223,0.773080773535,,-0.0261294848651,-0.0858012402661,-0.470730971533,0.877705958525
1542728612716438799,,4603,,1542728612,689828156,"""/world""","""vicon/obstacle18/obstacle18""",,,0.413722870624,0.812203066307,0.773059586212,,-0.0262397930366,-0.0858398634617,-0.470768766642,0.877678619688
1542728612733832348,,4604,,1542728612,706570061,"""/world""","""vicon/obstacle18/obstacle18""",,,0.413733364506,0.812203370353,0.773048191543,,-0.026269047295,-0.0860072098765,-0.470608122745,0.877747510284
1542728612750051400,,4605,,1542728612,723303817,"""/world""","""vicon/obstacle18/obstacle18""",,,0.413728240371,0.812213623234,0.77305229593,,-0.0262863127025,-0.0858434016129,-0.47073530324,0.877694829908
1542728612766722710,,4606,,1542728612,739859444,"""/world""","""vicon/obstacle18/obstacle18""",,,0.413719436036,0.812226149139,0.773060034819,,-0.0261049562929,-0.0858676719397,-0.470680214637,0.877727411969
1542728612785047795,,4607,,1542728612,756662861,"""/world""","""vicon/obstacle18/obstacle18""",,,0.4137216002,0.812242905596,0.773074159188,,-0.0260748018818,-0.0857485952939,-0.470761815002,0.877696186985
1542728612802438092,,4608,,1542728612,773320473,"""/world""","""vicon/obstacle18/obstacle18""",,,0.41372534399,0.812227619122,0.773059248647,,-0.0261622023867,-0.0858052985893,-0.470741988343,0.87769867854
1542728612817208829,,4609,,1542728612,789914072,"""/world""","""vicon/obstacle18/obstacle18""",,,0.413727824705,0.812205171898,0.773038732255,,-0.0262294597796,-0.0860526804976,-0.470597357734,0.877750009122
1542728612835723624,,4610,,1542728612,806569811,"""/world""","""vicon/obstacle18/obstacle18""",,,0.413735779022,0.81219964247,0.773049505614,,-0.0263277479122,-0.0859781177804,-0.470632754019,0.877735395092
1542728612849613361,,4611,,1542728612,823233849,"""/world""","""vicon/obstacle18/obstacle18""",,,0.413728280544,0.81221248376,0.773058203916,,-0.0262160885403,-0.0857901244156,-0.470773884407,0.877681446206
1542728612865895778,,4612,,1542728612,839871604,"""/world""","""vicon/obstacle18/obstacle18""",,,0.413720744583,0.812238439067,0.773055386661,,-0.0261164870623,-0.0857755900625,-0.470749385474,0.877698976488
1542728612881992741,,4613,,1542728612,856838615,"""/world""","""vicon/obstacle18/obstacle18""",,,0.413722999271,0.812248411952,0.773063440196,,-0.0260849372462,-0.085683365435,-0.470794360874,0.877684799177
1542728612903999482,,4614,,1542728612,873285363,"""/world""","""vicon/obstacle18/obstacle18""",,,0.413729847875,0.81222270167,0.773049568667,,-0.0261704359257,-0.0859572286564,-0.47065821158,0.877728495036
1542728612922123185,,4615,,1542728612,889952754,"""/world""","""vicon/obstacle18/obstacle18""",,,0.413732907415,0.812189133378,0.773051396588,,-0.026297035574,-0.0860175361346,-0.470674321696,0.877710164173
1542728612938829428,,4616,,1542728612,906625777,"""/world""","""vicon/obstacle18/obstacle18""",,,0.413736164025,0.812189040884,0.773060172403,,-0.0262682176381,-0.0859961984879,-0.470663355512,0.877718998522
1542728612955349548,,4617,,1542728612,923290638,"""/world""","""vicon/obstacle18/obstacle18""",,,0.413729551889,0.812232372771,0.773064555368,,-0.0260955140396,-0.0857927091838,-0.470768088044,0.877687895825
1542728612967387445,,4618,,1542728612,939867782,"""/world""","""vicon/obstacle18/obstacle18""",,,0.413722730106,0.812259034758,0.773050779956,,-0.0261015914656,-0.0856754299378,-0.470834231777,0.87766369061
1542728612985021122,,4619,,1542728612,956641053,"""/world""","""vicon/obstacle18/obstacle18""",,,0.413722344788,0.812232109949,0.773052097674,,-0.0262799057494,-0.0858198605913,-0.470749432295,0.87768974591
1542728613005001102,,4620,,1542728612,973227253,"""/world""","""vicon/obstacle18/obstacle18""",,,0.41373257522,0.812196561868,0.773058594151,,-0.0263489888933,-0.0859214964614,-0.470759939808,0.877672094978
1542728613021977143,,4621,,1542728612,989948819,"""/world""","""vicon/obstacle18/obstacle18""",,,0.413738487199,0.812185226096,0.773063815794,,-0.0262830945833,-0.0859497078724,-0.47067680372,0.877715895433
1542728613037581270,,4622,,1542728613,6632733,"""/world""","""vicon/obstacle18/obstacle18""",,,0.413735196267,0.812211068196,0.773062616836,,-0.0261957701217,-0.0859363988618,-0.470691659829,0.877711842432
1542728613054445865,,4623,,1542728613,23264468,"""/world""","""vicon/obstacle18/obstacle18""",,,0.413727916596,0.812256127646,0.773051681906,,-0.0260916332956,-0.0857748759729,-0.470725842191,0.877712412364
1542728613069394536,,4624,,1542728613,39916189,"""/world""","""vicon/obstacle18/obstacle18""",,,0.413721283196,0.812250074588,0.77305539848,,-0.0261971457043,-0.0857223005728,-0.470823260397,0.87766215266
1542728613083840412,,4625,,1542728613,56611070,"""/world""","""vicon/obstacle18/obstacle18""",,,0.413720861516,0.812204217122,0.77305989623,,-0.0262488365007,-0.0859629624456,-0.470626669694,0.877742505204
1542728613100162743,,4626,,1542728613,73258540,"""/world""","""vicon/obstacle18/obstacle18""",,,0.413736166596,0.8122004655,0.773072386484,,-0.0263619903418,-0.0858753356483,-0.470732540766,0.877690917838
1542728613119550040,,4627,,1542728613,89928873,"""/world""","""vicon/obstacle18/obstacle18""",,,0.413735677193,0.812213964971,0.773069565066,,-0.0262131965887,-0.0859949541674,-0.470678501243,0.877712643551
1542728613135222964,,4628,,1542728613,106637297,"""/world""","""vicon/obstacle18/obstacle18""",,,0.413730654095,0.812230110328,0.773047071365,,-0.0261604128183,-0.0858984546797,-0.470715309521,0.877703928251
1542728613151933218,,4629,,1542728613,123369686,"""/world""","""vicon/obstacle18/obstacle18""",,,0.413725926904,0.812246907791,0.773049713156,,-0.0261054478682,-0.0857671867087,-0.47078302993,0.877682080258
1542728613168870898,,4630,,1542728613,140001408,"""/world""","""vicon/obstacle18/obstacle18""",,,0.413718746673,0.812224109101,0.773063341686,,-0.0261614601946,-0.0858682658595,-0.470693701545,0.877718439048
1542728613185254229,,4631,,1542728613,156678171,"""/world""","""vicon/obstacle18/obstacle18""",,,0.41372916345,0.812213433729,0.773063992277,,-0.026236422123,-0.0859689836858,-0.47068912166,0.877708798377
1542728613201899235,,4632,,1542728613,173283797,"""/world""","""vicon/obstacle18/obstacle18""",,,0.413743774923,0.812219630093,0.773069005759,,-0.0262302588355,-0.085912819117,-0.470751219032,0.87768117834
1542728613218694714,,4633,,1542728613,189989509,"""/world""","""vicon/obstacle18/obstacle18""",,,0.413736196814,0.812213030723,0.773047504696,,-0.0262369337218,-0.0859702041545,-0.470704941394,0.877700179705
1542728613234845747,,4634,,1542728613,206640438,"""/world""","""vicon/obstacle18/obstacle18""",,,0.413723476782,0.812213670796,0.773041100397,,-0.0262771601449,-0.0858960914498,-0.470709242894,0.877703925582
1542728613251545291,,4635,,1542728613,223312491,"""/world""","""vicon/obstacle18/obstacle18""",,,0.4137234498,0.812233667768,0.773059266243,,-0.0261691039558,-0.0857120109219,-0.470800408765,0.877676252549
1542728613268302900,,4636,,1542728613,239924245,"""/world""","""vicon/obstacle18/obstacle18""",,,0.413721822966,0.812240836187,0.773064700937,,-0.026116701581,-0.0857531941593,-0.470775963484,0.877686903056
1542728613284956239,,4637,,1542728613,256588249,"""/world""","""vicon/obstacle18/obstacle18""",,,0.413731790779,0.81222538462,0.773059252009,,-0.0262799385213,-0.085920718919,-0.470666401298,0.877724406395
1542728613301700524,,4638,,1542728613,273294232,"""/world""","""vicon/obstacle18/obstacle18""",,,0.413740793924,0.812204894114,0.773062129328,,-0.0262855309038,-0.0858816293952,-0.470715386541,0.877701795299
1542728613318980011,,4639,,1542728613,289908936,"""/world""","""vicon/obstacle18/obstacle18""",,,0.413731344066,0.812195937975,0.773050459796,,-0.0263108208537,-0.0859725986748,-0.470646116753,0.877729278176
1542728613335183890,,4640,,1542728613,306671741,"""/world""","""vicon/obstacle18/obstacle18""",,,0.413724418597,0.812213679251,0.773049823735,,-0.0262315095645,-0.0858732867957,-0.470711578775,0.877706269847
1542728613351777900,,4641,,1542728613,323298713,"""/world""","""vicon/obstacle18/obstacle18""",,,0.413724984787,0.812254618135,0.773062930542,,-0.0260679641002,-0.0858358568078,-0.470727304316,0.877706369981
1542728613367193765,,4642,,1542728613,339904096,"""/world""","""vicon/obstacle18/obstacle18""",,,0.413727280673,0.812245768268,0.773059990026,,-0.026129095726,-0.0857953409941,-0.470738089457,0.877702729263
1542728613384316286,,4643,,1542728613,356599733,"""/world""","""vicon/obstacle18/obstacle18""",,,0.413731711751,0.812201161518,0.773056783445,,-0.0262451786205,-0.0858909704105,-0.470692370093,0.877714432226
1542728613401361599,,4644,,1542728613,373292703,"""/world""","""vicon/obstacle18/obstacle18""",,,0.41373093206,0.812182832783,0.773057247401,,-0.0262638883174,-0.0858990653992,-0.470756654322,0.877678603559
1542728613417837622,,4645,,1542728613,389934114,"""/world""","""vicon/obstacle18/obstacle18""",,,0.41372723253,0.812206636229,0.773057925243,,-0.0262006341214,-0.0859682347778,-0.470711426604,0.877697978946
1542728613435224146,,4646,,1542728613,406644056,"""/world""","""vicon/obstacle18/obstacle18""",,,0.413718028142,0.812250405558,0.773053646681,,-0.0261398927878,-0.0858305283876,-0.470717582627,0.877709965654
1542728613450644212,,4647,,1542728613,423273754,"""/world""","""vicon/obstacle18/obstacle18""",,,0.413727203448,0.812259020342,0.773062178749,,-0.0259592859855,-0.0858040859871,-0.470777026281,0.877686029184
1542728613468093663,,4648,,1542728613,439946812,"""/world""","""vicon/obstacle18/obstacle18""",,,0.413728745414,0.812219830832,0.773068426137,,-0.0261561871699,-0.085926034202,-0.470680263656,0.877720148979
1542728613484383054,,4649,,1542728613,456634477,"""/world""","""vicon/obstacle18/obstacle18""",,,0.413731768926,0.8121783559,0.773063427424,,-0.0262818784603,-0.0859627614074,-0.470675660118,0.877715266751
1542728613503481537,,4650,,1542728613,473273201,"""/world""","""vicon/obstacle18/obstacle18""",,,0.413732550129,0.812201200155,0.77304814707,,-0.026247503607,-0.0859389813278,-0.470708526446,0.877700998731
1542728613520371604,,4651,,1542728613,489961146,"""/world""","""vicon/obstacle18/obstacle18""",,,0.413723168456,0.81224968655,0.773051382977,,-0.0261123788299,-0.0858429786114,-0.470732348871,0.877701647726
1542728613537304148,,4652,,1542728613,506610681,"""/world""","""vicon/obstacle18/obstacle18""",,,0.413723178745,0.812251638971,0.77305511671,,-0.0260266590924,-0.0858762154172,-0.470705194451,0.877715505479
1542728613554231050,,4653,,1542728613,523271529,"""/world""","""vicon/obstacle18/obstacle18""",,,0.41372312328,0.812232371587,0.773062074752,,-0.0261372053998,-0.0857894502804,-0.470731351678,0.877706677234
1542728613567855606,,4654,,1542728613,539963087,"""/world""","""vicon/obstacle18/obstacle18""",,,0.413731448879,0.812188721387,0.773061583702,,-0.0262364293502,-0.0859931268211,-0.470684942556,0.8777086742
1542728613584032785,,4655,,1542728613,556676702,"""/world""","""vicon/obstacle18/obstacle18""",,,0.413734330811,0.81219387013,0.773058201119,,-0.0263043135011,-0.0859914499642,-0.470717651627,0.8776892651
1542728613602753251,,4656,,1542728613,573311517,"""/world""","""vicon/obstacle18/obstacle18""",,,0.413732974624,0.812238802349,0.773044595797,,-0.0262387856612,-0.0858791157578,-0.470726600582,0.877697425716
1542728613618680766,,4657,,1542728613,589950286,"""/world""","""vicon/obstacle18/obstacle18""",,,0.413728198335,0.812250851648,0.773046215492,,-0.0261447687028,-0.0858129534785,-0.470728136496,0.877705878752
1542728613635479680,,4658,,1542728613,606609363,"""/world""","""vicon/obstacle18/obstacle18""",,,0.413722291393,0.812235430424,0.77306738451,,-0.0261752845131,-0.0858378203737,-0.470728126272,0.877702543126
1542728613653231875,,4659,,1542728613,623294233,"""/world""","""vicon/obstacle18/obstacle18""",,,0.413733291284,0.81220481593,0.773066740395,,-0.0261992356342,-0.0859346309366,-0.470694199879,0.87771054993
1542728613670964221,,4660,,1542728613,640007544,"""/world""","""vicon/obstacle18/obstacle18""",,,0.413734032191,0.81219609793,0.773056907567,,-0.0263500959894,-0.085970405028,-0.470690624272,0.877704448048
1542728613687725428,,4661,,1542728613,656632456,"""/world""","""vicon/obstacle18/obstacle18""",,,0.413733126083,0.81221185948,0.773042204241,,-0.0263745780194,-0.0860248781231,-0.470650609658,0.877719833208
1542728613703161253,,4662,,1542728613,673320004,"""/world""","""vicon/obstacle18/obstacle18""",,,0.413734567733,0.812236129054,0.77305079741,,-0.0261130815842,-0.0858821342037,-0.470733784436,0.877697026419
1542728613719755005,,4663,,1542728613,689925082,"""/world""","""vicon/obstacle18/obstacle18""",,,0.4137278856,0.812229682034,0.773054679014,,-0.0261768870583,-0.0859091445951,-0.47068460885,0.877718855016
1542728613735510424,,4664,,1542728613,706606511,"""/world""","""vicon/obstacle18/obstacle18""",,,0.41372390371,0.812219358062,0.7730628254,,-0.0262568672593,-0.0858509125114,-0.470756137616,0.877683802197
1542728613749775722,,4665,,1542728613,723258023,"""/world""","""vicon/obstacle18/obstacle18""",,,0.41373516849,0.812207951271,0.773061166909,,-0.0261493389152,-0.085962743594,-0.470657716205,0.87772884934
1542728613766357687,,4666,,1542728613,739892640,"""/world""","""vicon/obstacle18/obstacle18""",,,0.413738713314,0.81220474689,0.773043675258,,-0.0263347675007,-0.0860342154571,-0.470670952205,0.877709205
1542728613782159806,,4667,,1542728613,756628277,"""/world""","""vicon/obstacle18/obstacle18""",,,0.413730130937,0.812213276312,0.773046331563,,-0.0262543903239,-0.0859461540919,-0.470653925059,0.877729370827
1542728613799265684,,4668,,1542728613,773207128,"""/world""","""vicon/obstacle18/obstacle18""",,,0.41372901086,0.8122311996,0.773061431132,,-0.0261662180392,-0.0857972476617,-0.470730329486,0.877705598837
1542728613815738383,,4669,,1542728613,789861639,"""/world""","""vicon/obstacle18/obstacle18""",,,0.413724928932,0.81223319141,0.773056628014,,-0.0261671059578,-0.0857932451783,-0.470740229962,0.877700653721
1542728613837348506,,4670,,1542728613,806647532,"""/world""","""vicon/obstacle18/obstacle18""",,,0.413723150375,0.812226276704,0.773054343932,,-0.0261945408885,-0.0858545988835,-0.470742329564,0.877692709913
1542728613852999952,,4671,,1542728613,823251046,"""/world""","""vicon/obstacle18/obstacle18""",,,0.41373857904,0.812210498716,0.773050241767,,-0.0262769991475,-0.0859571043025,-0.470753697669,0.87767411473
1542728613868362308,,4672,,1542728613,839933213,"""/world""","""vicon/obstacle18/obstacle18""",,,0.413737582148,0.812195933013,0.773051637747,,-0.0263901339256,-0.0859225447467,-0.470717093037,0.877693736709
1542728613885154550,,4673,,1542728613,856635937,"""/world""","""vicon/obstacle18/obstacle18""",,,0.413729153047,0.812210541947,0.773060250585,,-0.0262120104515,-0.0859932990049,-0.470691151698,0.877706057144
1542728613900286350,,4674,,1542728613,873214424,"""/world""","""vicon/obstacle18/obstacle18""",,,0.41372233799,0.812236732537,0.773060975715,,-0.0261009560686,-0.0858183644997,-0.470706022816,0.877718513244
1542728613917358025,,4675,,1542728613,889946143,"""/world""","""vicon/obstacle18/obstacle18""",,,0.413723974872,0.81224578219,0.773045885238,,-0.0261385359628,-0.0858498785166,-0.470747626283,0.877692000445
1542728613935325121,,4676,,1542728613,906603602,"""/world""","""vicon/obstacle18/obstacle18""",,,0.413728552075,0.812227701632,0.773051303012,,-0.0261976166896,-0.0860056314323,-0.470654081835,0.87772515715
1542728613953485071,,4677,,1542728613,923286836,"""/world""","""vicon/obstacle18/obstacle18""",,,0.413734351872,0.812196241659,0.773062391432,,-0.0263070944781,-0.0860313068768,-0.470647317632,0.877722993559
1542728613969231398,,4678,,1542728613,939990740,"""/world""","""vicon/obstacle18/obstacle18""",,,0.413738710783,0.812196919697,0.77306202372,,-0.0263146560843,-0.0860570472175,-0.47064986728,0.877718876366
1542728613985270593,,4679,,1542728613,956620081,"""/world""","""vicon/obstacle18/obstacle18""",,,0.413727444463,0.812234164695,0.773067513694,,-0.0261298647339,-0.085823927149,-0.47073051636,0.877703973254
1542728614002498243,,4680,,1542728613,973207328,"""/world""","""vicon/obstacle18/obstacle18""",,,0.413718302698,0.812253582148,0.773045893163,,-0.026159150598,-0.0858234847021,-0.47072409696,0.877706586995
1542728614017160501,,4681,,1542728613,989983265,"""/world""","""vicon/obstacle18/obstacle18""",,,0.413725267133,0.812238462781,0.773038917265,,-0.0261592708687,-0.0859406813625,-0.470636609241,0.877742031509
1542728614033717306,,4682,,1542728614,6639094,"""/world""","""vicon/obstacle18/obstacle18""",,,0.413729576988,0.812203925838,0.773062469539,,-0.0263203846712,-0.0859018652274,-0.470713251115,0.877699915761
1542728614050292765,,4683,,1542728614,23292723,"""/world""","""vicon/obstacle18/obstacle18""",,,0.413740309062,0.812188104061,0.77306083671,,-0.0263755708747,-0.0860738137969,-0.470642389557,0.877719413589
1542728614068271247,,4684,,1542728614,39946868,"""/world""","""vicon/obstacle18/obstacle18""",,,0.413738179737,0.812214901563,0.773059963473,,-0.026165590326,-0.0858663174082,-0.470701611781,0.877714264487
1542728614083840321,,4685,,1542728614,56631960,"""/world""","""vicon/obstacle18/obstacle18""",,,0.413724339916,0.812245546161,0.773050772847,,-0.0261557828857,-0.0857067839591,-0.470801880222,0.877676370756
1542728614100672565,,4686,,1542728614,73221466,"""/world""","""vicon/obstacle18/obstacle18""",,,0.413723664081,0.812238381406,0.773042426307,,-0.0261747554623,-0.0859763283331,-0.470658697273,0.877726235123
1542728614118120577,,4687,,1542728614,90586314,"""/world""","""vicon/obstacle18/obstacle18""",,,0.413731460666,0.812222441478,0.773060081604,,-0.0261684680564,-0.0858614402406,-0.470724475209,0.877702394208
1542728614134060564,,4688,,1542728614,106700795,"""/world""","""vicon/obstacle18/obstacle18""",,,0.413737423689,0.812204183876,0.773072854785,,-0.0262171453295,-0.0859141369747,-0.470692568887,0.877712896084
1542728614150929283,,4689,,1542728614,123236590,"""/world""","""vicon/obstacle18/obstacle18""",,,0.413731076963,0.812201712803,0.773054394492,,-0.0263289404344,-0.0860007635621,-0.470663050215,0.877716895545
1542728614167299203,,4690,,1542728614,139963373,"""/world""","""vicon/obstacle18/obstacle18""",,,0.413732321119,0.812224829099,0.773044527916,,-0.0262265260025,-0.0858849728312,-0.470732872651,0.877693855158
1542728614184140457,,4691,,1542728614,156626620,"""/world""","""vicon/obstacle18/obstacle18""",,,0.413722515943,0.812237304922,0.77304839449,,-0.0261684764172,-0.0857849260155,-0.470788041871,0.877675781221
1542728614200768569,,4692,,1542728614,173274745,"""/world""","""vicon/obstacle18/obstacle18""",,,0.41372324767,0.81222260655,0.773046344885,,-0.0261913115047,-0.0859295684239,-0.470624101302,0.877748870547
1542728614217468439,,4693,,1542728614,189995359,"""/world""","""vicon/obstacle18/obstacle18""",,,0.413729438283,0.812218615155,0.773064139766,,-0.0262887342831,-0.0858630536986,-0.470718020341,0.877702104239
1542728614235345083,,4694,,1542728614,206619490,"""/world""","""vicon/obstacle18/obstacle18""",,,0.413734868708,0.812207721797,0.773064762254,,-0.0262504809841,-0.0859336545322,-0.470661206717,0.877726807018
1542728614251584718,,4695,,1542728614,223290631,"""/world""","""vicon/obstacle18/obstacle18""",,,0.413730751625,0.812206480919,0.773055175893,,-0.0262494876058,-0.0860029953721,-0.470634879594,0.877734162089
1542728614267624256,,4696,,1542728614,239961961,"""/world""","""vicon/obstacle18/obstacle18""",,,0.413729182012,0.812219369788,0.773047994445,,-0.0262513370331,-0.0858329153536,-0.470730238199,0.877699618771
1542728614284050581,,4697,,1542728614,256627876,"""/world""","""vicon/obstacle18/obstacle18""",,,0.41372684835,0.812237057965,0.773050838413,,-0.0261313166375,-0.0858846960515,-0.470706017349,0.877711124748
1542728614301099552,,4698,,1542728614,273297652,"""/world""","""vicon/obstacle18/obstacle18""",,,0.413724888685,0.812234056869,0.773050086038,,-0.026229772044,-0.0859078965179,-0.470675239655,0.877722422609
1542728614320635451,,4699,,1542728614,289976603,"""/world""","""vicon/obstacle18/obstacle18""",,,0.413729214783,0.812217478801,0.773065686596,,-0.0262099789648,-0.0859440522115,-0.470671968687,0.8777212284
1542728614335203255,,4700,,1542728614,306576864,"""/world""","""vicon/obstacle18/obstacle18""",,,0.413733094223,0.812201950105,0.773059630307,,-0.0263004618604,-0.0859066777432,-0.47072474932,0.877693875336
1542728614353884312,,4701,,1542728614,323223749,"""/world""","""vicon/obstacle18/obstacle18""",,,0.413731824639,0.812199229301,0.773049643631,,-0.0262979256526,-0.0859477117386,-0.470667036274,0.877720884403
1542728614368452489,,4702,,1542728614,340007675,"""/world""","""vicon/obstacle18/obstacle18""",,,0.413732685353,0.812226395393,0.773041970548,,-0.026276350094,-0.0858979225107,-0.470732207615,0.877691454355
1542728614385257686,,4703,,1542728614,356597974,"""/world""","""vicon/obstacle18/obstacle18""",,,0.413725362803,0.812248696519,0.773047519813,,-0.0261656503436,-0.0858591238766,-0.470718264496,0.877706035674
1542728614402720008,,4704,,1542728614,373244573,"""/world""","""vicon/obstacle18/obstacle18""",,,0.413722201618,0.812231806095,0.77305756639,,-0.0262163542571,-0.0859098412531,-0.470676013017,0.877722218424
1542728614421326417,,4705,,1542728614,389960135,"""/world""","""vicon/obstacle18/obstacle18""",,,0.413733692199,0.812203795963,0.773062683372,,-0.0262295687513,-0.0859769604398,-0.470625404548,0.877742388512
1542728614436580853,,4706,,1542728614,406643351,"""/world""","""vicon/obstacle18/obstacle18""",,,0.413735388851,0.812192406341,0.77306138653,,-0.0262638209148,-0.0860061970889,-0.470672579427,0.877713204155
1542728614451828534,,4707,,1542728614,423279834,"""/world""","""vicon/obstacle18/obstacle18""",,,0.413727360594,0.81221004983,0.773050117894,,-0.0262122323374,-0.0858635615619,-0.470707771268,0.877709839149
1542728614469253827,,4708,,1542728614,439932636,"""/world""","""vicon/obstacle18/obstacle18""",,,0.413733105149,0.812248877774,0.773041411558,,-0.0261737088471,-0.0858190617168,-0.470763006078,0.87768571694
1542728614484551166,,4709,,1542728614,456633665,"""/world""","""vicon/obstacle18/obstacle18""",,,0.413726432816,0.81224174035,0.773048816881,,-0.026176058138,-0.0859154190511,-0.470687791725,0.877716558731
1542728614501911727,,4710,,1542728614,473271819,"""/world""","""vicon/obstacle18/obstacle18""",,,0.413724267241,0.812211521081,0.773063653039,,-0.0262074020306,-0.0859806968581,-0.470649812029,0.877729597475
1542728614518058899,,4711,,1542728614,489946223,"""/world""","""vicon/obstacle18/obstacle18""",,,0.413732195605,0.812192608286,0.773060712457,,-0.0262216727694,-0.0860028628548,-0.470679164508,0.877711259787
1542728614534749600,,4712,,1542728614,506633995,"""/world""","""vicon/obstacle18/obstacle18""",,,0.413734984325,0.812213004956,0.773058615336,,-0.0262410059564,-0.085960400109,-0.470671977377,0.877718695786
1542728614550909852,,4713,,1542728614,523178719,"""/world""","""vicon/obstacle18/obstacle18""",,,0.413725651428,0.812232022907,0.773046241053,,-0.0262302460672,-0.0859572381059,-0.470705366529,0.877701421515
1542728614567782901,,4714,,1542728614,539898238,"""/world""","""vicon/obstacle18/obstacle18""",,,0.413729249416,0.812246663093,0.773043726204,,-0.0261761240081,-0.0858577620206,-0.470735938616,0.877696377643
1542728614585219770,,4715,,1542728614,556640610,"""/world""","""vicon/obstacle18/obstacle18""",,,0.413723832372,0.812227074105,0.773062724059,,-0.0262645557865,-0.0858388478908,-0.470710278931,0.877709347456
1542728614601093786,,4716,,1542728614,573185447,"""/world""","""vicon/obstacle18/obstacle18""",,,0.41372566296,0.812195905766,0.773069987712,,-0.0263246128114,-0.0859676394349,-0.470702879927,0.877698911107
1542728614618434821,,4717,,1542728614,589922879,"""/world""","""vicon/obstacle18/obstacle18""",,,0.41373430761,0.812205784188,0.773057560344,,-0.0262459788808,-0.0858885626563,-0.47075113688,0.877683126489
1542728614634375096,,4718,,1542728614,606600065,"""/world""","""vicon/obstacle18/obstacle18""",,,0.413733780166,0.81223237767,0.773058227224,,-0.0261729662617,-0.0858853450265,-0.47072957548,0.877697185888
1542728614650170189,,4719,,1542728614,623188274,"""/world""","""vicon/obstacle18/obstacle18""",,,0.413723085881,0.812227299352,0.773036012984,,-0.02633664685,-0.086012932169,-0.47061758565,0.877739850189
1542728614667146816,,4720,,1542728614,639911651,"""/world""","""vicon/obstacle18/obstacle18""",,,0.413728884569,0.812233041095,0.773058999256,,-0.0261684104597,-0.0858157189359,-0.470749641615,0.877693369917
1542728614683911386,,4721,,1542728614,656538102,"""/world""","""vicon/obstacle18/obstacle18""",,,0.413723154251,0.812210365416,0.773066576676,,-0.0262375123402,-0.0858879184991,-0.470715326286,0.877702648966
1542728614700406266,,4722,,1542728614,673243946,"""/world""","""vicon/obstacle18/obstacle18""",,,0.413723816593,0.812207962215,0.77306206431,,-0.0262892196311,-0.0859826182234,-0.470693928476,0.877703305218
1542728614717296284,,4723,,1542728614,689978045,"""/world""","""vicon/obstacle18/obstacle18""",,,0.413729854639,0.81222500898,0.773055818247,,-0.0261917161628,-0.0859384826778,-0.470714657234,0.877699426151
1542728614735329429,,4724,,1542728614,706626471,"""/world""","""vicon/obstacle18/obstacle18""",,,0.413730130174,0.812225010375,0.773047608229,,-0.0262869899016,-0.0859548997169,-0.470702601616,0.877701435688
1542728614751129345,,4725,,1542728614,723205340,"""/world""","""vicon/obstacle18/obstacle18""",,,0.413723944481,0.812226175357,0.773047378743,,-0.0262179697946,-0.0860261095267,-0.470649284554,0.877725114992
1542728614771048995,,4726,,1542728614,739953326,"""/world""","""vicon/obstacle18/obstacle18""",,,0.413734638795,0.812220344506,0.773065245188,,-0.0262746115238,-0.085843629954,-0.470766208417,0.877678581827
1542728614786326433,,4727,,1542728614,756637462,"""/world""","""vicon/obstacle18/obstacle18""",,,0.413724236813,0.812223371881,0.773060499804,,-0.0262294422181,-0.0858683231651,-0.470726516137,0.877698806222
1542728614801984212,,4728,,1542728614,773289126,"""/world""","""vicon/obstacle18/obstacle18""",,,0.413719754415,0.81221799403,0.773053941876,,-0.0262958295015,-0.0859493691491,-0.470672618788,0.87771779133
1542728614815830461,,4729,,1542728614,791814978,"""/world""","""vicon/obstacle18/obstacle18""",,,0.413731247988,0.81221193052,0.773051274045,,-0.0261737658734,-0.0859762064123,-0.470670432728,0.877719983632
1542728614832059189,,4730,,1542728614,806522511,"""/world""","""vicon/obstacle18/obstacle18""",,,0.413728573397,0.81221900754,0.773061028336,,-0.0262167072893,-0.0859671844544,-0.470652848484,0.877729014941
1542728614852152517,,4731,,1542728614,823212798,"""/world""","""vicon/obstacle18/obstacle18""",,,0.413727590258,0.812217782744,0.773056232597,,-0.0262786406673,-0.0859050642745,-0.47072349528,0.877695359432
1542728614868900804,,4732,,1542728614,839957412,"""/world""","""vicon/obstacle18/obstacle18""",,,0.413722479824,0.812227482352,0.773061200664,,-0.0261672171416,-0.0858362693826,-0.470728167878,0.877702913047
1542728614885825727,,4733,,1542728614,856682652,"""/world""","""vicon/obstacle18/obstacle18""",,,0.413721626773,0.812223693251,0.773047065222,,-0.0261868823339,-0.0859489579253,-0.470704772296,0.877703845932
1542728614902246552,,4734,,1542728614,873255912,"""/world""","""vicon/obstacle18/obstacle18""",,,0.41372164788,0.812215173604,0.773058421362,,-0.0263373456674,-0.0858588424447,-0.470708579568,0.877706121956
1542728614918725712,,4735,,1542728614,889916102,"""/world""","""vicon/obstacle18/obstacle18""",,,0.413733949411,0.812208647958,0.773063349464,,-0.0262250647469,-0.0860469778078,-0.470660691376,0.877716740858
1542728614935467217,,4736,,1542728614,906621641,"""/world""","""vicon/obstacle18/obstacle18""",,,0.413734101393,0.812219906111,0.773064012502,,-0.0262352696332,-0.0858321879908,-0.470778275074,0.877674405375
1542728614950046745,,4737,,1542728614,923239674,"""/world""","""vicon/obstacle18/obstacle18""",,,0.413720198124,0.812229428147,0.773054972852,,-0.026159534199,-0.0858807316674,-0.470691284551,0.877718572976
1542728614965346846,,4738,,1542728614,939901379,"""/world""","""vicon/obstacle18/obstacle18""",,,0.413721804607,0.812224945292,0.773036897738,,-0.0262897268424,-0.0859572973496,-0.470690100029,0.87770782327
1542728614983722067,,4739,,1542728614,957052395,"""/world""","""vicon/obstacle18/obstacle18""",,,0.413724319902,0.812221140698,0.773049313119,,-0.0262331774816,-0.0859311388826,-0.470693934295,0.877710020444
1542728614998192647,,4740,,1542728614,973221271,"""/world""","""vicon/obstacle18/obstacle18""",,,0.413725145051,0.812203839272,0.773065915679,,-0.0262805301992,-0.0859220607398,-0.470663943766,0.877725575137
1542728615014815170,,4741,,1542728614,989871587,"""/world""","""vicon/obstacle18/obstacle18""",,,0.41373570649,0.812206539046,0.773057368178,,-0.0263134972903,-0.085975847313,-0.470658488703,0.877722245674
1542728615036784686,,4742,,1542728615,6598441,"""/world""","""vicon/obstacle18/obstacle18""",,,0.41373392216,0.812228849934,0.773049737476,,-0.0261100914294,-0.0860000586521,-0.470678536838,0.877715197543
1542728615053706864,,4743,,1542728615,23247566,"""/world""","""vicon/obstacle18/obstacle18""",,,0.413720082531,0.812229742402,0.77304379428,,-0.0262177762465,-0.0859546987152,-0.470718238987,0.87769513925
1542728615065291946,,4744,,1542728615,39821807,"""/world""","""vicon/obstacle18/obstacle18""",,,0.41372359984,0.812224645886,0.773047053992,,-0.0262895362476,-0.0860036972204,-0.470632403923,0.877734222146
1542728615083147498,,4745,,1542728615,56529904,"""/world""","""vicon/obstacle18/obstacle18""",,,0.41372850782,0.812211359851,0.773068447057,,-0.0261819742792,-0.0858296759392,-0.470701105943,0.877717631027
1542728615098733831,,4746,,1542728615,73152704,"""/world""","""vicon/obstacle18/obstacle18""",,,0.413729549831,0.812202961483,0.773067409073,,-0.0263456857281,-0.085884745244,-0.470666653096,0.877725821109
1542728615117283457,,4747,,1542728615,89955466,"""/world""","""vicon/obstacle18/obstacle18""",,,0.413729391965,0.812217147876,0.773046070061,,-0.0262976033115,-0.085905406194,-0.470705336276,0.877704496769
1542728615136226032,,4748,,1542728615,106614171,"""/world""","""vicon/obstacle18/obstacle18""",,,0.413730910051,0.812237031371,0.773036390915,,-0.0262245957197,-0.0859500917623,-0.470634390516,0.877740350428
1542728615152379230,,4749,,1542728615,123244265,"""/world""","""vicon/obstacle18/obstacle18""",,,0.413716042557,0.812234148951,0.773055063367,,-0.0262445507452,-0.0859128017384,-0.470653758208,0.877733019738
1542728615169231011,,4750,,1542728615,139973303,"""/world""","""vicon/obstacle18/obstacle18""",,,0.413727101869,0.812210922521,0.773054453806,,-0.0262929208194,-0.0859599976073,-0.470606153404,0.877752476216
1542728615186409814,,4751,,1542728615,156625025,"""/world""","""vicon/obstacle18/obstacle18""",,,0.413735013563,0.812206228019,0.773071002365,,-0.0262981656998,-0.0858425476906,-0.470713280561,0.87770636946
1542728615202367507,,4752,,1542728615,173253676,"""/world""","""vicon/obstacle18/obstacle18""",,,0.413729339964,0.812216423377,0.773052418781,,-0.026266558586,-0.085978267989,-0.47064301913,0.877731709509
1542728615217044116,,4753,,1542728615,189986546,"""/world""","""vicon/obstacle18/obstacle18""",,,0.413730795809,0.81222734809,0.773033692488,,-0.0262912744394,-0.0860051467658,-0.470615584436,0.877743046286
1542728615233513349,,4754,,1542728615,206524390,"""/world""","""vicon/obstacle18/obstacle18""",,,0.413727531991,0.812236444262,0.773045334672,,-0.0262403013992,-0.0859352479257,-0.470702516941,0.877704802477
1542728615253252291,,4755,,1542728615,223218166,"""/world""","""vicon/obstacle18/obstacle18""",,,0.41372299525,0.812212356877,0.773053712669,,-0.0262126768078,-0.0859272864844,-0.470673284681,0.877722083634
1542728615269528032,,4756,,1542728615,239875328,"""/world""","""vicon/obstacle18/obstacle18""",,,0.413726119765,0.812195919545,0.773070872444,,-0.0261670673633,-0.0859563169119,-0.470612294888,0.877753304789
1542728615286798469,,4757,,1542728615,256548422,"""/world""","""vicon/obstacle18/obstacle18""",,,0.413727793227,0.81220981745,0.77306081764,,-0.0262221698214,-0.0859370030227,-0.470667203267,0.877724109895
1542728615303926578,,4758,,1542728615,273295192,"""/world""","""vicon/obstacle18/obstacle18""",,,0.413723534172,0.812229693063,0.77304126068,,-0.026236188481,-0.0858393904397,-0.470727631221,0.877700836657
1542728615318450836,,4759,,1542728615,289908838,"""/world""","""vicon/obstacle18/obstacle18""",,,0.413724994593,0.812227022885,0.773035850182,,-0.0261682895729,-0.0859771926951,-0.47061801406,0.877748157389
1542728615336161419,,4760,,1542728615,306551124,"""/world""","""vicon/obstacle18/obstacle18""",,,0.413731782524,0.812216663059,0.77304870313,,-0.0261639210805,-0.085869908334,-0.470743637171,0.877691424214
1542728615354617601,,4761,,1542728615,323238114,"""/world""","""vicon/obstacle18/obstacle18""",,,0.413728205392,0.812210628719,0.773067133305,,-0.0261642468895,-0.0858153857473,-0.470736961682,0.877700327367
1542728615366447023,,4762,,1542728615,339911496,"""/world""","""vicon/obstacle18/obstacle18""",,,0.413726553023,0.812198614036,0.77306113515,,-0.0262984451473,-0.0859542668895,-0.470699278482,0.877702936661
1542728615382262182,,4763,,1542728615,356584116,"""/world""","""vicon/obstacle18/obstacle18""",,,0.413727682856,0.81222927909,0.773044547957,,-0.0261685241422,-0.085922217161,-0.470686047108,0.877717053498
1542728615400375004,,4764,,1542728615,373265627,"""/world""","""vicon/obstacle18/obstacle18""",,,0.413721688197,0.812242619832,0.773046716464,,-0.0261585813416,-0.0858577708696,-0.470688236535,0.877722482218
1542728615417149137,,4765,,1542728615,389930338,"""/world""","""vicon/obstacle18/obstacle18""",,,0.413731489097,0.812213594814,0.773040302132,,-0.0262811353435,-0.0858983307928,-0.470714996976,0.877700501489
1542728615439277371,,4766,,1542728615,406639794,"""/world""","""vicon/obstacle18/obstacle18""",,,0.413729873146,0.812205847363,0.773064761647,,-0.0261086173825,-0.0859461287901,-0.470637684225,0.877742429891
1542728615452586198,,4767,,1542728615,423229977,"""/world""","""vicon/obstacle18/obstacle18""",,,0.413727358643,0.812209846719,0.773063603389,,-0.0262173135272,-0.0858922295083,-0.470704073424,0.877708865538
1542728615471644129,,4768,,1542728615,439960232,"""/world""","""vicon/obstacle18/obstacle18""",,,0.413720507228,0.812221818802,0.773055284165,,-0.0262245196093,-0.0859346533464,-0.470687552446,0.877713357479
1542728615488260104,,4769,,1542728615,456636305,"""/world""","""vicon/obstacle18/obstacle18""",,,0.413729908577,0.812234013932,0.77303837623,,-0.0261075191497,-0.0858665525609,-0.470696419945,0.877718754982
1542728615505053715,,4770,,1542728615,473237390,"""/world""","""vicon/obstacle18/obstacle18""",,,0.413726410661,0.812229880241,0.773052775709,,-0.0261891182638,-0.0857917096784,-0.47076505955,0.877686829878
1542728615517842018,,4771,,1542728615,489937037,"""/world""","""vicon/obstacle18/obstacle18""",,,0.413730952106,0.812199383072,0.773052536147,,-0.0263213136257,-0.0859082242165,-0.47064776788,0.877734381263
1542728615534610494,,4772,,1542728615,506545719,"""/world""","""vicon/obstacle18/obstacle18""",,,0.413733546776,0.812205712003,0.773060772418,,-0.0262106403764,-0.0859957161465,-0.470712903535,0.877694195937
1542728615550237924,,4773,,1542728615,523247775,"""/world""","""vicon/obstacle18/obstacle18""",,,0.413722389576,0.812231645857,0.773060164541,,-0.0261704000389,-0.0858780507123,-0.47067139667,0.877729176298
1542728615567257578,,4774,,1542728615,539940083,"""/world""","""vicon/obstacle18/obstacle18""",,,0.413721360543,0.81223026551,0.773043633784,,-0.0262773109121,-0.0858983125461,-0.470739807336,0.877687311417
1542728615584015536,,4775,,1542728615,556539576,"""/world""","""vicon/obstacle18/obstacle18""",,,0.41372866883,0.81223463549,0.77305626473,,-0.0262362468674,-0.0857906577385,-0.47072566591,0.877706653643
1542728615601171209,,4776,,1542728615,573181327,"""/world""","""vicon/obstacle18/obstacle18""",,,0.413734898658,0.812215753647,0.773067098129,,-0.0261958494039,-0.0858693447132,-0.470699576319,0.877714157323
1542728615617680233,,4777,,1542728615,589907404,"""/world""","""vicon/obstacle18/obstacle18""",,,0.413732871321,0.812199484696,0.7730533529,,-0.0262194040608,-0.0859299776938,-0.470683654081,0.877716058623
1542728615634706785,,4778,,1542728615,606636132,"""/world""","""vicon/obstacle18/obstacle18""",,,0.41372828715,0.812226730537,0.773055980747,,-0.0261482330497,-0.0858378185661,-0.470718747863,0.877708379374
1542728615651155438,,4779,,1542728615,623202266,"""/world""","""vicon/obstacle18/obstacle18""",,,0.41372166668,0.812232426202,0.773057568637,,-0.0261291788254,-0.0859217490315,-0.470703586547,0.877708865553
1542728615669047337,,4780,,1542728615,639925062,"""/world""","""vicon/obstacle18/obstacle18""",,,0.413724646091,0.81222517352,0.773053765983,,-0.0262307192012,-0.0859145620103,-0.47065586288,0.87773213234
1542728615683561219,,4781,,1542728615,656575882,"""/world""","""vicon/obstacle18/obstacle18""",,,0.413732183474,0.812220738996,0.773073102495,,-0.0261131966416,-0.0858681536906,-0.47071416981,0.87770891045
1542728615701599170,,4782,,1542728615,673310693,"""/world""","""vicon/obstacle18/obstacle18""",,,0.413733348289,0.812212612486,0.773055735986,,-0.0263212867232,-0.0858430391535,-0.470743466883,0.877689438743
1542728615718722491,,4783,,1542728615,689985593,"""/world""","""vicon/obstacle18/obstacle18""",,,0.413725657632,0.812223388613,0.773049597103,,-0.0262196271041,-0.0857898196219,-0.470764446783,0.877686432417
1542728615737274007,,4784,,1542728615,706632904,"""/world""","""vicon/obstacle18/obstacle18""",,,0.413727277291,0.812231630715,0.773047274188,,-0.0261892088157,-0.0858454918982,-0.470733875336,0.877698294104
1542728615753854218,,4785,,1542728615,723279276,"""/world""","""vicon/obstacle18/obstacle18""",,,0.413718103548,0.812234618232,0.77306958838,,-0.0261045488114,-0.0857643268334,-0.470758135806,0.87769573905
1542728615770973038,,4786,,1542728615,739904977,"""/world""","""vicon/obstacle18/obstacle18""",,,0.413729841767,0.812209849545,0.773069830594,,-0.0262667878891,-0.0857425487493,-0.470764469772,0.87768962919
1542728615784308777,,4787,,1542728615,756616425,"""/world""","""vicon/obstacle18/obstacle18""",,,0.41373400029,0.812219170627,0.773070194044,,-0.0261266616209,-0.085827598038,-0.470719960868,0.877709370696
1542728615801422189,,4788,,1542728615,773252901,"""/world""","""vicon/obstacle18/obstacle18""",,,0.413730687813,0.81222604138,0.773042131877,,-0.0262164774617,-0.0859287917198,-0.470716834382,0.877698468093
1542728615819472445,,4789,,1542728615,789968766,"""/world""","""vicon/obstacle18/obstacle18""",,,0.413730305415,0.812221970369,0.773043485057,,-0.0261547442421,-0.0859353024053,-0.470678051002,0.877720471141
1542728615837296494,,4790,,1542728615,806605162,"""/world""","""vicon/obstacle18/obstacle18""",,,0.413724867401,0.812223645399,0.77306349045,,-0.0261367714282,-0.0858286771469,-0.470700190129,0.877719567044
1542728615851464946,,4791,,1542728615,823200410,"""/world""","""vicon/obstacle18/obstacle18""",,,0.413721380155,0.812213287174,0.773063975592,,-0.0262150394531,-0.085895087,-0.470676701736,0.877723332366
1542728615867386423,,4792,,1542728615,840873115,"""/world""","""vicon/obstacle18/obstacle18""",,,0.413727476918,0.812214875161,0.773070253486,,-0.0261863797256,-0.0857901647601,-0.4707049638,0.877719293511
1542728615882428718,,4793,,1542728615,857247449,"""/world""","""vicon/obstacle18/obstacle18""",,,0.413735886926,0.812232539468,0.773048431679,,-0.0262671956947,-0.0858487382266,-0.470750125346,0.877686930552
1542728615899032816,,4794,,1542728615,874083638,"""/world""","""vicon/obstacle18/obstacle18""",,,0.413732226632,0.812232689973,0.773038363886,,-0.0262228000618,-0.0858082759757,-0.470740277558,0.877697496645
1542728615916377483,,4795,,1542728615,889916530,"""/world""","""vicon/obstacle18/obstacle18""",,,0.413723902318,0.812211282366,0.773051959565,,-0.0262371904681,-0.0858726545147,-0.470737815834,0.877692090535
1542728615935899733,,4796,,1542728615,906585525,"""/world""","""vicon/obstacle18/obstacle18""",,,0.413726423647,0.812204043985,0.773066332651,,-0.0262003060821,-0.0858357599457,-0.470704290102,0.877714781439
1542728615952372292,,4797,,1542728615,923210677,"""/world""","""vicon/obstacle18/obstacle18""",,,0.413722879445,0.812226347969,0.773069366629,,-0.0261224076986,-0.0857054286067,-0.470800417794,0.877678281563
1542728615969121146,,4798,,1542728615,939898363,"""/world""","""vicon/obstacle18/obstacle18""",,,0.413728434465,0.81222505469,0.773051896233,,-0.0262423502998,-0.0858761893533,-0.470713415279,0.877704676887
1542728615985640241,,4799,,1542728615,956602851,"""/world""","""vicon/obstacle18/obstacle18""",,,0.413734698041,0.812237695161,0.773034844839,,-0.0261201085627,-0.0858281126178,-0.470739761629,0.877698895883
1542728616002216633,,4800,,1542728615,973177542,"""/world""","""vicon/obstacle18/obstacle18""",,,0.413730410387,0.812209787856,0.773052367927,,-0.0262441254067,-0.0858538316588,-0.470709175421,0.87770908486
1542728616018142036,,4801,,1542728615,989906888,"""/world""","""vicon/obstacle18/obstacle18""",,,0.413727684639,0.812192435867,0.773060338311,,-0.0262431513728,-0.0859914102712,-0.470670284116,0.877716502076
1542728616035853978,,4802,,1542728616,6634683,"""/world""","""vicon/obstacle18/obstacle18""",,,0.413728105028,0.812223078392,0.773073498173,,-0.0260977993051,-0.0857533243597,-0.470778182277,0.877686262468
1542728616052393146,,4803,,1542728616,23247011,"""/world""","""vicon/obstacle18/obstacle18""",,,0.413726060103,0.812239360091,0.773060176091,,-0.0262056620442,-0.0857016544621,-0.470807441497,0.877672400574
1542728616069140351,,4804,,1542728616,39963555,"""/world""","""vicon/obstacle18/obstacle18""",,,0.413722160449,0.8122401074,0.773053037178,,-0.0261865402347,-0.0858660842472,-0.470707349219,0.877710585602
1542728616086111083,,4805,,1542728616,56618891,"""/world""","""vicon/obstacle18/obstacle18""",,,0.413741933682,0.812217460704,0.773045868427,,-0.0262270412441,-0.0859702148744,-0.470702766369,0.877701640761
1542728616102704413,,4806,,1542728616,73243517,"""/world""","""vicon/obstacle18/obstacle18""",,,0.413728982346,0.812193750121,0.773072895914,,-0.0261880280916,-0.0859113224325,-0.470679680377,0.877720952435
1542728616120483917,,4807,,1542728616,89930464,"""/world""","""vicon/obstacle18/obstacle18""",,,0.413724346437,0.812203336754,0.773062122211,,-0.0260685860753,-0.0858945210265,-0.470708294644,0.877710807402
1542728616136737807,,4808,,1542728616,106630863,"""/world""","""vicon/obstacle18/obstacle18""",,,0.413725638671,0.812241942118,0.77306066712,,-0.0260922753425,-0.0856862098878,-0.470822885262,0.877669002139
1542728616151689430,,4809,,1542728616,123253846,"""/world""","""vicon/obstacle18/obstacle18""",,,0.413721166621,0.812249354451,0.773054331738,,-0.0261315090308,-0.0857919789615,-0.470751300281,0.877695900563
1542728616168448111,,4810,,1542728616,139986828,"""/world""","""vicon/obstacle18/obstacle18""",,,0.413732186453,0.812211548872,0.773039108457,,-0.0262284565794,-0.0860470718917,-0.470617717728,0.877739672822
1542728616187839020,,4811,,1542728616,156680938,"""/world""","""vicon/obstacle18/obstacle18""",,,0.413734705164,0.812198069125,0.77306063016,,-0.026197796218,-0.0858647237779,-0.470710837603,0.877708512006
1542728616204712855,,4812,,1542728616,173191787,"""/world""","""vicon/obstacle18/obstacle18""",,,0.413728875046,0.812200495781,0.773062074373,,-0.026307040943,-0.0859374778857,-0.470679039348,0.8777151767
1542728616222155618,,4813,,1542728616,189986414,"""/world""","""vicon/obstacle18/obstacle18""",,,0.413723647679,0.81222781743,0.773052933393,,-0.0261675438228,-0.0858314278755,-0.470744340261,0.877694703044
1542728616232994542,,4814,,1542728616,206592150,"""/world""","""vicon/obstacle18/obstacle18""",,,0.41372618681,0.812254862492,0.773054849949,,-0.0262130636918,-0.0857135602035,-0.470760253841,0.877696328062
1542728616249841338,,4815,,1542728616,223217976,"""/world""","""vicon/obstacle18/obstacle18""",,,0.413724763317,0.812217728976,0.773045436872,,-0.0262502025679,-0.0858892863119,-0.470719362372,0.877699971089
1542728616267854141,,4816,,1542728616,239917650,"""/world""","""vicon/obstacle18/obstacle18""",,,0.413732325598,0.812196980076,0.773051334953,,-0.0262562195466,-0.0858750725541,-0.470702388961,0.877710284704
1542728616283988321,,4817,,1542728616,256630440,"""/world""","""vicon/obstacle18/obstacle18""",,,0.413735347535,0.812203454626,0.773064239908,,-0.0261460659602,-0.0858596083071,-0.470688866972,0.877722337306
1542728616300919785,,4818,,1542728616,273207072,"""/world""","""vicon/obstacle18/obstacle18""",,,0.413726404309,0.81222812789,0.773044729265,,-0.0262476829808,-0.0858498721882,-0.470685251807,0.87772219541
1542728616320528998,,4819,,1542728616,289980316,"""/world""","""vicon/obstacle18/obstacle18""",,,0.413721803677,0.812235240463,0.773048576517,,-0.0262235919455,-0.0858615053399,-0.470696795293,0.877715587208
1542728616338560897,,4820,,1542728616,306629795,"""/world""","""vicon/obstacle18/obstacle18""",,,0.413737303913,0.812223859657,0.773054559907,,-0.0261978943244,-0.0858550571914,-0.470774779761,0.877675159856
1542728616352462256,,4821,,1542728616,323250436,"""/world""","""vicon/obstacle18/obstacle18""",,,0.413726791493,0.812208108253,0.773045446177,,-0.0262390813211,-0.0858946404456,-0.470678547335,0.877721667975
1542728616368363393,,4822,,1542728616,339982934,"""/world""","""vicon/obstacle18/obstacle18""",,,0.413735858417,0.812202515604,0.773038277096,,-0.0262464484329,-0.085961650539,-0.470653998868,0.877728051238
1542728616385059140,,4823,,1542728616,356641257,"""/world""","""vicon/obstacle18/obstacle18""",,,0.413738389288,0.812221261521,0.773047559247,,-0.0261870214277,-0.085956119753,-0.470667093534,0.877723346192
1542728616402281262,,4824,,1542728616,373259474,"""/world""","""vicon/obstacle18/obstacle18""",,,0.413731995675,0.81222322445,0.773051883001,,-0.0263047918261,-0.0859488345397,-0.470670274672,0.877718832148
1542728616418574896,,4825,,1542728616,389918477,"""/world""","""vicon/obstacle18/obstacle18""",,,0.413724364797,0.81221245315,0.773062503472,,-0.0262392848104,-0.0859482080883,-0.47067731764,0.877717077491
1542728616434187365,,4826,,1542728616,406601629,"""/world""","""vicon/obstacle18/obstacle18""",,,0.413731961487,0.812210660727,0.773045672782,,-0.0261597125398,-0.085902022198,-0.470665814445,0.877730142547
1542728616450455410,,4827,,1542728616,423268472,"""/world""","""vicon/obstacle18/obstacle18""",,,0.413729186275,0.8122173016,0.773041105593,,-0.0262031871585,-0.0859315834711,-0.470724527864,0.877694465524
1542728616468515807,,4828,,1542728616,439989097,"""/world""","""vicon/obstacle18/obstacle18""",,,0.413735011621,0.81222040145,0.773044684836,,-0.0262567940792,-0.0859266523953,-0.470680827192,0.877716782389
1542728616488440898,,4829,,1542728616,456644664,"""/world""","""vicon/obstacle18/obstacle18""",,,0.413740573281,0.812207868611,0.773050845209,,-0.0263498293619,-0.0859624015266,-0.47073437578,0.877681775745
1542728616504890893,,4830,,1542728616,473301938,"""/world""","""vicon/obstacle18/obstacle18""",,,0.413730365057,0.81220142977,0.773056096821,,-0.0262212539506,-0.0859272039171,-0.470711880483,0.877701137655
1542728616521824588,,4831,,1542728616,489982864,"""/world""","""vicon/obstacle18/obstacle18""",,,0.413720049377,0.812217019159,0.773055404825,,-0.0261828695531,-0.0857838622194,-0.470708803203,0.877717955218
1542728616534919799,,4832,,1542728616,506654643,"""/world""","""vicon/obstacle18/obstacle18""",,,0.413732751437,0.812229292211,0.773034345255,,-0.0261491957738,-0.0859000555776,-0.47068893595,0.877718249546
1542728616551826152,,4833,,1542728616,523257593,"""/world""","""vicon/obstacle18/obstacle18""",,,0.4137331083,0.812235061208,0.773051402538,,-0.0262364192717,-0.085910970602,-0.47065982047,0.877730191363
1542728616570688272,,4834,,1542728616,539964147,"""/world""","""vicon/obstacle18/obstacle18""",,,0.4137320111,0.812199727326,0.773060269279,,-0.0263348888311,-0.0859503907157,-0.470667025834,0.877719519413
1542728616585391640,,4835,,1542728616,556645395,"""/world""","""vicon/obstacle18/obstacle18""",,,0.413734756605,0.812193860825,0.773060821521,,-0.0261579643584,-0.0859402531899,-0.470682866625,0.877717308048
1542728616601948615,,4836,,1542728616,573205084,"""/world""","""vicon/obstacle18/obstacle18""",,,0.413720637595,0.81221866074,0.773075330856,,-0.0260588470064,-0.085818305947,-0.470751015074,0.877695640108
1542728616619531127,,4837,,1542728616,590032909,"""/world""","""vicon/obstacle18/obstacle18""",,,0.413723042866,0.812233199838,0.773042801164,,-0.0262377144443,-0.0859265451589,-0.470710587988,0.877701403402
1542728616635357891,,4838,,1542728616,606653854,"""/world""","""vicon/obstacle18/obstacle18""",,,0.413730138399,0.812239997404,0.773054807413,,-0.0262419456076,-0.085836560222,-0.47073971933,0.877694458149
1542728616652526440,,4839,,1542728616,623245695,"""/world""","""vicon/obstacle18/obstacle18""",,,0.413734169726,0.812206515651,0.773054915846,,-0.026219011595,-0.0860341409954,-0.470679128735,0.877708293106
1542728616669785265,,4840,,1542728616,639971763,"""/world""","""vicon/obstacle18/obstacle18""",,,0.41372183239,0.812185532524,0.773057427533,,-0.026293345412,-0.0859761095744,-0.470671153989,0.877716032309
1542728616684950962,,4841,,1542728616,656626905,"""/world""","""vicon/obstacle18/obstacle18""",,,0.413732580208,0.812212186646,0.773058412529,,-0.0261631365824,-0.0859452260048,-0.470701802091,0.877706512406
1542728616702089063,,4842,,1542728616,673246130,"""/world""","""vicon/obstacle18/obstacle18""",,,0.413726225098,0.812241041188,0.773064380745,,-0.0261039203292,-0.0857834678474,-0.470710808309,0.87771927
1542728616718547635,,4843,,1542728616,689988417,"""/world""","""vicon/obstacle18/obstacle18""",,,0.413726273506,0.812233407332,0.773054004793,,-0.0262209017828,-0.0858849590668,-0.470637082441,0.877745392894
1542728616736463723,,4844,,1542728616,706693382,"""/world""","""vicon/obstacle18/obstacle18""",,,0.413739082637,0.812202541279,0.773050806426,,-0.0262424357824,-0.085963519735,-0.470634328775,0.877738535338
1542728616752133738,,4845,,1542728616,723276235,"""/world""","""vicon/obstacle18/obstacle18""",,,0.41372966486,0.812209983499,0.773061851603,,-0.026167282811,-0.0858566654858,-0.470803542438,0.877660487165
1542728616767837400,,4846,,1542728616,739992616,"""/world""","""vicon/obstacle18/obstacle18""",,,0.413719107961,0.81221799911,0.773060887846,,-0.0261550951087,-0.085900830061,-0.470693203876,0.877715709225
1542728616784797227,,4847,,1542728616,756618382,"""/world""","""vicon/obstacle18/obstacle18""",,,0.413730832052,0.812229845425,0.773056413007,,-0.0262328080871,-0.0859226139152,-0.470699644278,0.877707803927
1542728616802271595,,4848,,1542728616,773275611,"""/world""","""vicon/obstacle18/obstacle18""",,,0.413726052536,0.812227342431,0.773066877889,,-0.0261444445373,-0.0858873569309,-0.470707441372,0.877709709742
1542728616818577659,,4849,,1542728616,789969731,"""/world""","""vicon/obstacle18/obstacle18""",,,0.413725837269,0.812202703105,0.773048410815,,-0.0263083035716,-0.0859330295156,-0.470681176408,0.877714428375
1542728616834281433,,4850,,1542728616,806598634,"""/world""","""vicon/obstacle18/obstacle18""",,,0.413728696677,0.812212075949,0.773046300264,,-0.0263095196164,-0.0858725275068,-0.470692836333,0.877714060513
1542728616851414775,,4851,,1542728616,823255611,"""/world""","""vicon/obstacle18/obstacle18""",,,0.413730404161,0.812226174865,0.773051815556,,-0.0262124697637,-0.0858704455403,-0.470732690923,0.877695793945
1542728616868380079,,4852,,1542728616,839982467,"""/world""","""vicon/obstacle18/obstacle18""",,,0.413724762459,0.812221421157,0.77305769477,,-0.0262275594701,-0.08592488215,-0.470664115673,0.877726791188
1542728616884424728,,4853,,1542728616,856630164,"""/world""","""vicon/obstacle18/obstacle18""",,,0.413732227566,0.812205643665,0.773068029148,,-0.0261911996719,-0.0859429211643,-0.470662184028,0.877727146605
1542728616901653227,,4854,,1542728616,873188779,"""/world""","""vicon/obstacle18/obstacle18""",,,0.413731739084,0.812205917812,0.773050903334,,-0.0261588584754,-0.0859689167431,-0.470649233401,0.877732509696
1542728616918591626,,4855,,1542728616,889894696,"""/world""","""vicon/obstacle18/obstacle18""",,,0.413722966652,0.812223522248,0.773042891435,,-0.0261567616403,-0.0859301180304,-0.470645034074,0.877738623132
1542728616934522455,,4856,,1542728616,907151918,"""/world""","""vicon/obstacle18/obstacle18""",,,0.413732005652,0.812223952836,0.773030663151,,-0.0263313450904,-0.0859197115253,-0.470730486835,0.877688596372
1542728616950097215,,4857,,1542728616,923212224,"""/world""","""vicon/obstacle18/obstacle18""",,,0.41372650608,0.812235834484,0.773057409375,,-0.0262048550508,-0.0857764345639,-0.470777867193,0.877680983391
1542728616966670351,,4858,,1542728616,939948239,"""/world""","""vicon/obstacle18/obstacle18""",,,0.413726681386,0.812201713527,0.77307208219,,-0.0261651160842,-0.0859042480916,-0.470665339478,0.877730018328
1542728616987752816,,4859,,1542728616,956570645,"""/world""","""vicon/obstacle18/obstacle18""",,,0.413729289797,0.812191666224,0.773063274679,,-0.0262257906193,-0.0859465698767,-0.470646778345,0.877734017266
1542728617004085939,,4860,,1542728616,973301636,"""/world""","""vicon/obstacle18/obstacle18""",,,0.413731821746,0.812228882308,0.773045368348,,-0.0261711642344,-0.08592692349,-0.47069878571,0.877709682705
1542728617018552720,,4861,,1542728616,989955215,"""/world""","""vicon/obstacle18/obstacle18""",,,0.413723962475,0.812242965757,0.773034205409,,-0.0262350301666,-0.0859044676345,-0.470671560626,0.877724573913
1542728617035365052,,4862,,1542728617,6569584,"""/world""","""vicon/obstacle18/obstacle18""",,,0.413725196496,0.812227241931,0.773052625084,,-0.0262715132711,-0.0858368708786,-0.470734599216,0.877696289322
1542728617053018902,,4863,,1542728617,23238374,"""/world""","""vicon/obstacle18/obstacle18""",,,0.413730431688,0.812203582732,0.773072605349,,-0.0262290577899,-0.0858072448604,-0.470726180887,0.877704970867
1542728617070824860,,4864,,1542728617,39955635,"""/world""","""vicon/obstacle18/obstacle18""",,,0.413724700668,0.812193663175,0.773065509213,,-0.0262299692847,-0.0858376962774,-0.470723546971,0.877703378674
1542728617087234555,,4865,,1542728617,56594450,"""/world""","""vicon/obstacle18/obstacle18""",,,0.413735625093,0.812212034831,0.773039413244,,-0.0263329361963,-0.0859109990707,-0.470716645082,0.877696825078
1542728617100230034,,4866,,1542728617,73233021,"""/world""","""vicon/obstacle18/obstacle18""",,,0.413736857546,0.812243206479,0.773030070371,,-0.0261569770023,-0.0858721754869,-0.470735969562,0.877695521802
1542728617115931741,,4867,,1542728617,89912518,"""/world""","""vicon/obstacle18/obstacle18""",,,0.413718905231,0.812236922974,0.77304606834,,-0.0261599327488,-0.0858879960373,-0.470682341262,0.877722646215
1542728617132053902,,4868,,1542728617,106599739,"""/world""","""vicon/obstacle18/obstacle18""",,,0.413728304251,0.812198877781,0.773048261332,,-0.0263250937545,-0.0859979151819,-0.47064126288,0.877728972803
1542728617148515921,,4869,,1542728617,123185810,"""/world""","""vicon/obstacle18/obstacle18""",,,0.41373226008,0.812213429144,0.773071447081,,-0.0261495535602,-0.0858018331535,-0.470755891586,0.877691937307
1542728617167597909,,4870,,1542728617,139905126,"""/world""","""vicon/obstacle18/obstacle18""",,,0.413723868749,0.812210764529,0.773043346226,,-0.0262663887368,-0.0859707167815,-0.470672373145,0.877716713887
1542728617184735631,,4871,,1542728617,156651528,"""/world""","""vicon/obstacle18/obstacle18""",,,0.413731768907,0.812236369821,0.773033547499,,-0.0262617709817,-0.0859488125519,-0.470677997724,0.877715981092
1542728617200644885,,4872,,1542728617,173302838,"""/world""","""vicon/obstacle18/obstacle18""",,,0.413731066402,0.812233686704,0.773042546306,,-0.0261870596141,-0.0859854055558,-0.470656605651,0.877726100499
1542728617217628783,,4873,,1542728617,189895423,"""/world""","""vicon/obstacle18/obstacle18""",,,0.413728341776,0.812200515406,0.773046276243,,-0.0262077786267,-0.0859576528932,-0.470671697736,0.87772010755
1542728617235063293,,4874,,1542728617,206559826,"""/world""","""vicon/obstacle18/obstacle18""",,,0.413731207834,0.812206700054,0.773059310909,,-0.0262534204124,-0.0859307298658,-0.470685496468,0.877713980176
1542728617254628260,,4875,,1542728617,223263717,"""/world""","""vicon/obstacle18/obstacle18""",,,0.413735116725,0.81221506264,0.773049332572,,-0.0262914048444,-0.0859596940079,-0.470683225288,0.877711224988
1542728617272595873,,4876,,1542728617,239996634,"""/world""","""vicon/obstacle18/obstacle18""",,,0.413721242789,0.812227611391,0.773033361321,,-0.0262817688576,-0.0858955954529,-0.470658523523,0.877731034852
1542728617285084617,,4877,,1542728617,256618985,"""/world""","""vicon/obstacle18/obstacle18""",,,0.413727678803,0.812223625358,0.773029798796,,-0.0263076395754,-0.0858759426704,-0.470710433792,0.877704345489
1542728617301389009,,4878,,1542728617,273218393,"""/world""","""vicon/obstacle18/obstacle18""",,,0.413733019471,0.812216452868,0.773053438184,,-0.0261399458315,-0.0858931903437,-0.470744417541,0.877689441909
1542728617318015291,,4879,,1542728617,289936064,"""/world""","""vicon/obstacle18/obstacle18""",,,0.413727139959,0.812206334204,0.773057547999,,-0.0263404515234,-0.0859352123099,-0.47069940425,0.877703475405
1542728617334549498,,4880,,1542728617,306646874,"""/world""","""vicon/obstacle18/obstacle18""",,,0.413729303853,0.812213196316,0.77304307064,,-0.0263117799079,-0.0859385404534,-0.470639387521,0.877736192951
1542728617351462839,,4881,,1542728617,323264717,"""/world""","""vicon/obstacle18/obstacle18""",,,0.41372560714,0.812244692773,0.773045725316,,-0.0261393670316,-0.0858956531154,-0.47072329737,0.877700545505
1542728617368936091,,4882,,1542728617,339944945,"""/world""","""vicon/obstacle18/obstacle18""",,,0.413722426408,0.812229673529,0.77303959414,,-0.0262310318217,-0.085923261896,-0.47073358954,0.877689588473
1542728617384386337,,4883,,1542728617,356645445,"""/world""","""vicon/obstacle18/obstacle18""",,,0.413728252236,0.812212270889,0.773048346041,,-0.0261811015136,-0.085990102253,-0.470666351744,0.877720591973
1542728617403802218,,4884,,1542728617,373274632,"""/world""","""vicon/obstacle18/obstacle18""",,,0.413739287988,0.812206470184,0.773052508108,,-0.0263032751491,-0.0859788907391,-0.470709210004,0.877695053923
1542728617419857487,,4885,,1542728617,389960516,"""/world""","""vicon/obstacle18/obstacle18""",,,0.413727867801,0.812210346678,0.773037031541,,-0.0262628420272,-0.0859762599469,-0.470596481501,0.87775696947
1542728617435724545,,4886,,1542728617,406669210,"""/world""","""vicon/obstacle18/obstacle18""",,,0.413722357996,0.81222870953,0.773043258763,,-0.0262566929556,-0.0859063231016,-0.470616193701,0.877753432322
1542728617451277531,,4887,,1542728617,423285587,"""/world""","""vicon/obstacle18/obstacle18""",,,0.4137329996,0.812233408065,0.773037953256,,-0.0262286451257,-0.0859634768252,-0.470714819717,0.8776957886
1542728617470841514,,4888,,1542728617,440016151,"""/world""","""vicon/obstacle18/obstacle18""",,,0.413724183058,0.812226525057,0.773050080854,,-0.0261598821408,-0.0859265689995,-0.470650666727,0.877735857315
1542728617486821340,,4889,,1542728617,456591280,"""/world""","""vicon/obstacle18/obstacle18""",,,0.413732747785,0.812202375089,0.773054022138,,-0.0262828753031,-0.0859840803052,-0.470616433369,0.877744906589
1542728617503750815,,4890,,1542728617,473302945,"""/world""","""vicon/obstacle18/obstacle18""",,,0.413735714497,0.812214476098,0.773040725513,,-0.0264100581639,-0.0859070416433,-0.470700754106,0.87770341751
1542728617520350815,,4891,,1542728617,489903124,"""/world""","""vicon/obstacle18/obstacle18""",,,0.413719849397,0.812230561715,0.773042540189,,-0.0262094360612,-0.085903740033,-0.470601629001,0.877762906309
1542728617536227128,,4892,,1542728617,506657936,"""/world""","""vicon/obstacle18/obstacle18""",,,0.413728156601,0.812229371547,0.773045322684,,-0.0262345154784,-0.0858972897488,-0.470739077084,0.877689083399
1542728617551919630,,4893,,1542728617,523274863,"""/world""","""vicon/obstacle18/obstacle18""",,,0.413727627844,0.812234747595,0.773065760855,,-0.02618694881,-0.0859351382418,-0.470743716523,0.877684310605
1542728617567585311,,4894,,1542728617,539922320,"""/world""","""vicon/obstacle18/obstacle18""",,,0.413728603154,0.81220440315,0.773050372669,,-0.0262959788257,-0.08594736333,-0.470644852384,0.877732872324
1542728617585082830,,4895,,1542728617,556620213,"""/world""","""vicon/obstacle18/obstacle18""",,,0.413725782097,0.812207102708,0.773042080284,,-0.0263397183597,-0.0859151996636,-0.470669278781,0.87772161174
1542728617601152089,,4896,,1542728617,573262829,"""/world""","""vicon/obstacle18/obstacle18""",,,0.413730931631,0.812231514601,0.7730399389,,-0.0262652061105,-0.0859473754627,-0.470675944018,0.877717120331
1542728617619912929,,4897,,1542728617,589963834,"""/world""","""vicon/obstacle18/obstacle18""",,,0.413726688312,0.812234634176,0.773051255796,,-0.0262525478478,-0.0858887779332,-0.470736466414,0.877690777406
1542728617635479965,,4898,,1542728617,607221372,"""/world""","""vicon/obstacle18/obstacle18""",,,0.413726904722,0.812213205592,0.773056043445,,-0.0262288342066,-0.0859898971362,-0.470669800659,0.877717337526
1542728617649381897,,4899,,1542728617,623229603,"""/world""","""vicon/obstacle18/obstacle18""",,,0.413734447792,0.812194811167,0.773050386629,,-0.0263189676937,-0.0858971265686,-0.470721706895,0.877695887107
1542728617667208449,,4900,,1542728617,639987632,"""/world""","""vicon/obstacle18/obstacle18""",,,0.413725460029,0.812207994188,0.773054924613,,-0.0263310198666,-0.0858497259461,-0.470739596955,0.87769056837
1542728617684304411,,4901,,1542728617,656595176,"""/world""","""vicon/obstacle18/obstacle18""",,,0.413728423664,0.812220159629,0.773033362661,,-0.0262622090627,-0.0860352229903,-0.470649504368,0.877722781303
1542728617701489065,,4902,,1542728617,673276946,"""/world""","""vicon/obstacle18/obstacle18""",,,0.413730754592,0.81224358886,0.773047076953,,-0.0261590802155,-0.0858098673379,-0.470748609533,0.877694773718
1542728617719875448,,4903,,1542728617,689982030,"""/world""","""vicon/obstacle18/obstacle18""",,,0.413724426456,0.812217814293,0.77304788159,,-0.0262189765904,-0.0859823485516,-0.470619145694,0.877745533005
1542728617734120016,,4904,,1542728617,706646569,"""/world""","""vicon/obstacle18/obstacle18""",,,0.413729672332,0.812197104311,0.773059157839,,-0.026223951966,-0.0859512372783,-0.470697153806,0.877706601635
1542728617750682631,,4905,,1542728617,723353936,"""/world""","""vicon/obstacle18/obstacle18""",,,0.41373984333,0.812200658867,0.773056346094,,-0.0262732971078,-0.0859313385005,-0.470690427644,0.877710681402
1542728617769094366,,4906,,1542728617,740034980,"""/world""","""vicon/obstacle18/obstacle18""",,,0.413734371849,0.812220681056,0.773039469471,,-0.0262273830232,-0.0860020617493,-0.470663152905,0.877719753823
1542728617785743165,,4907,,1542728617,756680105,"""/world""","""vicon/obstacle18/obstacle18""",,,0.413722626081,0.812250819645,0.773039766647,,-0.0262241330197,-0.0859385965603,-0.47069215022,0.877710517306
1542728617802078174,,4908,,1542728617,773290393,"""/world""","""vicon/obstacle18/obstacle18""",,,0.413728516277,0.812232571071,0.773052137242,,-0.026304785146,-0.085781265441,-0.470743392809,0.877696012811
1542728617820806628,,4909,,1542728617,790016403,"""/world""","""vicon/obstacle18/obstacle18""",,,0.413734465607,0.812191720885,0.773066352661,,-0.0262057129076,-0.0859690949157,-0.470692570339,0.877707855473
1542728617838776857,,4910,,1542728617,806650990,"""/world""","""vicon/obstacle18/obstacle18""",,,0.413734081791,0.812199310864,0.773069112508,,-0.0263295789139,-0.0859182025978,-0.470657022413,0.877728194255
1542728617851563310,,4911,,1542728617,823321071,"""/world""","""vicon/obstacle18/obstacle18""",,,0.413739180338,0.81222678571,0.773038899809,,-0.026310776723,-0.0859111943005,-0.470685738171,0.877714045464
1542728617868879825,,4912,,1542728617,839999519,"""/world""","""vicon/obstacle18/obstacle18""",,,0.413727289353,0.812253429822,0.773034109873,,-0.0262355639628,-0.0858910355025,-0.470655543367,0.877734461385
1542728617887021876,,4913,,1542728617,856692736,"""/world""","""vicon/obstacle18/obstacle18""",,,0.413723350588,0.812221049149,0.773040547099,,-0.0262528935293,-0.0859268050906,-0.470665846975,0.877724917181
1542728617903950685,,4914,,1542728617,873328127,"""/world""","""vicon/obstacle18/obstacle18""",,,0.413732663102,0.812198346769,0.77306646463,,-0.0262460466639,-0.0859467582207,-0.470682657844,0.877714153578
1542728617919424462,,4915,,1542728617,890025743,"""/world""","""vicon/obstacle18/obstacle18""",,,0.413738514617,0.812201045966,0.773071487323,,-0.0261750988562,-0.0860222957773,-0.470691002064,0.877704397508
1542728617935934105,,4916,,1542728617,906640262,"""/world""","""vicon/obstacle18/obstacle18""",,,0.413734690139,0.812225105358,0.773056793388,,-0.0263239698202,-0.0859245522908,-0.470670922516,0.877720287235
1542728617953583893,,4917,,1542728617,923296325,"""/world""","""vicon/obstacle18/obstacle18""",,,0.41372254018,0.812244122242,0.773025277481,,-0.0262860756404,-0.0857920554424,-0.470752270648,0.877690757118
1542728617968845727,,4918,,1542728617,939918412,"""/world""","""vicon/obstacle18/obstacle18""",,,0.413726975277,0.812235256098,0.773030222872,,-0.0261926980608,-0.0858508241593,-0.470773138843,0.877676609181
1542728617983646399,,4919,,1542728617,957049891,"""/world""","""vicon/obstacle18/obstacle18""",,,0.413727255355,0.812207017151,0.773077478196,,-0.0262578041285,-0.0858691377197,-0.470654880534,0.877736294304
1542728618000448112,,4920,,1542728617,973272872,"""/world""","""vicon/obstacle18/obstacle18""",,,0.4137363362,0.812195698344,0.773070930859,,-0.0263037246372,-0.0860324924717,-0.470632911813,0.877730702795
1542728618016982810,,4921,,1542728617,990032932,"""/world""","""vicon/obstacle18/obstacle18""",,,0.413738188313,0.812230113372,0.773049616371,,-0.0260652677497,-0.0858810831174,-0.470771316165,0.877678420184
1542728618035352438,,4922,,1542728618,6636664,"""/world""","""vicon/obstacle18/obstacle18""",,,0.413726948791,0.812239474544,0.773030377003,,-0.0263058877577,-0.0858368832654,-0.470703680655,0.877711840389
1542728618051404336,,4923,,1542728618,23273474,"""/world""","""vicon/obstacle18/obstacle18""",,,0.413730632934,0.812212286235,0.773023359641,,-0.0263365396273,-0.0859732570552,-0.470636147219,0.877733788049
1542728618068917051,,4924,,1542728618,40000073,"""/world""","""vicon/obstacle18/obstacle18""",,,0.413734626555,0.81221797968,0.773067963591,,-0.0263045065967,-0.0858734192772,-0.47071254582,0.8777035536
1542728618084897307,,4925,,1542728618,56651692,"""/world""","""vicon/obstacle18/obstacle18""",,,0.413733623587,0.812197586743,0.773067455055,,-0.0262274890119,-0.0858963752155,-0.470694433033,0.877713325783
1542728618101960479,,4926,,1542728618,73310558,"""/world""","""vicon/obstacle18/obstacle18""",,,0.413732649512,0.812223275363,0.773043162535,,-0.0262765326655,-0.0859301259774,-0.470658660056,0.877727738536
1542728618119721329,,4927,,1542728618,89969392,"""/world""","""vicon/obstacle18/obstacle18""",,,0.413729446815,0.812246319871,0.773038160434,,-0.026106359228,-0.0858826512529,-0.470700257947,0.877715156181
1542728618139498884,,4928,,1542728618,106702750,"""/world""","""vicon/obstacle18/obstacle18""",,,0.413733811664,0.812207221641,0.773039047079,,-0.0263255289403,-0.0859766190768,-0.470648801055,0.877727004007
1542728618156324646,,4929,,1542728618,123309318,"""/world""","""vicon/obstacle18/obstacle18""",,,0.413740852959,0.812186087686,0.773066174783,,-0.0263573770849,-0.0860706981106,-0.470629653698,0.877727094637
1542728618170971434,,4930,,1542728618,139934848,"""/world""","""vicon/obstacle18/obstacle18""",,,0.413735574309,0.812203746527,0.773072422167,,-0.0261715448225,-0.0859859677686,-0.47066930518,0.877719698281
1542728618184602402,,4931,,1542728618,156676609,"""/world""","""vicon/obstacle18/obstacle18""",,,0.413719339525,0.812235147194,0.773032120759,,-0.0262288139289,-0.0858553017128,-0.470660851493,0.877735312813
1542728618199964519,,4932,,1542728618,173249595,"""/world""","""vicon/obstacle18/obstacle18""",,,0.413724409224,0.81225333912,0.773030006857,,-0.0261631264434,-0.0857520612236,-0.47076761545,0.877690108782
1542728618219564227,,4933,,1542728618,189969048,"""/world""","""vicon/obstacle18/obstacle18""",,,0.413741423313,0.812219001704,0.77305147051,,-0.0262738971391,-0.0859093685375,-0.470682902048,0.877716849813
1542728618235439252,,4934,,1542728618,206666957,"""/world""","""vicon/obstacle18/obstacle18""",,,0.413736656152,0.812176154462,0.773073869185,,-0.0264106632815,-0.0860131342586,-0.47064883982,0.877720848092
1542728618252459217,,4935,,1542728618,223292310,"""/world""","""vicon/obstacle18/obstacle18""",,,0.413738305534,0.812189636314,0.773065484526,,-0.0262385083122,-0.0859752932382,-0.470666630906,0.87772017875
1542728618269812681,,4936,,1542728618,239938854,"""/world""","""vicon/obstacle18/obstacle18""",,,0.413720446435,0.812249627302,0.773040854839,,-0.0261448125459,-0.0856743375489,-0.470843352778,0.877657617643
1542728618287287647,,4937,,1542728618,256667140,"""/world""","""vicon/obstacle18/obstacle18""",,,0.413710232472,0.812267692437,0.77302428203,,-0.0262252792208,-0.085823994646,-0.470744250903,0.877693754629
1542728618303748881,,4938,,1542728618,273293885,"""/world""","""vicon/obstacle18/obstacle18""",,,0.413732159984,0.812230276908,0.773060962045,,-0.0263089549292,-0.0858614575284,-0.47072431144,0.877698280516
1542728618319709123,,4939,,1542728618,289929480,"""/world""","""vicon/obstacle18/obstacle18""",,,0.413746574108,0.812166739153,0.773084873616,,-0.0262952527732,-0.0860395327689,-0.470672495339,0.877709040978
1542728618336516063,,4940,,1542728618,306651167,"""/world""","""vicon/obstacle18/obstacle18""",,,0.413737376492,0.812166588723,0.773046386954,,-0.0263632659882,-0.0860571394028,-0.470650386444,0.877717130233
1542728618353791164,,4941,,1542728618,323292086,"""/world""","""vicon/obstacle18/obstacle18""",,,0.413721548746,0.812254899989,0.773028726492,,-0.0261437524646,-0.0858246014683,-0.470730219725,0.877703652851
1542728618367107091,,4942,,1542728618,339944632,"""/world""","""vicon/obstacle18/obstacle18""",,,0.413720439208,0.812295312198,0.773037299216,,-0.0260312595655,-0.0856862909667,-0.470781899641,0.877692791378
1542728618385695924,,4943,,1542728618,356635670,"""/world""","""vicon/obstacle18/obstacle18""",,,0.41372635791,0.812227848609,0.773056784793,,-0.0262050167873,-0.0859083307189,-0.470661238732,0.877730627336
1542728618400768345,,4944,,1542728618,373317515,"""/world""","""vicon/obstacle18/obstacle18""",,,0.413735768243,0.812163760623,0.773087291943,,-0.0263169216287,-0.0860252841292,-0.470572337929,0.877763490299
1542728618418307334,,4945,,1542728618,389968746,"""/world""","""vicon/obstacle18/obstacle18""",,,0.413746175338,0.81216948408,0.773069692188,,-0.026279899062,-0.0860406745332,-0.47066638226,0.877712667017
1542728618434643969,,4946,,1542728618,406620248,"""/world""","""vicon/obstacle18/obstacle18""",,,0.413729910754,0.812236221524,0.773024424864,,-0.0262627408481,-0.0858606711509,-0.470745830493,0.87768820014
1542728618455116261,,4947,,1542728618,423292612,"""/world""","""vicon/obstacle18/obstacle18""",,,0.413711816953,0.812277676305,0.7730171613,,-0.0260243110214,-0.0857707131717,-0.470706735188,0.877725064839
1542728618471802947,,4948,,1542728618,439980202,"""/world""","""vicon/obstacle18/obstacle18""",,,0.413723120292,0.812252976062,0.773059983868,,-0.0261186644493,-0.0858328465137,-0.470674251232,0.877733608251
1542728618484484045,,4949,,1542728618,456620551,"""/world""","""vicon/obstacle18/obstacle18""",,,0.413738006985,0.812179200318,0.773093452195,,-0.0262970820662,-0.085953975768,-0.470638043044,0.87773584293
1542728618501818952,,4950,,1542728618,473351071,"""/world""","""vicon/obstacle18/obstacle18""",,,0.413737984972,0.812160959508,0.773070503632,,-0.0263055983312,-0.0860349143964,-0.470647319512,0.877722683789
1542728618518920216,,4951,,1542728618,489943984,"""/world""","""vicon/obstacle18/obstacle18""",,,0.413731599547,0.812235100885,0.773019087524,,-0.0261846280276,-0.0859247373116,-0.470715345158,0.87770061445
1542728618535149710,,4952,,1542728618,506650807,"""/world""","""vicon/obstacle18/obstacle18""",,,0.413728478994,0.812278061285,0.773015787981,,-0.0260364617671,-0.0858491542103,-0.470719108203,0.877710400162
1542728618549588374,,4953,,1542728618,523269518,"""/world""","""vicon/obstacle18/obstacle18""",,,0.413719885234,0.81224448104,0.773057835295,,-0.0261978347317,-0.0859185814432,-0.470639071918,0.877741724428
1542728618566161524,,4954,,1542728618,539890583,"""/world""","""vicon/obstacle18/obstacle18""",,,0.413733259337,0.812187689703,0.773081436103,,-0.0261767834751,-0.0859055797524,-0.470656382732,0.877734342935
1542728618582545496,,4955,,1542728618,556615773,"""/world""","""vicon/obstacle18/obstacle18""",,,0.413733754258,0.812183137967,0.773076737623,,-0.0261795342118,-0.0858863167195,-0.470720634589,0.877701690075
1542728618604536353,,4956,,1542728618,573337192,"""/world""","""vicon/obstacle18/obstacle18""",,,0.4137297691,0.812231461037,0.773029172357,,-0.0261665544158,-0.0859250755633,-0.470706924915,0.877705636109
1542728618622879062,,4957,,1542728618,589953177,"""/world""","""vicon/obstacle18/obstacle18""",,,0.413730377087,0.812257530932,0.773007248037,,-0.026175915029,-0.0859793864552,-0.470635498522,0.877738340343
1542728618638647719,,4958,,1542728618,606629535,"""/world""","""vicon/obstacle18/obstacle18""",,,0.413730558481,0.81223230162,0.773048402142,,-0.0262007528505,-0.0858657001178,-0.470711061983,0.877708207903
1542728618655331666,,4959,,1542728618,623395151,"""/world""","""vicon/obstacle18/obstacle18""",,,0.413731486669,0.812182742532,0.773084566302,,-0.0261810579533,-0.0858838061184,-0.470699835646,0.877713044664
1542728618667106940,,4960,,1542728618,639926171,"""/world""","""vicon/obstacle18/obstacle18""",,,0.413732859006,0.812199874498,0.773062165929,,-0.0262491707043,-0.0859686852894,-0.470627780045,0.877741339369
1542728618683301595,,4961,,1542728618,656629743,"""/world""","""vicon/obstacle18/obstacle18""",,,0.413726766515,0.812243567841,0.77302787696,,-0.0261593976657,-0.0858529851771,-0.470730052385,0.87770050053
1542728618699013960,,4962,,1542728618,673228727,"""/world""","""vicon/obstacle18/obstacle18""",,,0.413731825577,0.81225302374,0.773017736635,,-0.0262721251104,-0.0858539836219,-0.470771313875,0.877674905059
1542728618717139581,,4963,,1542728618,689947124,"""/world""","""vicon/obstacle18/obstacle18""",,,0.413738259596,0.812217913791,0.773054415489,,-0.0261702507692,-0.0859416216242,-0.47067610898,0.87772043162
1542728618734841404,,4964,,1542728618,706617424,"""/world""","""vicon/obstacle18/obstacle18""",,,0.413732140814,0.812163360371,0.773066323146,,-0.0263236440221,-0.0859977104115,-0.470652027259,0.877723264365
1542728618755687987,,4965,,1542728618,723301802,"""/world""","""vicon/obstacle18/obstacle18""",,,0.413724171323,0.812215477843,0.773066723484,,-0.0261965169539,-0.0857231870353,-0.470778144085,0.87768628607
1542728618771296513,,4966,,1542728618,740025574,"""/world""","""vicon/obstacle18/obstacle18""",,,0.413724817944,0.812269448981,0.773038018621,,-0.0261202406473,-0.0856598991477,-0.470789817144,0.877688477069
1542728618785044277,,4967,,1542728618,756639575,"""/world""","""vicon/obstacle18/obstacle18""",,,0.413728738754,0.812261667433,0.77303049807,,-0.0262008600945,-0.0859019594459,-0.47069654598,0.877712441461
1542728618801752861,,4968,,1542728618,773305909,"""/world""","""vicon/obstacle18/obstacle18""",,,0.413735582111,0.812198360808,0.77305965888,,-0.0263295505551,-0.0860432298319,-0.470603153807,0.877744831369
1542728618817486541,,4969,,1542728618,789977979,"""/world""","""vicon/obstacle18/obstacle18""",,,0.413746995497,0.812158263356,0.773078927468,,-0.0262609087071,-0.0860747932446,-0.470606942746,0.877741761614
1542728618834097759,,4970,,1542728618,806667154,"""/world""","""vicon/obstacle18/obstacle18""",,,0.413724456844,0.812214642092,0.773063503293,,-0.0261632421285,-0.0857538954766,-0.470722378423,0.87771418846
1542728618850848011,,4971,,1542728618,823272090,"""/world""","""vicon/obstacle18/obstacle18""",,,0.413716322324,0.812291317811,0.773030272389,,-0.0261325316462,-0.0857916799207,-0.470776889072,0.877682174344
1542728618868213355,,4972,,1542728618,839984237,"""/world""","""vicon/obstacle18/obstacle18""",,,0.413715561468,0.812281257711,0.773045747698,,-0.0261068485581,-0.0857119822229,-0.470774453416,0.877692031736
1542728618883884476,,4973,,1542728618,856667012,"""/world""","""vicon/obstacle18/obstacle18""",,,0.413740172735,0.812180740546,0.77306331912,,-0.0263099038411,-0.0859828326318,-0.470693109315,0.877703103729
1542728618904097117,,4974,,1542728618,873320282,"""/world""","""vicon/obstacle18/obstacle18""",,,0.413743143421,0.812144684825,0.773080701855,,-0.0262937403291,-0.0860793875965,-0.470589153344,0.877749865853
1542728618921015974,,4975,,1542728618,889996378,"""/world""","""vicon/obstacle18/obstacle18""",,,0.413730532576,0.81220363299,0.773057552314,,-0.0262070236449,-0.0859069751483,-0.470682837779,0.877719117801
1542728618937695368,,4976,,1542728618,906596030,"""/world""","""vicon/obstacle18/obstacle18""",,,0.413723784647,0.812291931825,0.773030161549,,-0.0260588799673,-0.0857646912639,-0.470752667843,0.877699993293
1542728618954024069,,4977,,1542728618,923303773,"""/world""","""vicon/obstacle18/obstacle18""",,,0.41371765703,0.812290420371,0.773032356873,,-0.0260517656892,-0.0858745803126,-0.470679242886,0.877728837556
1542728618968042418,,4978,,1542728618,939992475,"""/world""","""vicon/obstacle18/obstacle18""",,,0.413726713282,0.812187898455,0.773063016685,,-0.0263407927642,-0.0860051816341,-0.470598105416,0.877750929676
1542728618983275728,,4979,,1542728618,956582285,"""/world""","""vicon/obstacle18/obstacle18""",,,0.413747257496,0.812147541881,0.773087653678,,-0.0263548488421,-0.0859602687404,-0.470669328253,0.8777167183
1542728619000663161,,4980,,1542728618,973242712,"""/world""","""vicon/obstacle18/obstacle18""",,,0.413735935391,0.812195889443,0.773064663589,,-0.0261756445277,-0.0859707525181,-0.470685950389,0.877712140426
1542728619017633092,,4981,,1542728618,989936653,"""/world""","""vicon/obstacle18/obstacle18""",,,0.413718637793,0.812267262346,0.773018117346,,-0.0262548419367,-0.0858743937753,-0.470684530481,0.877719969315
1542728619032848962,,4982,,1542728619,7777349,"""/world""","""vicon/obstacle18/obstacle18""",,,0.41372282316,0.812293636701,0.77304543478,,-0.026062210376,-0.0857599422161,-0.470741492004,0.877706352493
1542728619051623714,,4983,,1542728619,23244784,"""/world""","""vicon/obstacle18/obstacle18""",,,0.413729766201,0.812204398345,0.773072171541,,-0.0261148372821,-0.0859871453862,-0.470615294959,0.877750232272
1542728619067858645,,4984,,1542728619,39948977,"""/world""","""vicon/obstacle18/obstacle18""",,,0.413730063564,0.812151704736,0.773082593932,,-0.0263925206926,-0.0860620143587,-0.470569058746,0.877759377897
1542728619084986080,,4985,,1542728619,56618363,"""/world""","""vicon/obstacle18/obstacle18""",,,0.413742848495,0.812186242885,0.773044456474,,-0.0263420778076,-0.0860170818679,-0.470637240651,0.877728741854
1542728619100546153,,4986,,1542728619,73260638,"""/world""","""vicon/obstacle18/obstacle18""",,,0.41372847938,0.812265272119,0.773030235371,,-0.0260927389497,-0.0858627827633,-0.4707257142,0.87770385296
1542728619118942799,,4987,,1542728619,89974281,"""/world""","""vicon/obstacle18/obstacle18""",,,0.413717428484,0.812268206363,0.773034227287,,-0.0262667326099,-0.0858499532312,-0.470719781492,0.877703099915
1542728619137412984,,4988,,1542728619,106679088,"""/world""","""vicon/obstacle18/obstacle18""",,,0.413730495907,0.812215892613,0.77306174363,,-0.0262397626639,-0.0858865838688,-0.470720626353,0.877699869826
1542728619152297004,,4989,,1542728619,123276995,"""/world""","""vicon/obstacle18/obstacle18""",,,0.413729462761,0.812172844923,0.773087588141,,-0.0262953244151,-0.0858159648369,-0.470711511164,0.877710002991
1542728619168708385,,4990,,1542728619,139949096,"""/world""","""vicon/obstacle18/obstacle18""",,,0.413742284216,0.81219100041,0.773052094543,,-0.0263015808384,-0.0860046881108,-0.470641905134,0.877728669692
1542728619185873742,,4991,,1542728619,156587950,"""/world""","""vicon/obstacle18/obstacle18""",,,0.413728324698,0.812251159114,0.773027155071,,-0.0262287277492,-0.0858891494523,-0.470681628939,0.877720862249
1542728619202004083,,4992,,1542728619,173312467,"""/world""","""vicon/obstacle18/obstacle18""",,,0.413725196523,0.81225752269,0.77303020919,,-0.0262035846314,-0.0858468525002,-0.470752006459,0.877688007485
1542728619218959254,,4993,,1542728619,189948405,"""/world""","""vicon/obstacle18/obstacle18""",,,0.413725462906,0.812213958899,0.773062897838,,-0.0262107076165,-0.0859147049304,-0.47071620108,0.877700359077
1542728619232818523,,4994,,1542728619,206591028,"""/world""","""vicon/obstacle18/obstacle18""",,,0.413729275814,0.812185361378,0.773080540807,,-0.0262112912197,-0.0859218356456,-0.470666236946,0.87772643789
1542728619251432642,,4995,,1542728619,223266870,"""/world""","""vicon/obstacle18/obstacle18""",,,0.413733243583,0.812203333201,0.773057705508,,-0.0262386766083,-0.0859003401059,-0.470702450962,0.877708303525
1542728619265350385,,4996,,1542728619,239900062,"""/world""","""vicon/obstacle18/obstacle18""",,,0.413733470325,0.812247880729,0.773039017265,,-0.026224757376,-0.0858804514782,-0.470694465289,0.877714948318
1542728619282317113,,4997,,1542728619,256650870,"""/world""","""vicon/obstacle18/obstacle18""",,,0.413729275129,0.812228958085,0.773036593771,,-0.0262968052089,-0.0859935583477,-0.47071070756,0.877693007689
1542728619301768009,,4998,,1542728619,273335383,"""/world""","""vicon/obstacle18/obstacle18""",,,0.413720521907,0.812214444186,0.773049316819,,-0.0262298663341,-0.0859010596051,-0.470686049573,0.877717292075
1542728619318241990,,4999,,1542728619,289976924,"""/world""","""vicon/obstacle18/obstacle18""",,,0.413727516829,0.812202832786,0.773082038069,,-0.0261307088912,-0.0857789528958,-0.470735004683,0.877705937463
1542728619335802823,,5000,,1542728619,306593348,"""/world""","""vicon/obstacle18/obstacle18""",,,0.413735585442,0.812214109309,0.773057292433,,-0.0262309474946,-0.0859260995125,-0.470685793399,0.877714946158
1542728619350300882,,5001,,1542728619,323236039,"""/world""","""vicon/obstacle18/obstacle18""",,,0.413726525993,0.812246144509,0.773046117127,,-0.0261643717895,-0.0859559024231,-0.470633348341,0.877742137485
1542728619366501193,,5002,,1542728619,339952580,"""/world""","""vicon/obstacle18/obstacle18""",,,0.413728867087,0.81221568422,0.773038709659,,-0.0263417622361,-0.085955357013,-0.470695280988,0.877703674721
1542728619384720381,,5003,,1542728619,356588747,"""/world""","""vicon/obstacle18/obstacle18""",,,0.413731142119,0.812204942111,0.773054445041,,-0.0261675469035,-0.085879907104,-0.470746121942,0.877689005128
1542728619401798354,,5004,,1542728619,373205114,"""/world""","""vicon/obstacle18/obstacle18""",,,0.413727133167,0.812217848522,0.773066724675,,-0.0260745276841,-0.0858182102567,-0.470769984715,0.877685009149
1542728619418500077,,5005,,1542728619,389903495,"""/world""","""vicon/obstacle18/obstacle18""",,,0.413724125418,0.812230807118,0.77306398403,,-0.026134676371,-0.085817752043,-0.470745716778,0.87769628133
1542728619434349542,,5006,,1542728619,406608125,"""/world""","""vicon/obstacle18/obstacle18""",,,0.413731024354,0.812235289535,0.773051580703,,-0.0261985633188,-0.0859324799977,-0.470713728784,0.877700307449
1542728619450940316,,5007,,1542728619,423279588,"""/world""","""vicon/obstacle18/obstacle18""",,,0.413739305579,0.81221684193,0.773047003271,,-0.0263318823075,-0.0859440020908,-0.470703321022,0.877700771366
1542728619467791818,,5008,,1542728619,439994589,"""/world""","""vicon/obstacle18/obstacle18""",,,0.413723922093,0.812197567358,0.773057455537,,-0.0263051539973,-0.0860088623166,-0.470651925206,0.877722780709
1542728619483866227,,5009,,1542728619,456609973,"""/world""","""vicon/obstacle18/obstacle18""",,,0.413736317851,0.812197725195,0.773055470112,,-0.0262474132888,-0.0858673293304,-0.470754533773,0.877683339241
1542728619503862495,,5010,,1542728619,473310091,"""/world""","""vicon/obstacle18/obstacle18""",,,0.41373537279,0.812233475324,0.773057579136,,-0.0261600611511,-0.0857674937218,-0.470785594391,0.877679048591
1542728619521665604,,5011,,1542728619,489984105,"""/world""","""vicon/obstacle18/obstacle18""",,,0.413719486396,0.812245539701,0.773048383027,,-0.0262451408674,-0.0858335677959,-0.470734725662,0.877697333524
1542728619538051666,,5012,,1542728619,506657416,"""/world""","""vicon/obstacle18/obstacle18""",,,0.413732946008,0.812218526833,0.77303887535,,-0.026294329128,-0.0860057946364,-0.470635205,0.877732371147
1542728619553222426,,5013,,1542728619,523294839,"""/world""","""vicon/obstacle18/obstacle18""",,,0.413734955507,0.812203984092,0.773069204197,,-0.0262165162776,-0.0858396312415,-0.470721612389,0.877704628912
1542728619566726869,,5014,,1542728619,539909714,"""/world""","""vicon/obstacle18/obstacle18""",,,0.413731195363,0.81218237805,0.773058119196,,-0.0262953061497,-0.0858728687715,-0.470701747027,0.877709674454
1542728619582845915,,5015,,1542728619,556601418,"""/world""","""vicon/obstacle18/obstacle18""",,,0.413730778875,0.812224567498,0.773048548625,,-0.0262297680195,-0.0858102339746,-0.470721061334,0.877707403086
1542728619598737187,,5016,,1542728619,573330934,"""/world""","""vicon/obstacle18/obstacle18""",,,0.413728313149,0.812252708659,0.773054518786,,-0.0261195700579,-0.085806184133,-0.470749080018,0.877696058147
1542728619617465275,,5017,,1542728619,590022232,"""/world""","""vicon/obstacle18/obstacle18""",,,0.413717620819,0.812233541669,0.773040795587,,-0.0262547815459,-0.0858292364212,-0.470685634353,0.877723796097
1542728619638566738,,5018,,1542728619,606629872,"""/world""","""vicon/obstacle18/obstacle18""",,,0.413731965048,0.812202196431,0.773058249409,,-0.0262079705537,-0.0859472440542,-0.470672451962,0.877720716677
1542728619653341793,,5019,,1542728619,623332036,"""/world""","""vicon/obstacle18/obstacle18""",,,0.41374714586,0.812180716688,0.773067782447,,-0.0262923548136,-0.086000390302,-0.470679681761,0.877709110198
1542728619669205551,,5020,,1542728619,639998674,"""/world""","""vicon/obstacle18/obstacle18""",,,0.413726660292,0.812205380694,0.773062145596,,-0.0261826405479,-0.0859592489179,-0.470653082702,0.877730683412
1542728619686123518,,5021,,1542728619,656623275,"""/world""","""vicon/obstacle18/obstacle18""",,,0.413726505984,0.812241451013,0.773033441839,,-0.026140112138,-0.0858712294786,-0.470707302575,0.877711491202
1542728619703102485,,5022,,1542728619,673281805,"""/world""","""vicon/obstacle18/obstacle18""",,,0.41372001595,0.812263290348,0.773039134096,,-0.0260618509592,-0.0857392650941,-0.470796507326,0.877678874666
1542728619719735109,,5023,,1542728619,689951969,"""/world""","""vicon/obstacle18/obstacle18""",,,0.413721525964,0.812227215344,0.773067589062,,-0.0261688628613,-0.0858546802064,-0.470718359549,0.8777063236
1542728619736327195,,5024,,1542728619,706600337,"""/world""","""vicon/obstacle18/obstacle18""",,,0.413738986324,0.812171257773,0.773073183388,,-0.026369684695,-0.0859717108908,-0.470683204629,0.877707710765
1542728619752812605,,5025,,1542728619,723293648,"""/world""","""vicon/obstacle18/obstacle18""",,,0.413733280532,0.812181979341,0.773069318927,,-0.0262631613295,-0.0859568702316,-0.470659679242,0.877724973527
1542728619769198103,,5026,,1542728619,739969401,"""/world""","""vicon/obstacle18/obstacle18""",,,0.413722710762,0.81222685052,0.773034176487,,-0.0262459532529,-0.0858924407113,-0.47074510729,0.877685981732
1542728619785646099,,5027,,1542728619,756588549,"""/world""","""vicon/obstacle18/obstacle18""",,,0.413710478197,0.812274204216,0.773032623176,,-0.0260790862251,-0.0858342475997,-0.470705630466,0.877717820628
1542728619802866794,,5028,,1542728619,773333938,"""/world""","""vicon/obstacle18/obstacle18""",,,0.413722077728,0.812249146988,0.773048293728,,-0.0261396289868,-0.0858018590821,-0.470753636585,0.877693439884
1542728619819678858,,5029,,1542728619,789992921,"""/world""","""vicon/obstacle18/obstacle18""",,,0.413732230593,0.812180634697,0.773083100162,,-0.026292062578,-0.0859175823561,-0.470670244504,0.877722289466
1542728619836585291,,5030,,1542728619,806583077,"""/world""","""vicon/obstacle18/obstacle18""",,,0.413734366,0.812148820726,0.773067094418,,-0.0264792899081,-0.0860501474241,-0.470597059543,0.877742916168
1542728619851860832,,5031,,1542728619,823280641,"""/world""","""vicon/obstacle18/obstacle18""",,,0.413732712954,0.812199251929,0.77302814834,,-0.0263379310244,-0.0860636699111,-0.470656472205,0.877713987175
1542728619868758122,,5032,,1542728619,839980253,"""/world""","""vicon/obstacle18/obstacle18""",,,0.413710976256,0.812280946344,0.77302983226,,-0.0260443747728,-0.0857076171849,-0.470777086233,0.877692901861
1542728619885949292,,5033,,1542728619,856607047,"""/world""","""vicon/obstacle18/obstacle18""",,,0.413718305324,0.812260056896,0.773046392826,,-0.0261564566478,-0.0857335379718,-0.470804421774,0.87767237434
1542728619902082681,,5034,,1542728619,873347659,"""/world""","""vicon/obstacle18/obstacle18""",,,0.413729611688,0.81219182204,0.773079074525,,-0.0261681097622,-0.0859346814819,-0.470672509725,0.87772310505
1542728619919153995,,5035,,1542728619,889936050,"""/world""","""vicon/obstacle18/obstacle18""",,,0.413731416466,0.812150142118,0.773077441976,,-0.0263040065055,-0.0860976854452,-0.470619494119,0.877731496278
1542728619935261489,,5036,,1542728619,906578424,"""/world""","""vicon/obstacle18/obstacle18""",,,0.41372901171,0.812178981517,0.773028131864,,-0.0263418506118,-0.0860391959776,-0.470608797967,0.877741831598
1542728619952985272,,5037,,1542728619,923360644,"""/world""","""vicon/obstacle18/obstacle18""",,,0.413721839758,0.812276110488,0.773020079142,,-0.0261289325051,-0.0858302649831,-0.470716165247,0.877711077904
1542728619968587777,,5038,,1542728619,940071313,"""/world""","""vicon/obstacle18/obstacle18""",,,0.413721149502,0.812271097441,0.773040347542,,-0.0261193511848,-0.0857324511916,-0.470768432405,0.877692890114
1542728619986328071,,5039,,1542728619,956661810,"""/world""","""vicon/obstacle18/obstacle18""",,,0.413723896345,0.812191530898,0.773083647364,,-0.0262782263982,-0.0858657422469,-0.470705187887,0.877709037906
1542728620001553720,,5040,,1542728619,973278004,"""/world""","""vicon/obstacle18/obstacle18""",,,0.41373577251,0.812151754213,0.773075746571,,-0.0262972626386,-0.0860466084064,-0.470649737009,0.877720490938
1542728620019566853,,5041,,1542728619,989908291,"""/world""","""vicon/obstacle18/obstacle18""",,,0.413725148967,0.812202896404,0.77303540956,,-0.0262292693887,-0.0860086121533,-0.470684790293,0.877707452543
1542728620035300301,,5042,,1542728620,6641426,"""/world""","""vicon/obstacle18/obstacle18""",,,0.413721345579,0.812258838584,0.773016220948,,-0.0262470641741,-0.0859249337908,-0.470657343714,0.877729834393
1542728620051134214,,5043,,1542728620,23247198,"""/world""","""vicon/obstacle18/obstacle18""",,,0.413735747979,0.812254563203,0.773033665697,,-0.0261785074435,-0.0858460925338,-0.470765170313,0.87768176953
1542728620068373733,,5044,,1542728620,39938777,"""/world""","""vicon/obstacle18/obstacle18""",,,0.413718582359,0.81220686073,0.773088977866,,-0.0261258052486,-0.0857821889417,-0.470755700324,0.877694667281
1542728620086748455,,5045,,1542728620,56620370,"""/world""","""vicon/obstacle18/obstacle18""",,,0.413727621696,0.812157041907,0.773072690728,,-0.0263349432045,-0.0859573036714,-0.47067373006,0.877715245705
1542728620101884727,,5046,,1542728620,73335347,"""/world""","""vicon/obstacle18/obstacle18""",,,0.413729935439,0.812207594407,0.773042755648,,-0.0262250834919,-0.0858851918256,-0.470702488862,0.877710171868
1542728620118135775,,5047,,1542728620,89977124,"""/world""","""vicon/obstacle18/obstacle18""",,,0.413721153985,0.812260845535,0.7730171426,,-0.0261455021659,-0.0858164997734,-0.470726006915,0.877706652303
1542728620135672995,,5048,,1542728620,106546970,"""/world""","""vicon/obstacle18/obstacle18""",,,0.413725398791,0.812239342938,0.7730375406,,-0.0261732933482,-0.0859134866098,-0.47066469087,0.877729218098
1542728620152176102,,5049,,1542728620,123303456,"""/world""","""vicon/obstacle18/obstacle18""",,,0.413733042549,0.812186326757,0.77308459992,,-0.0261894640139,-0.0858273842107,-0.470763062701,0.877684402784
1542728620169177777,,5050,,1542728620,140027210,"""/world""","""vicon/obstacle18/obstacle18""",,,0.413725915097,0.81217069108,0.773082464512,,-0.0261600910139,-0.085859063652,-0.470725909054,0.877702107422
1542728620186106033,,5051,,1542728620,156609638,"""/world""","""vicon/obstacle18/obstacle18""",,,0.413721644165,0.812229769343,0.773037235939,,-0.0261529339281,-0.085878979168,-0.47072413175,0.877701325493
1542728620202135369,,5052,,1542728620,173343614,"""/world""","""vicon/obstacle18/obstacle18""",,,0.413729615212,0.812264131112,0.773015897188,,-0.026218541497,-0.085915949567,-0.470724802862,0.87769539002
1542728620219637014,,5053,,1542728620,189969214,"""/world""","""vicon/obstacle18/obstacle18""",,,0.413731470016,0.812229688741,0.773050099382,,-0.0262105089061,-0.0859846406313,-0.470743027384,0.877679128707
1542728620235881037,,5054,,1542728620,206662777,"""/world""","""vicon/obstacle18/obstacle18""",,,0.413723052776,0.812169219668,0.773081226558,,-0.0262358169827,-0.0858547251926,-0.470687460507,0.877720891053
1542728620253403559,,5055,,1542728620,223345206,"""/world""","""vicon/obstacle18/obstacle18""",,,0.413734835263,0.812180250117,0.773081517105,,-0.0261102339659,-0.0857974171504,-0.470808050539,0.87766556184
1542728620268926344,,5056,,1542728620,239927576,"""/world""","""vicon/obstacle18/obstacle18""",,,0.413719247064,0.812250852411,0.773043889962,,-0.0260975507411,-0.0858453745512,-0.470663528496,0.87773876094
1542728620285599007,,5057,,1542728620,256551014,"""/world""","""vicon/obstacle18/obstacle18""",,,0.413721828177,0.812259459995,0.773004912197,,-0.0263129101261,-0.0858903866457,-0.470662926819,0.877728250406
1542728620302430413,,5058,,1542728620,273273636,"""/world""","""vicon/obstacle18/obstacle18""",,,0.413732351399,0.812219439922,0.77304500761,,-0.0263101675419,-0.0859297085825,-0.47071038311,0.877699034692
1542728620318909597,,5059,,1542728620,289981373,"""/world""","""vicon/obstacle18/obstacle18""",,,0.413736808153,0.812160128159,0.773080516194,,-0.0262455764327,-0.0858916833086,-0.470703465098,0.877708400553
1542728620334436122,,5060,,1542728620,306620173,"""/world""","""vicon/obstacle18/obstacle18""",,,0.413727750025,0.812169672863,0.773073779638,,-0.0262575698452,-0.0858540321065,-0.470691252208,0.877718275013
1542728620351538578,,5061,,1542728620,323280022,"""/world""","""vicon/obstacle18/obstacle18""",,,0.413728124522,0.812261002246,0.773033813766,,-0.0261226725639,-0.0856914188418,-0.47083516547,0.877661001567
1542728620367817185,,5062,,1542728620,339995531,"""/world""","""vicon/obstacle18/obstacle18""",,,0.41372339118,0.81228426341,0.77301248368,,-0.0261316981478,-0.0858157634165,-0.470741168693,0.877699003759
1542728620384979119,,5063,,1542728620,356616235,"""/world""","""vicon/obstacle18/obstacle18""",,,0.413728225812,0.812203058118,0.773047791274,,-0.0263090800106,-0.0859303908721,-0.470667123385,0.877722199331
1542728620401671564,,5064,,1542728620,373304854,"""/world""","""vicon/obstacle18/obstacle18""",,,0.413739390785,0.812139411657,0.773075300284,,-0.0262594523004,-0.0860590331976,-0.470614630517,0.877739228651
1542728620419152594,,5065,,1542728620,390002736,"""/world""","""vicon/obstacle18/obstacle18""",,,0.413732794107,0.812183160909,0.773076263792,,-0.0261748399755,-0.0858674353247,-0.47069703771,0.877716332305
1542728620434515613,,5066,,1542728620,406631087,"""/world""","""vicon/obstacle18/obstacle18""",,,0.413718907538,0.812252472665,0.773034624821,,-0.0262057644495,-0.0858256615867,-0.470734502506,0.877699402913
1542728620451292391,,5067,,1542728620,423180060,"""/world""","""vicon/obstacle18/obstacle18""",,,0.413723974236,0.812282526964,0.773009723906,,-0.0260997991505,-0.0857547985323,-0.470776845004,0.87768677626
1542728620470443617,,5068,,1542728620,439944009,"""/world""","""vicon/obstacle18/obstacle18""",,,0.413725971918,0.81222274186,0.773046679358,,-0.0262108551272,-0.0859196196207,-0.470658132909,0.877731013446
1542728620485097425,,5069,,1542728620,456570225,"""/world""","""vicon/obstacle18/obstacle18""",,,0.413733401465,0.812134643725,0.773073961476,,-0.0263643268652,-0.0859859599815,-0.470661783181,0.877717963134
1542728620501927961,,5070,,1542728620,473282424,"""/world""","""vicon/obstacle18/obstacle18""",,,0.413741546371,0.812176085114,0.773066390097,,-0.0262070748584,-0.0859170938987,-0.470708828117,0.877704187831
1542728620518908337,,5071,,1542728620,489870977,"""/world""","""vicon/obstacle18/obstacle18""",,,0.413724413772,0.81226120366,0.773040805293,,-0.02609846785,-0.085763487224,-0.470786601904,0.877680733355
1542728620535308653,,5072,,1542728620,506596072,"""/world""","""vicon/obstacle18/obstacle18""",,,0.413710685412,0.812277380428,0.773022251692,,-0.0261045988176,-0.0857029947765,-0.470761958981,0.877699677899
1542728620551698527,,5073,,1542728620,523264123,"""/world""","""vicon/obstacle18/obstacle18""",,,0.413725962181,0.812222942099,0.773053319491,,-0.0260022595186,-0.0858862350419,-0.470691714349,0.877722477309
1542728620568902245,,5074,,1542728620,539985126,"""/world""","""vicon/obstacle18/obstacle18""",,,0.413734460686,0.812151831269,0.773080662197,,-0.0262790305633,-0.0859868293197,-0.470625537461,0.877739871047
1542728620585070496,,5075,,1542728620,556651300,"""/world""","""vicon/obstacle18/obstacle18""",,,0.413728434761,0.812168520174,0.773065994428,,-0.0262815959365,-0.0860031755001,-0.470631162311,0.877735176793
1542728620601863032,,5076,,1542728620,573275477,"""/world""","""vicon/obstacle18/obstacle18""",,,0.41373528095,0.812242553033,0.773036143199,,-0.0261239469823,-0.0858659178295,-0.470800395749,0.877662560961
1542728620618313852,,5077,,1542728620,589983221,"""/world""","""vicon/obstacle18/obstacle18""",,,0.413716457467,0.812272365882,0.773022006912,,-0.0260125507802,-0.0857986710803,-0.47072451584,0.877713145299
1542728620635300682,,5078,,1542728620,606627352,"""/world""","""vicon/obstacle18/obstacle18""",,,0.413718119374,0.812222944034,0.77304619963,,-0.0261861307933,-0.085870392087,-0.470692371998,0.877718208345
1542728620651645571,,5079,,1542728620,623385490,"""/world""","""vicon/obstacle18/obstacle18""",,,0.413738065065,0.812172410286,0.773082055728,,-0.0261988360496,-0.0858979177219,-0.470712327728,0.877704433876
1542728620668729740,,5080,,1542728620,639972168,"""/world""","""vicon/obstacle18/obstacle18""",,,0.413735213651,0.812180359126,0.773072558302,,-0.0260957050836,-0.0859831726524,-0.470665858349,0.877724078502
1542728620684265793,,5081,,1542728620,656633576,"""/world""","""vicon/obstacle18/obstacle18""",,,0.41372669601,0.812222514365,0.77303262025,,-0.0262991749206,-0.0859550659622,-0.470660356346,0.877723708805
1542728620701898197,,5082,,1542728620,673373209,"""/world""","""vicon/obstacle18/obstacle18""",,,0.413728634484,0.812261698794,0.773022492834,,-0.0261693392826,-0.0857778772679,-0.470795436245,0.877672478014
1542728620718579331,,5083,,1542728620,690035568,"""/world""","""vicon/obstacle18/obstacle18""",,,0.413728017706,0.812235356834,0.773046071244,,-0.0261949994518,-0.0858885960994,-0.470716047064,0.877703465927
1542728620735614260,,5084,,1542728620,706685235,"""/world""","""vicon/obstacle18/obstacle18""",,,0.413727970672,0.812185770945,0.773081303059,,-0.0262478915993,-0.085809695396,-0.470713107102,0.877711179811
1542728620752342370,,5085,,1542728620,723359484,"""/world""","""vicon/obstacle18/obstacle18""",,,0.413741777085,0.812184248176,0.773066522816,,-0.0262052285059,-0.0858413870725,-0.470700051974,0.877716356995
1542728620768128185,,5086,,1542728620,740065892,"""/world""","""vicon/obstacle18/obstacle18""",,,0.413730093436,0.812217221206,0.773048677524,,-0.0262027511622,-0.085921886382,-0.470667556831,0.877725980143
1542728620784999952,,5087,,1542728620,756621382,"""/world""","""vicon/obstacle18/obstacle18""",,,0.413722478293,0.812241289779,0.773027560684,,-0.026175065505,-0.085914381843,-0.470694986304,0.877712831629
1542728620802287402,,5088,,1542728620,773357789,"""/world""","""vicon/obstacle18/obstacle18""",,,0.413729591959,0.812230763037,0.773044969318,,-0.0261848521587,-0.0857786085616,-0.470771950081,0.877684541762
1542728620818956810,,5089,,1542728620,789981995,"""/world""","""vicon/obstacle18/obstacle18""",,,0.413734311283,0.812206198431,0.773068762361,,-0.026143119418,-0.0858551685872,-0.470751733609,0.877689143511
1542728620835294869,,5090,,1542728620,806679594,"""/world""","""vicon/obstacle18/obstacle18""",,,0.413730762332,0.812189409649,0.77306913761,,-0.0261839725016,-0.0858869463182,-0.470677932119,0.877724396523
1542728620852203529,,5091,,1542728620,823290504,"""/world""","""vicon/obstacle18/obstacle18""",,,0.413735970933,0.812212426247,0.773052718573,,-0.0263357658762,-0.0859091507992,-0.470717739967,0.877696333891
1542728620868858407,,5092,,1542728620,839994960,"""/world""","""vicon/obstacle18/obstacle18""",,,0.413727989759,0.812240784746,0.773032696917,,-0.0262119375148,-0.0858309373218,-0.4707442007,0.877693501194
1542728620885361549,,5093,,1542728620,856619828,"""/world""","""vicon/obstacle18/obstacle18""",,,0.41372583122,0.812229131514,0.773043518904,,-0.0261921542124,-0.085863167616,-0.470729705956,0.877698713361
1542728620901548047,,5094,,1542728620,873311854,"""/world""","""vicon/obstacle18/obstacle18""",,,0.413735483056,0.812215576224,0.773073807892,,-0.0261633058026,-0.0857972665507,-0.470741839356,0.877699510745
1542728620921415373,,5095,,1542728620,889994062,"""/world""","""vicon/obstacle18/obstacle18""",,,0.413734800143,0.812209756046,0.773074431075,,-0.0261322487393,-0.085808156804,-0.47072574398,0.877708003699
1542728620936494274,,5096,,1542728620,906648281,"""/world""","""vicon/obstacle18/obstacle18""",,,0.413728291902,0.812207060678,0.773044241507,,-0.0262169508666,-0.0858967609076,-0.470688728863,0.877716661842
1542728620953908613,,5097,,1542728620,923344986,"""/world""","""vicon/obstacle18/obstacle18""",,,0.413729338961,0.812227053256,0.773035848265,,-0.0262439403469,-0.0858618231316,-0.470748732759,0.877687093177
1542728620969104998,,5098,,1542728620,939964472,"""/world""","""vicon/obstacle18/obstacle18""",,,0.413731841089,0.81223979281,0.77305048791,,-0.0261618257865,-0.0857409446481,-0.470806474821,0.877670389468
1542728620985955802,,5099,,1542728620,956614126,"""/world""","""vicon/obstacle18/obstacle18""",,,0.413729834678,0.812217533285,0.77306851239,,-0.0261347105725,-0.0858114854034,-0.470751885379,0.877693584509
1542728621002932180,,5100,,1542728620,973320053,"""/world""","""vicon/obstacle18/obstacle18""",,,0.413737347824,0.812213147232,0.773067983023,,-0.0262719197096,-0.0858080726126,-0.470746974009,0.877692456029
1542728621020704965,,5101,,1542728620,989939375,"""/world""","""vicon/obstacle18/obstacle18""",,,0.413736437837,0.812221158715,0.77305510929,,-0.0261924540682,-0.0858799224589,-0.470721212668,0.877701620263
1542728621039368952,,5102,,1542728621,6631599,"""/world""","""vicon/obstacle18/obstacle18""",,,0.413727668035,0.812229765967,0.773037947631,,-0.0261932635546,-0.0859813897416,-0.470688900803,0.877708990625
1542728621055351771,,5103,,1542728621,23280780,"""/world""","""vicon/obstacle18/obstacle18""",,,0.413734206134,0.812228492021,0.773037486398,,-0.0262286730574,-0.0859421203754,-0.470708713716,0.87770115386
1542728621070803196,,5104,,1542728621,39956222,"""/world""","""vicon/obstacle18/obstacle18""",,,0.413730396529,0.812218347282,0.773064709814,,-0.0261794171885,-0.085763305693,-0.470777149278,0.877683410593
1542728621087220090,,5105,,1542728621,56562274,"""/world""","""vicon/obstacle18/obstacle18""",,,0.413727467162,0.812207727609,0.773075428226,,-0.0261764559563,-0.0858514648832,-0.470714414359,0.8777085275
1542728621102174972,,5106,,1542728621,73335656,"""/world""","""vicon/obstacle18/obstacle18""",,,0.41373150866,0.812218371573,0.773047342114,,-0.0262146436828,-0.0858386777145,-0.470709915169,0.87771105133
1542728621118669762,,5107,,1542728621,89968557,"""/world""","""vicon/obstacle18/obstacle18""",,,0.413728168893,0.812238674624,0.773040066487,,-0.0260615728679,-0.0858092997745,-0.470739442576,0.877702646513
1542728621133081496,,5108,,1542728621,106643767,"""/world""","""vicon/obstacle18/obstacle18""",,,0.413730061691,0.812233516716,0.773042364776,,-0.0261884923346,-0.0858210141561,-0.470761448003,0.877685920744
1542728621152165183,,5109,,1542728621,123266736,"""/world""","""vicon/obstacle18/obstacle18""",,,0.413734568206,0.812208437448,0.773064560446,,-0.02612255192,-0.0858994789427,-0.470709378251,0.877708136584
1542728621171539586,,5110,,1542728621,139964208,"""/world""","""vicon/obstacle18/obstacle18""",,,0.413740367097,0.812192404487,0.773073897111,,-0.0261778569457,-0.0858756764504,-0.470693793323,0.877717175932
1542728621186614297,,5111,,1542728621,156512040,"""/world""","""vicon/obstacle18/obstacle18""",,,0.413727627389,0.812221991851,0.773058672766,,-0.0261814468098,-0.0858096940697,-0.470755302522,0.877690533955
1542728621204040609,,5112,,1542728621,173290226,"""/world""","""vicon/obstacle18/obstacle18""",,,0.413728947315,0.812258537097,0.773040679835,,-0.026219737404,-0.0857358939235,-0.470799897214,0.877672683093
1542728621219093863,,5113,,1542728621,189927892,"""/world""","""vicon/obstacle18/obstacle18""",,,0.413728622282,0.812243922666,0.773038408143,,-0.0261726247554,-0.0857941869612,-0.470761291055,0.877689101016
1542728621234699887,,5114,,1542728621,206544433,"""/world""","""vicon/obstacle18/obstacle18""",,,0.413730689036,0.812207939411,0.773063840852,,-0.0262009349446,-0.0858908666545,-0.470733853086,0.877693516891
1542728621250036619,,5115,,1542728621,223270389,"""/world""","""vicon/obstacle18/obstacle18""",,,0.413741654022,0.812181150561,0.773074683285,,-0.0262338398523,-0.085932557302,-0.47068745044,0.877713338876
1542728621267288949,,5116,,1542728621,239917941,"""/world""","""vicon/obstacle18/obstacle18""",,,0.413731283861,0.812218599172,0.773065457022,,-0.0262480633681,-0.0857977037108,-0.470733512027,0.877701403589
1542728621285395497,,5117,,1542728621,256588745,"""/world""","""vicon/obstacle18/obstacle18""",,,0.413722508331,0.812261746591,0.773027275773,,-0.026085013379,-0.085890905654,-0.470663385094,0.877734756253
1542728621305034359,,5118,,1542728621,273327597,"""/world""","""vicon/obstacle18/obstacle18""",,,0.413725805647,0.812253528016,0.773034554486,,-0.0261051120416,-0.0858296401547,-0.470723603414,0.877707858678
1542728621321491520,,5119,,1542728621,290001303,"""/world""","""vicon/obstacle18/obstacle18""",,,0.413735372065,0.812208726216,0.773062050321,,-0.0262159817013,-0.0858443944957,-0.470763791228,0.877681556777
1542728621335651335,,5120,,1542728621,306627146,"""/world""","""vicon/obstacle18/obstacle18""",,,0.413729582172,0.812179027066,0.773087101823,,-0.0261938361525,-0.0859349290131,-0.470681119378,0.87771769652
1542728621350309780,,5121,,1542728621,323265869,"""/world""","""vicon/obstacle18/obstacle18""",,,0.413735845207,0.812205032688,0.773058736043,,-0.0262596154637,-0.0859752073888,-0.470661263513,0.877722434109
1542728621368458024,,5122,,1542728621,339940834,"""/world""","""vicon/obstacle18/obstacle18""",,,0.413729289575,0.812267675678,0.773034105853,,-0.0260714791474,-0.0858005603032,-0.470762318599,0.877690937183
1542728621385846317,,5123,,1542728621,357489023,"""/world""","""vicon/obstacle18/obstacle18""",,,0.413722644831,0.812268279232,0.773026390568,,-0.0261095306312,-0.0858067332719,-0.47077883304,0.8776803446
1542728621398685033,,5124,,1542728621,373248505,"""/world""","""vicon/obstacle18/obstacle18""",,,0.413732266398,0.812197925319,0.773045097753,,-0.0262760213526,-0.0859952283224,-0.470648528128,0.877726810789
1542728621415549572,,5125,,1542728621,390471121,"""/world""","""vicon/obstacle18/obstacle18""",,,0.413737320917,0.812167814363,0.773069089444,,-0.0262421693124,-0.085982704997,-0.470661116399,0.877722300333
1542728621433287159,,5126,,1542728621,406557872,"""/world""","""vicon/obstacle18/obstacle18""",,,0.413729457025,0.812202963256,0.773067673373,,-0.02613751222,-0.0859539388398,-0.470651927304,0.877733167983
1542728621455197575,,5127,,1542728621,423305163,"""/world""","""vicon/obstacle18/obstacle18""",,,0.413724887965,0.812250191233,0.773012531032,,-0.026208577744,-0.0859671161055,-0.470614233514,0.877749969305
1542728621469207014,,5128,,1542728621,439958743,"""/world""","""vicon/obstacle18/obstacle18""",,,0.413726257298,0.812275963676,0.773027228608,,-0.0260861360418,-0.085804923132,-0.470706907654,0.877719793419
1542728621488743406,,5129,,1542728621,456636278,"""/world""","""vicon/obstacle18/obstacle18""",,,0.41372755931,0.8122054728,0.773050975601,,-0.0261979597638,-0.0859112200952,-0.47067395324,0.877723737236
1542728621505039321,,5130,,1542728621,473365528,"""/world""","""vicon/obstacle18/obstacle18""",,,0.413733317843,0.81215558361,0.773066779704,,-0.0263535929858,-0.0859958408806,-0.470621745435,0.877738785865
1542728621518514088,,5131,,1542728621,489934913,"""/world""","""vicon/obstacle18/obstacle18""",,,0.413731772504,0.812199824853,0.773066550777,,-0.0261303411832,-0.0859989262751,-0.470666221942,0.877721309683
1542728621535508277,,5132,,1542728621,506607917,"""/world""","""vicon/obstacle18/obstacle18""",,,0.413720067215,0.812252098895,0.773024728906,,-0.0262487467403,-0.0858346025467,-0.470755753968,0.877685846078
1542728621553211646,,5133,,1542728621,523376507,"""/world""","""vicon/obstacle18/obstacle18""",,,0.413720503375,0.812261540309,0.773022459887,,-0.0261822711812,-0.0857868610165,-0.470730754592,0.877705907371
1542728621569661213,,5134,,1542728621,539991857,"""/world""","""vicon/obstacle18/obstacle18""",,,0.413735891831,0.812208313873,0.773042813671,,-0.0263170432364,-0.0858174338731,-0.470814430979,0.87765400521
1542728621586344585,,5135,,1542728621,556631804,"""/world""","""vicon/obstacle18/obstacle18""",,,0.413730286797,0.812164140066,0.773071545191,,-0.0263725827779,-0.0859815576022,-0.470619444024,0.877740848734
1542728621601108951,,5136,,1542728621,573356503,"""/world""","""vicon/obstacle18/obstacle18""",,,0.413731096116,0.81219425218,0.773059261044,,-0.0262648528745,-0.0860411151021,-0.47063633312,0.877729187143
1542728621618022499,,5137,,1542728621,590002934,"""/world""","""vicon/obstacle18/obstacle18""",,,0.413729495313,0.812254757225,0.773032731009,,-0.0261160879624,-0.0858041350393,-0.470727161121,0.877708117852
1542728621634303193,,5138,,1542728621,606649676,"""/world""","""vicon/obstacle18/obstacle18""",,,0.413718762615,0.81226158187,0.773024769979,,-0.0262500363042,-0.0857402367075,-0.470761743835,0.877691818319
1542728621650796854,,5139,,1542728621,623325840,"""/world""","""vicon/obstacle18/obstacle18""",,,0.413733888709,0.812202879355,0.773044985049,,-0.0262403897204,-0.0859545917787,-0.470659007947,0.877726237695
1542728621671868558,,5140,,1542728621,640044132,"""/world""","""vicon/obstacle18/obstacle18""",,,0.413737185353,0.8121757227,0.773068051899,,-0.0263231213989,-0.0859768334374,-0.470663816295,0.877719003681
1542728621688685069,,5141,,1542728621,657478284,"""/world""","""vicon/obstacle18/obstacle18""",,,0.413729520027,0.812204002883,0.773060001114,,-0.0262470820611,-0.085969238079,-0.470664680578,0.877721561342
1542728621705603070,,5142,,1542728621,673372163,"""/world""","""vicon/obstacle18/obstacle18""",,,0.413724908395,0.812247053971,0.773033620875,,-0.0262233871137,-0.0859039463177,-0.470710748478,0.877703957632
1542728621722661949,,5143,,1542728621,690027827,"""/world""","""vicon/obstacle18/obstacle18""",,,0.413725883349,0.812248483748,0.773039110288,,-0.0261603003693,-0.0858079996658,-0.470756732817,0.877690563003
1542728621737455268,,5144,,1542728621,706607273,"""/world""","""vicon/obstacle18/obstacle18""",,,0.413730262824,0.812204554331,0.773043381418,,-0.026268145948,-0.0858665919141,-0.470717586275,0.877702607307
1542728621751050769,,5145,,1542728621,723306512,"""/world""","""vicon/obstacle18/obstacle18""",,,0.413729398969,0.812178127467,0.7730650162,,-0.0263271736473,-0.0858713838312,-0.470707261486,0.877705907096
1542728621767736213,,5146,,1542728621,739975249,"""/world""","""vicon/obstacle18/obstacle18""",,,0.41373907155,0.812207803146,0.773049245904,,-0.0262762196929,-0.0859737864311,-0.470675908451,0.877714223155
1542728621783990129,,5147,,1542728621,756663561,"""/world""","""vicon/obstacle18/obstacle18""",,,0.413722584487,0.812253335878,0.773035943994,,-0.0262211778239,-0.0858365086334,-0.470747685798,0.877690811126
1542728621801287262,,5148,,1542728621,773309447,"""/world""","""vicon/obstacle18/obstacle18""",,,0.413722503417,0.812231833809,0.773034940837,,-0.0261680212102,-0.085792278108,-0.470725554372,0.877708591814
1542728621817965269,,5149,,1542728621,789931853,"""/world""","""vicon/obstacle18/obstacle18""",,,0.413730110376,0.812194078526,0.773058216208,,-0.0262576184041,-0.0858676768885,-0.470725286938,0.877698686212
1542728621835233619,,5150,,1542728621,806624443,"""/world""","""vicon/obstacle18/obstacle18""",,,0.413731090842,0.812192867937,0.773065965197,,-0.026227177039,-0.0859188971616,-0.470681160068,0.877718248558
1542728621854303233,,5151,,1542728621,823341984,"""/world""","""vicon/obstacle18/obstacle18""",,,0.413732279714,0.812220181756,0.773051864779,,-0.0261915290756,-0.0859539186572,-0.470672941506,0.877720291327
1542728621870944740,,5152,,1542728621,839976586,"""/world""","""vicon/obstacle18/obstacle18""",,,0.413728011768,0.812261397154,0.773043722285,,-0.0260933563391,-0.08581582505,-0.470796651419,0.877670378866
1542728621889987892,,5153,,1542728621,856635849,"""/world""","""vicon/obstacle18/obstacle18""",,,0.413725756136,0.812237883729,0.773045215889,,-0.0260896172984,-0.0859031737312,-0.470685058478,0.877721796663
1542728621903536022,,5154,,1542728621,873234675,"""/world""","""vicon/obstacle18/obstacle18""",,,0.413728483711,0.812183092858,0.773059408951,,-0.0262856407779,-0.0858819283322,-0.47068885361,0.877715991971
1542728621920110618,,5155,,1542728621,889972764,"""/world""","""vicon/obstacle18/obstacle18""",,,0.413738150068,0.8121929489,0.773074988826,,-0.0260855319168,-0.0859282070816,-0.47068554061,0.877719209151
1542728621933697716,,5156,,1542728621,906548288,"""/world""","""vicon/obstacle18/obstacle18""",,,0.41373420816,0.812237764934,0.773057355701,,-0.0261759414751,-0.0858202905344,-0.47076134672,0.877686420229
1542728621950738315,,5157,,1542728621,923230566,"""/world""","""vicon/obstacle18/obstacle18""",,,0.413725225737,0.812265007622,0.773040885743,,-0.0261572038187,-0.0857856067782,-0.470746188157,0.877698499881
1542728621968941775,,5158,,1542728621,940026551,"""/world""","""vicon/obstacle18/obstacle18""",,,0.413733036491,0.812233903487,0.773039216774,,-0.026101038137,-0.0858294660065,-0.470773691927,0.877681132053
1542728621985383270,,5159,,1542728621,956643291,"""/world""","""vicon/obstacle18/obstacle18""",,,0.413733854695,0.812192557512,0.773075587771,,-0.0261392472265,-0.0858207260871,-0.470735560294,0.877701301699
1542728622002437267,,5160,,1542728621,973223601,"""/world""","""vicon/obstacle18/obstacle18""",,,0.413735411855,0.81217990741,0.773080113429,,-0.0261738112709,-0.0859167913883,-0.47066080792,0.877730961314
1542728622018918923,,5161,,1542728621,990020407,"""/world""","""vicon/obstacle18/obstacle18""",,,0.413734880969,0.812240254026,0.773055426756,,-0.0261952352579,-0.0858146595912,-0.470712063234,0.877712827396
1542728622035870006,,5162,,1542728622,6554793,"""/world""","""vicon/obstacle18/obstacle18""",,,0.413727699866,0.812272843746,0.773040978519,,-0.0260308771461,-0.0857648293241,-0.470765831418,0.87769375038
1542728622052957812,,5163,,1542728622,23330444,"""/world""","""vicon/obstacle18/obstacle18""",,,0.413726361927,0.812231365963,0.773039575738,,-0.0261749971638,-0.0859010110902,-0.470720162087,0.877700640778
1542728622071910173,,5164,,1542728622,39986243,"""/world""","""vicon/obstacle18/obstacle18""",,,0.413739123207,0.812191784215,0.773071992572,,-0.0261541809207,-0.0858917365926,-0.470683920959,0.877721604471
1542728622086455596,,5165,,1542728622,56680823,"""/world""","""vicon/obstacle18/obstacle18""",,,0.4137359063,0.812179924496,0.773080123315,,-0.0263368114151,-0.0859434298314,-0.470673694054,0.877716567554
1542728622101499603,,5166,,1542728622,73270778,"""/world""","""vicon/obstacle18/obstacle18""",,,0.413733744933,0.812221691392,0.77305573987,,-0.0262132307356,-0.0858829392276,-0.4707035098,0.877710198839
1542728622119060549,,5167,,1542728622,89998667,"""/world""","""vicon/obstacle18/obstacle18""",,,0.413731393332,0.812268290809,0.773034984682,,-0.0261291009363,-0.0857793153483,-0.470775117469,0.87768443527
1542728622136314055,,5168,,1542728622,106596074,"""/world""","""vicon/obstacle18/obstacle18""",,,0.413729056975,0.812244932257,0.773037830144,,-0.026034418886,-0.0858318949732,-0.470767690344,0.877686092271
1542728622154549471,,5169,,1542728622,123352161,"""/world""","""vicon/obstacle18/obstacle18""",,,0.413729288956,0.812191892602,0.773058033091,,-0.0262586731153,-0.0859216605307,-0.470660925348,0.87772788704
1542728622167583165,,5170,,1542728622,139923980,"""/world""","""vicon/obstacle18/obstacle18""",,,0.413741967434,0.812177835662,0.773075154896,,-0.0262673079924,-0.0858815207597,-0.470703789763,0.877708570783
1542728622183665356,,5171,,1542728622,156571104,"""/world""","""vicon/obstacle18/obstacle18""",,,0.413730089412,0.812214390852,0.773055857301,,-0.0262739420606,-0.0859554273613,-0.470649598595,0.877730197623
1542728622201460145,,5172,,1542728622,173374827,"""/world""","""vicon/obstacle18/obstacle18""",,,0.413727250719,0.81225498264,0.773035278606,,-0.0261434018569,-0.0858683058078,-0.470728405759,0.877700361518
1542728622218103926,,5173,,1542728622,190071494,"""/world""","""vicon/obstacle18/obstacle18""",,,0.413732553082,0.812244953691,0.773035266845,,-0.0261274441751,-0.0858473882459,-0.470749492689,0.877691573233
1542728622235219288,,5174,,1542728622,206636912,"""/world""","""vicon/obstacle18/obstacle18""",,,0.413731473,0.812201316928,0.77305863883,,-0.0262237996735,-0.085890541259,-0.470710401815,0.877705443116
1542728622251040310,,5175,,1542728622,223265415,"""/world""","""vicon/obstacle18/obstacle18""",,,0.413737555367,0.812172203382,0.773068864848,,-0.0262926523571,-0.0860312374589,-0.470589602743,0.877754378174
1542728622268220193,,5176,,1542728622,240000671,"""/world""","""vicon/obstacle18/obstacle18""",,,0.413738009564,0.812207315854,0.773057168288,,-0.026235070437,-0.0858623837658,-0.470727583294,0.877698646723
1542728622284170600,,5177,,1542728622,256721278,"""/world""","""vicon/obstacle18/obstacle18""",,,0.413727229833,0.812246755853,0.77303377421,,-0.0261299358079,-0.0858431006497,-0.470728877164,0.877702975231
1542728622302221756,,5178,,1542728622,273366558,"""/world""","""vicon/obstacle18/obstacle18""",,,0.413725562853,0.81224494042,0.77303446809,,-0.0261598058539,-0.0858665538078,-0.470722808327,0.877703046147
1542728622318766934,,5179,,1542728622,289993983,"""/world""","""vicon/obstacle18/obstacle18""",,,0.413732996314,0.812210651994,0.773063230717,,-0.0261807411012,-0.0858677081031,-0.470738983443,0.877693633888
1542728622336175652,,5180,,1542728622,306646766,"""/world""","""vicon/obstacle18/obstacle18""",,,0.413738575021,0.812184938062,0.773065780085,,-0.0262467202949,-0.0859464970442,-0.470700370499,0.877704660197
1542728622351700347,,5181,,1542728622,323237767,"""/world""","""vicon/obstacle18/obstacle18""",,,0.413735238988,0.812200112034,0.773060276661,,-0.0262511040916,-0.0859073526923,-0.4706920825,0.877712805967
1542728622369294972,,5182,,1542728622,340019004,"""/world""","""vicon/obstacle18/obstacle18""",,,0.413730949663,0.812238938849,0.773031157404,,-0.0261998842815,-0.0858708793758,-0.470711216902,0.877707644049
1542728622384954328,,5183,,1542728622,356618729,"""/world""","""vicon/obstacle18/obstacle18""",,,0.413728536573,0.81224871175,0.773041022877,,-0.026088291969,-0.0858173979389,-0.470725256878,0.877708669075
1542728622401704084,,5184,,1542728622,373382877,"""/world""","""vicon/obstacle18/obstacle18""",,,0.413729959058,0.812214364858,0.773053276956,,-0.0261581490197,-0.085886596956,-0.470697218861,0.877714857946
1542728622418568465,,5185,,1542728622,390025645,"""/world""","""vicon/obstacle18/obstacle18""",,,0.413738420056,0.81218861406,0.773068782339,,-0.0262050142406,-0.0859269079792,-0.470664009786,0.877727323037
1542728622435226693,,5186,,1542728622,406674193,"""/world""","""vicon/obstacle18/obstacle18""",,,0.413739463275,0.812207714126,0.773057767328,,-0.0262608871452,-0.0859446658678,-0.47069509779,0.877707243408
1542728622452324925,,5187,,1542728622,423363670,"""/world""","""vicon/obstacle18/obstacle18""",,,0.413728002034,0.812231646927,0.773037454361,,-0.0261712588824,-0.085986317899,-0.470659470775,0.877724946046
1542728622469294461,,5188,,1542728622,439976372,"""/world""","""vicon/obstacle18/obstacle18""",,,0.413726627296,0.812245354611,0.773031748661,,-0.026220498364,-0.0858352102799,-0.470732937939,0.877698868224
1542728622486974263,,5189,,1542728622,456625314,"""/world""","""vicon/obstacle18/obstacle18""",,,0.41372955368,0.812230079431,0.77306610161,,-0.026151322221,-0.0857766134402,-0.470807653285,0.877666585066
1542728622502956871,,5190,,1542728622,473312016,"""/world""","""vicon/obstacle18/obstacle18""",,,0.413726453411,0.812192631104,0.773073163934,,-0.0262134918075,-0.0858984361907,-0.470713464011,0.87770333616
1542728622519284890,,5191,,1542728622,489994553,"""/world""","""vicon/obstacle18/obstacle18""",,,0.413732589966,0.812213201839,0.773062379141,,-0.0261937069889,-0.0858621109355,-0.470728578297,0.877699375182
1542728622536492274,,5192,,1542728622,506611452,"""/world""","""vicon/obstacle18/obstacle18""",,,0.413731849429,0.812239842176,0.773036909348,,-0.0262144016427,-0.0858838965749,-0.470705862313,0.877708808569
1542728622553290341,,5193,,1542728622,523271300,"""/world""","""vicon/obstacle18/obstacle18""",,,0.413725596958,0.812235006283,0.773038488099,,-0.0261568171148,-0.0859996076688,-0.470661769955,0.87772284162
1542728622569036253,,5194,,1542728622,539898378,"""/world""","""vicon/obstacle18/obstacle18""",,,0.413727721806,0.812229873219,0.773064742393,,-0.0261501028692,-0.0858296080739,-0.470737062811,0.877699303973
1542728622585980704,,5195,,1542728622,556685702,"""/world""","""vicon/obstacle18/obstacle18""",,,0.413727653274,0.812212460282,0.773072992333,,-0.026108231704,-0.0858240784674,-0.470749204003,0.877694579408
1542728622602552138,,5196,,1542728622,573332917,"""/world""","""vicon/obstacle18/obstacle18""",,,0.413728136372,0.812215416459,0.773053165402,,-0.0261139223683,-0.085911813216,-0.470685699374,0.877719884595
1542728622619099917,,5197,,1542728622,589931965,"""/world""","""vicon/obstacle18/obstacle18""",,,0.413733620008,0.812234600977,0.773032581301,,-0.0262473885313,-0.0859000012,-0.470723091711,0.877697006557
1542728622636684144,,5198,,1542728622,606589826,"""/world""","""vicon/obstacle18/obstacle18""",,,0.413731941737,0.812235864472,0.773033838167,,-0.0262388029452,-0.0858474877802,-0.47073558188,0.877695702401
1542728622651822250,,5199,,1542728622,623334714,"""/world""","""vicon/obstacle18/obstacle18""",,,0.413723724628,0.812211757544,0.773053729247,,-0.0261915010236,-0.0858800986601,-0.470675956021,0.877725901607
1542728622669249981,,5200,,1542728622,639984126,"""/world""","""vicon/obstacle18/obstacle18""",,,0.413732372224,0.812206479722,0.773068280329,,-0.0261294022125,-0.0858624877931,-0.470728958197,0.877701051295
1542728622685951831,,5201,,1542728622,656627735,"""/world""","""vicon/obstacle18/obstacle18""",,,0.413732361952,0.81222907787,0.773055641192,,-0.0261144413097,-0.085806666374,-0.47071861095,0.877712504905
1542728622702870678,,5202,,1542728622,673268711,"""/world""","""vicon/obstacle18/obstacle18""",,,0.413733063268,0.812238265204,0.773023614372,,-0.0262525938171,-0.0859479509413,-0.470689903358,0.877709955466
1542728622719423442,,5203,,1542728622,690000039,"""/world""","""vicon/obstacle18/obstacle18""",,,0.413732509249,0.812227217481,0.773021714085,,-0.0262328832845,-0.0859646722164,-0.470637385433,0.877737069058
1542728622738261336,,5204,,1542728622,706618659,"""/world""","""vicon/obstacle18/obstacle18""",,,0.413730478132,0.812204918006,0.773057891934,,-0.0261811487454,-0.0858948277014,-0.470689903602,0.877717289719
1542728622752367398,,5205,,1542728622,723263404,"""/world""","""vicon/obstacle18/obstacle18""",,,0.413728638694,0.812195219842,0.773057193314,,-0.0261726999305,-0.0859573071707,-0.470688925175,0.87771194981
1542728622768745758,,5206,,1542728622,739975392,"""/world""","""vicon/obstacle18/obstacle18""",,,0.413731165274,0.812218657249,0.773054866119,,-0.0261317659391,-0.085886507054,-0.470664610663,0.877733138821
1542728622785824314,,5207,,1542728622,756663709,"""/world""","""vicon/obstacle18/obstacle18""",,,0.413732161614,0.81224021372,0.773027944709,,-0.0261793041573,-0.0858417595925,-0.470726279074,0.877703028668
1542728622802914240,,5208,,1542728622,773338906,"""/world""","""vicon/obstacle18/obstacle18""",,,0.413728227236,0.812238568496,0.773029366173,,-0.026232254467,-0.0858368283698,-0.470752789301,0.877687711596
1542728622819479955,,5209,,1542728622,789982856,"""/world""","""vicon/obstacle18/obstacle18""",,,0.413730638951,0.812196876053,0.773036910295,,-0.0263382351881,-0.0859768331429,-0.470655049195,0.877723251485
1542728622835321721,,5210,,1542728622,806674091,"""/world""","""vicon/obstacle18/obstacle18""",,,0.413732865146,0.812198106608,0.773065944736,,-0.0262770279125,-0.0858934715301,-0.470743624235,0.877685746492
1542728622852286763,,5211,,1542728622,823334629,"""/world""","""vicon/obstacle18/obstacle18""",,,0.413731298987,0.812220375261,0.773058743606,,-0.0261842659506,-0.0858852338973,-0.470696235262,0.877714740064
1542728622868492445,,5212,,1542728622,839965940,"""/world""","""vicon/obstacle18/obstacle18""",,,0.413728969088,0.812241478944,0.77303203414,,-0.0262692042436,-0.0857930804709,-0.47077525732,0.877678832687
1542728622885261693,,5213,,1542728622,856684905,"""/world""","""vicon/obstacle18/obstacle18""",,,0.413729188526,0.812247424057,0.773022428716,,-0.0261961123848,-0.0857982540695,-0.470764303523,0.877686386942
1542728622901363158,,5214,,1542728622,873276591,"""/world""","""vicon/obstacle18/obstacle18""",,,0.413728379019,0.812212973304,0.773034486534,,-0.0262378768167,-0.0858957687208,-0.470684823293,0.877718228054
1542728622918859523,,5215,,1542728622,889975427,"""/world""","""vicon/obstacle18/obstacle18""",,,0.413733865601,0.812188358445,0.773056845241,,-0.0263368029557,-0.0860073906527,-0.470651016846,0.877722462915
1542728622936721689,,5216,,1542728622,906642760,"""/world""","""vicon/obstacle18/obstacle18""",,,0.413739007787,0.812210203061,0.773054852611,,-0.0262334878445,-0.0858585985631,-0.470736709851,0.877694169496
1542728622952384512,,5217,,1542728622,923331679,"""/world""","""vicon/obstacle18/obstacle18""",,,0.413728050305,0.812227600899,0.773024660021,,-0.0262902786573,-0.0859021368216,-0.470716764339,0.877698907318
1542728622968022089,,5218,,1542728622,939979867,"""/world""","""vicon/obstacle18/obstacle18""",,,0.413726431898,0.812239068623,0.773014406945,,-0.0262445048613,-0.0858755388825,-0.470728020172,0.877696843341
1542728622983830818,,5219,,1542728622,956690087,"""/world""","""vicon/obstacle18/obstacle18""",,,0.413732932422,0.812222642193,0.77303733768,,-0.0261901785181,-0.0859206564922,-0.470683575467,0.87771788584
1542728622999934789,,5220,,1542728622,973315843,"""/world""","""vicon/obstacle18/obstacle18""",,,0.413731138842,0.812188869357,0.773061650471,,-0.0263050695401,-0.0860676330222,-0.470571136505,0.877760338219
1542728623019826855,,5221,,1542728622,989975084,"""/world""","""vicon/obstacle18/obstacle18""",,,0.413735623149,0.812178571787,0.773062530916,,-0.0263308035912,-0.0859812546795,-0.470681954057,0.877708613807
1542728623036773147,,5222,,1542728623,7437335,"""/world""","""vicon/obstacle18/obstacle18""",,,0.413733278684,0.812216694246,0.77304449999,,-0.0261229283504,-0.0859560702136,-0.470734313768,0.877689211765
1542728623053746969,,5223,,1542728623,23340847,"""/world""","""vicon/obstacle18/obstacle18""",,,0.413724974748,0.812236496397,0.773030766261,,-0.0262842076222,-0.0858666725867,-0.470706279793,0.877708182218
1542728623069020153,,5224,,1542728623,39890802,"""/world""","""vicon/obstacle18/obstacle18""",,,0.413728126119,0.812228879365,0.773034646933,,-0.0262643762873,-0.0859174152833,-0.470695005257,0.877709856567
1542728623085710494,,5225,,1542728623,56661788,"""/world""","""vicon/obstacle18/obstacle18""",,,0.413734759253,0.812197434565,0.773065370933,,-0.0262569089313,-0.0859054787608,-0.470693977226,0.877711799656
1542728623103128321,,5226,,1542728623,73319977,"""/world""","""vicon/obstacle18/obstacle18""",,,0.413738151024,0.812169089055,0.773070923519,,-0.0263121729312,-0.0860127741094,-0.47067363319,0.877710546402
1542728623119370039,,5227,,1542728623,90036757,"""/world""","""vicon/obstacle18/obstacle18""",,,0.41373385424,0.812195341658,0.773050558986,,-0.0262285809979,-0.085897568052,-0.470704570988,0.877707739622
1542728623136291729,,5228,,1542728623,106619808,"""/world""","""vicon/obstacle18/obstacle18""",,,0.413730994313,0.812232233786,0.773029966682,,-0.0262057665734,-0.0858767419223,-0.470786374405,0.877666584
1542728623153255853,,5229,,1542728623,123417765,"""/world""","""vicon/obstacle18/obstacle18""",,,0.413723735851,0.81223771657,0.77303501294,,-0.026235512728,-0.0858800398207,-0.470682192402,0.877721248682
1542728623170034365,,5230,,1542728623,139946423,"""/world""","""vicon/obstacle18/obstacle18""",,,0.413731151512,0.812206950433,0.773057512933,,-0.0262704462055,-0.0859307004249,-0.470661881202,0.877726137223
1542728623187607931,,5231,,1542728623,156618743,"""/world""","""vicon/obstacle18/obstacle18""",,,0.413741877441,0.812178165435,0.773069991075,,-0.026277468077,-0.0859644650761,-0.470639894539,0.877734410334
1542728623201128971,,5232,,1542728623,173244278,"""/world""","""vicon/obstacle18/obstacle18""",,,0.413736855568,0.812190373772,0.773056873649,,-0.0262455442881,-0.0859954707731,-0.470656209038,0.877723580238
1542728623217833422,,5233,,1542728623,189906101,"""/world""","""vicon/obstacle18/obstacle18""",,,0.413732945071,0.812221712121,0.773028024328,,-0.0262421724134,-0.0858504270913,-0.470754660282,0.877685081551
1542728623231954380,,5234,,1542728623,206573712,"""/world""","""vicon/obstacle18/obstacle18""",,,0.413728172884,0.812244752962,0.77303475622,,-0.026268755225,-0.0858779037141,-0.470749067844,0.877684597835
1542728623252677901,,5235,,1542728623,223236944,"""/world""","""vicon/obstacle18/obstacle18""",,,0.413726148301,0.812220350384,0.773054694176,,-0.0262331699633,-0.0858176537328,-0.470725513833,0.877704188054
1542728623271155327,,5236,,1542728623,239926163,"""/world""","""vicon/obstacle18/obstacle18""",,,0.4137326557,0.81218623164,0.773077139463,,-0.0262216800099,-0.0859412560721,-0.470635974794,0.877740453227
1542728623287902384,,5237,,1542728623,256653705,"""/world""","""vicon/obstacle18/obstacle18""",,,0.413738108554,0.812195721148,0.773065050044,,-0.0262045161633,-0.0858900364515,-0.470712760635,0.87770480342
1542728623304629416,,5238,,1542728623,273367711,"""/world""","""vicon/obstacle18/obstacle18""",,,0.413732420129,0.812219582221,0.773036309174,,-0.0262515926223,-0.0860176134944,-0.470683395883,0.87770665082
1542728623318350511,,5239,,1542728623,290028056,"""/world""","""vicon/obstacle18/obstacle18""",,,0.413724909256,0.812231703647,0.773035253038,,-0.0262084390643,-0.0858845407473,-0.470702976692,0.877710471121
1542728623334842801,,5240,,1542728623,306632687,"""/world""","""vicon/obstacle18/obstacle18""",,,0.41372841541,0.812222344911,0.773054326604,,-0.0261669052808,-0.0857948882647,-0.470790260959,0.877673663956
1542728623350964987,,5241,,1542728623,323270961,"""/world""","""vicon/obstacle18/obstacle18""",,,0.413727700727,0.812201727355,0.773075967851,,-0.0262408360151,-0.0858395449498,-0.47072503789,0.877702073458
1542728623367872145,,5242,,1542728623,339957141,"""/world""","""vicon/obstacle18/obstacle18""",,,0.41373436365,0.812193592421,0.773066612376,,-0.0262229125399,-0.0858193700112,-0.470759451145,0.877686124846
1542728623388345956,,5243,,1542728623,356651655,"""/world""","""vicon/obstacle18/obstacle18""",,,0.413733429171,0.812218272228,0.773031190927,,-0.0262225557681,-0.0859705080032,-0.470647546306,0.877731357807
1542728623403431439,,5244,,1542728623,373338884,"""/world""","""vicon/obstacle18/obstacle18""",,,0.413721727708,0.812232093022,0.773033985298,,-0.0262699610094,-0.0859214333951,-0.470707240073,0.877702734743
1542728623421049710,,5245,,1542728623,389916360,"""/world""","""vicon/obstacle18/obstacle18""",,,0.413727015332,0.812212613378,0.773052244864,,-0.026309642822,-0.0859614735701,-0.470645259063,0.877730863009
1542728623433585739,,5246,,1542728623,406518724,"""/world""","""vicon/obstacle18/obstacle18""",,,0.413733411496,0.812210123643,0.773075401335,,-0.0261558881688,-0.0858311105648,-0.470720931814,0.877707636019
1542728623449079702,,5247,,1542728623,423200543,"""/world""","""vicon/obstacle18/obstacle18""",,,0.413739404907,0.812211412252,0.773066007302,,-0.0261089950675,-0.0858671336261,-0.470761941817,0.877683513504
1542728623468262468,,5248,,1542728623,439933475,"""/world""","""vicon/obstacle18/obstacle18""",,,0.413728704311,0.812219968749,0.773033741994,,-0.0262500283852,-0.0859514092808,-0.470696000602,0.877706423737
1542728623484877313,,5249,,1542728623,456594255,"""/world""","""vicon/obstacle18/obstacle18""",,,0.413729636441,0.812227794722,0.77302777313,,-0.0261989056486,-0.0859691436433,-0.4706805088,0.877714522109
1542728623502019386,,5250,,1542728623,473309566,"""/world""","""vicon/obstacle18/obstacle18""",,,0.413724783398,0.812208607483,0.773049625264,,-0.0262396765816,-0.0859636955927,-0.470639019343,0.877736085555
1542728623519911181,,5251,,1542728623,489960362,"""/world""","""vicon/obstacle18/obstacle18""",,,0.413727156776,0.812198186896,0.773069806521,,-0.0262564754208,-0.085873461425,-0.470703207839,0.877709995529
1542728623532215798,,5252,,1542728623,506515466,"""/world""","""vicon/obstacle18/obstacle18""",,,0.413736786719,0.812215905543,0.773064382827,,-0.0262243713545,-0.0858939601678,-0.470745021037,0.877686524405
1542728623548805475,,5253,,1542728623,523262511,"""/world""","""vicon/obstacle18/obstacle18""",,,0.413726730207,0.812226829277,0.773040393604,,-0.0261508371567,-0.0857818276902,-0.470804465076,0.877667800149
1542728623564947612,,5254,,1542728623,539949846,"""/world""","""vicon/obstacle18/obstacle18""",,,0.413728153817,0.812220828893,0.773020576418,,-0.0263527487845,-0.0859897007261,-0.470669472603,0.877713820992
1542728623584715507,,5255,,1542728623,556622215,"""/world""","""vicon/obstacle18/obstacle18""",,,0.413731170474,0.812212077686,0.773053574569,,-0.0262261522613,-0.085969127817,-0.470620429889,0.877745925067
1542728623601044103,,5256,,1542728623,573348598,"""/world""","""vicon/obstacle18/obstacle18""",,,0.413732712963,0.812191069944,0.773070820141,,-0.0262612613938,-0.0858725658487,-0.470706637021,0.877708100936
1542728623617630493,,5257,,1542728623,589942044,"""/world""","""vicon/obstacle18/obstacle18""",,,0.413733537991,0.812215128536,0.773067298235,,-0.026146910952,-0.0859026704931,-0.470735912806,0.877692868061
1542728623634281048,,5258,,1542728623,606664546,"""/world""","""vicon/obstacle18/obstacle18""",,,0.41373031668,0.812241603434,0.773040678195,,-0.0260948173557,-0.0857649298053,-0.470770784042,0.877689185427
1542728623652674899,,5259,,1542728623,623350824,"""/world""","""vicon/obstacle18/obstacle18""",,,0.413723770917,0.812218435447,0.773017884934,,-0.0262726804501,-0.0858971468299,-0.470700087833,0.877708866164
1542728623667889347,,5260,,1542728623,640002815,"""/world""","""vicon/obstacle18/obstacle18""",,,0.413731202756,0.812205914204,0.773049337681,,-0.0262969346085,-0.085934890773,-0.470664799825,0.877723368712
1542728623685484521,,5261,,1542728623,656665385,"""/world""","""vicon/obstacle18/obstacle18""",,,0.413737753725,0.812189955227,0.773078755768,,-0.0262308366157,-0.0859146878867,-0.470658563985,0.877730668123
1542728623702259634,,5262,,1542728623,673299301,"""/world""","""vicon/obstacle18/obstacle18""",,,0.413732026456,0.812209265246,0.773067807878,,-0.0262272178176,-0.0858705137976,-0.47071491638,0.877704879446
1542728623716881707,,5263,,1542728623,689866506,"""/world""","""vicon/obstacle18/obstacle18""",,,0.413730030573,0.812241108071,0.77303992315,,-0.0260079190794,-0.0858723164083,-0.470757845599,0.877688204448
1542728623734341901,,5264,,1542728623,706614316,"""/world""","""vicon/obstacle18/obstacle18""",,,0.413727938382,0.812239416611,0.773021005735,,-0.0262262075329,-0.0858662908005,-0.470723205453,0.877700877287
1542728623750051556,,5265,,1542728623,723295593,"""/world""","""vicon/obstacle18/obstacle18""",,,0.41372733132,0.812213505253,0.773050422141,,-0.0263291759639,-0.0858489440429,-0.470736299132,0.877692468909
1542728623770254126,,5266,,1542728623,740012139,"""/world""","""vicon/obstacle18/obstacle18""",,,0.41373902583,0.812183558392,0.773076389039,,-0.0263031378264,-0.0859807847637,-0.470654516071,0.87772420275
1542728623787199295,,5267,,1542728623,756661368,"""/world""","""vicon/obstacle18/obstacle18""",,,0.413731366316,0.812203547193,0.773076109559,,-0.0262160780394,-0.0858747979783,-0.470675540196,0.877725909488
1542728623800920110,,5268,,1542728623,773284256,"""/world""","""vicon/obstacle18/obstacle18""",,,0.413726208796,0.812238832956,0.77303915925,,-0.0261663454663,-0.0859228865773,-0.470724361041,0.877696505547
1542728623818471617,,5269,,1542728623,789926002,"""/world""","""vicon/obstacle18/obstacle18""",,,0.413726748915,0.812250135978,0.773024591348,,-0.0260821898472,-0.0858626561061,-0.470710940795,0.87771210193
1542728623834387875,,5270,,1542728623,806662516,"""/world""","""vicon/obstacle18/obstacle18""",,,0.413733481184,0.8122145095,0.773048774531,,-0.0262150078391,-0.0858523067965,-0.470702628055,0.877713615437
1542728623852521763,,5271,,1542728623,823256221,"""/world""","""vicon/obstacle18/obstacle18""",,,0.413739229926,0.812178940754,0.773064823474,,-0.0263112469459,-0.0860439165527,-0.470642112709,0.877724423981
1542728623869122110,,5272,,1542728623,839977326,"""/world""","""vicon/obstacle18/obstacle18""",,,0.413729701031,0.81220405549,0.773080114137,,-0.0261528085797,-0.0858574986249,-0.470668603226,0.877733209165
1542728623884470686,,5273,,1542728623,856638185,"""/world""","""vicon/obstacle18/obstacle18""",,,0.41372814089,0.812230161111,0.773038916738,,-0.0262216897326,-0.0858141982783,-0.470789630087,0.877670479488
1542728623901870184,,5274,,1542728623,873251612,"""/world""","""vicon/obstacle18/obstacle18""",,,0.413727523878,0.812260121116,0.7730321605,,-0.0261600601117,-0.0857783769224,-0.470740203106,0.877702331367
1542728623917980594,,5275,,1542728623,889884394,"""/world""","""vicon/obstacle18/obstacle18""",,,0.413732320845,0.812229021309,0.773051807227,,-0.026180619341,-0.0858889971935,-0.470704416893,0.87771009294
1542728623935002021,,5276,,1542728623,906668650,"""/world""","""vicon/obstacle18/obstacle18""",,,0.413736653704,0.812174710188,0.773068482447,,-0.0261641578428,-0.0860191024329,-0.47061438368,0.877746120889
1542728623953677646,,5277,,1542728623,923327316,"""/world""","""vicon/obstacle18/obstacle18""",,,0.413732926469,0.812192490509,0.773076846163,,-0.0261823603943,-0.0859625125643,-0.470672710852,0.877719846931
1542728623968167112,,5278,,1542728623,939927542,"""/world""","""vicon/obstacle18/obstacle18""",,,0.41372519697,0.812235243863,0.773053420517,,-0.026213300924,-0.0857238080872,-0.470832729919,0.877656443045
1542728623986330304,,5279,,1542728623,956678402,"""/world""","""vicon/obstacle18/obstacle18""",,,0.413724109796,0.812256185806,0.773029327682,,-0.0261360709901,-0.0858430821638,-0.470702115089,0.877717146858
1542728624001821374,,5280,,1542728623,973321141,"""/world""","""vicon/obstacle18/obstacle18""",,,0.413734031472,0.812229005011,0.77304672598,,-0.0261763748499,-0.0857843561668,-0.47074570659,0.877698308853
1542728624019289020,,5281,,1542728623,989968036,"""/world""","""vicon/obstacle18/obstacle18""",,,0.413735388363,0.812184768563,0.773071970271,,-0.026297102759,-0.0859198678516,-0.470676731923,0.877718435901
1542728624036026022,,5282,,1542728624,6687497,"""/world""","""vicon/obstacle18/obstacle18""",,,0.413730086383,0.812180084884,0.773066887586,,-0.0262930066578,-0.0859355742071,-0.47064851759,0.877732150361
1542728624052727975,,5283,,1542728624,23303495,"""/world""","""vicon/obstacle18/obstacle18""",,,0.413728163047,0.812228158103,0.773054709818,,-0.0260414328673,-0.0857932022009,-0.470792607638,0.877676301847
1542728624069149550,,5284,,1542728624,39912411,"""/world""","""vicon/obstacle18/obstacle18""",,,0.413717431125,0.812266169049,0.773031714286,,-0.0260728564558,-0.0857544253881,-0.470742171632,0.87770621083
1542728624085802555,,5285,,1542728624,56614796,"""/world""","""vicon/obstacle18/obstacle18""",,,0.413724920821,0.812228364451,0.773044150296,,-0.0261800889385,-0.0858820069842,-0.470700744883,0.877712762005
1542728624102624310,,5286,,1542728624,73362322,"""/world""","""vicon/obstacle18/obstacle18""",,,0.413736252426,0.812192168856,0.773075352456,,-0.0262612284937,-0.0858428690294,-0.470697868199,0.877715709434
1542728624118469990,,5287,,1542728624,89918132,"""/world""","""vicon/obstacle18/obstacle18""",,,0.413735878834,0.812177855977,0.773062730413,,-0.026348968381,-0.0859433748493,-0.470715194545,0.877693952246
1542728624135270958,,5288,,1542728624,106762779,"""/world""","""vicon/obstacle18/obstacle18""",,,0.413727217273,0.812223779025,0.773046460448,,-0.0262269813843,-0.085904342382,-0.470695186578,0.87771215711
1542728624152335549,,5289,,1542728624,123311100,"""/world""","""vicon/obstacle18/obstacle18""",,,0.413719647584,0.812260599451,0.773046089396,,-0.0261315697291,-0.0857415473966,-0.470754609011,0.877699052186
1542728624169107002,,5290,,1542728624,140041592,"""/world""","""vicon/obstacle18/obstacle18""",,,0.413718694567,0.812236228197,0.773043605807,,-0.0262100323144,-0.0858245624028,-0.470713015481,0.877710906706
1542728624185604726,,5291,,1542728624,156679033,"""/world""","""vicon/obstacle18/obstacle18""",,,0.413724690361,0.81219604583,0.773068202614,,-0.0262352297413,-0.085942401172,-0.470621774642,0.877747550059
1542728624202626764,,5292,,1542728624,173318417,"""/world""","""vicon/obstacle18/obstacle18""",,,0.413733644571,0.812190250223,0.773069674925,,-0.0261898284736,-0.0859209689202,-0.470686987436,0.877716035995
1542728624218670428,,5293,,1542728624,189973878,"""/world""","""vicon/obstacle18/obstacle18""",,,0.413730901073,0.812222691863,0.773045893497,,-0.0261838562634,-0.0859111540005,-0.470717651339,0.877700730322
1542728624233498957,,5294,,1542728624,206554148,"""/world""","""vicon/obstacle18/obstacle18""",,,0.413718546372,0.812243577421,0.773035137996,,-0.0261988207135,-0.085969991301,-0.470670474308,0.87771982261
1542728624249026279,,5295,,1542728624,223223265,"""/world""","""vicon/obstacle18/obstacle18""",,,0.413725610658,0.812228616125,0.77305017457,,-0.0261979020285,-0.0857942717676,-0.470788092917,0.877673962488
1542728624269428698,,5296,,1542728624,239978245,"""/world""","""vicon/obstacle18/obstacle18""",,,0.413726713076,0.812207575257,0.773071350601,,-0.0262856252069,-0.0858501625195,-0.470702007158,0.877712046152
1542728624285591221,,5297,,1542728624,256720715,"""/world""","""vicon/obstacle18/obstacle18""",,,0.413730768797,0.81219461797,0.77306106492,,-0.0261764385511,-0.0859394207343,-0.470637928577,0.877740935706
1542728624303391314,,5298,,1542728624,273327154,"""/world""","""vicon/obstacle18/obstacle18""",,,0.413732074044,0.812233239847,0.773046547974,,-0.0261676629733,-0.0858618482485,-0.470731725971,0.87769848957
1542728624319907079,,5299,,1542728624,289983640,"""/world""","""vicon/obstacle18/obstacle18""",,,0.413726126165,0.812242003133,0.773031659596,,-0.0261937290847,-0.0859847063833,-0.470645191771,0.877732090269
1542728624334502117,,5300,,1542728624,306605078,"""/world""","""vicon/obstacle18/obstacle18""",,,0.413724339326,0.812214225062,0.77304763406,,-0.0263013637012,-0.0858977895386,-0.470673337213,0.877722289598
1542728624350600263,,5301,,1542728624,323191684,"""/world""","""vicon/obstacle18/obstacle18""",,,0.413725488122,0.812201498743,0.773068079603,,-0.0262193176997,-0.0858114980644,-0.470698740476,0.877719562214
1542728624367491483,,5302,,1542728624,339890868,"""/world""","""vicon/obstacle18/obstacle18""",,,0.413735332443,0.812207323424,0.77306174638,,-0.0262079971578,-0.0858589196749,-0.470696792666,0.87771630734
1542728624384524356,,5303,,1542728624,356652258,"""/world""","""vicon/obstacle18/obstacle18""",,,0.413730209734,0.81223041636,0.773040862456,,-0.0262578951597,-0.0858881441275,-0.470720636463,0.877699169447
1542728624402150143,,5304,,1542728624,373325584,"""/world""","""vicon/obstacle18/obstacle18""",,,0.41373177505,0.81223962058,0.773030744386,,-0.0262224181596,-0.0860528896179,-0.470669030638,0.877711768505
1542728624418871450,,5305,,1542728624,389975934,"""/world""","""vicon/obstacle18/obstacle18""",,,0.413726233938,0.812215066934,0.773048383442,,-0.0262502692514,-0.0858617436322,-0.470717332509,0.877703752538
1542728624433907759,,5306,,1542728624,406650321,"""/world""","""vicon/obstacle18/obstacle18""",,,0.413725253143,0.812191783002,0.773066639353,,-0.026276593894,-0.0858231068995,-0.470678674681,0.877727474867
1542728624454709566,,5307,,1542728624,423313583,"""/world""","""vicon/obstacle18/obstacle18""",,,0.413733018743,0.812211592962,0.773060565813,,-0.0261963123713,-0.0859398030069,-0.470624908674,0.877747286417
1542728624471645282,,5308,,1542728624,439998503,"""/world""","""vicon/obstacle18/obstacle18""",,,0.413733879304,0.812241909774,0.77304479905,,-0.026274195561,-0.0858182358327,-0.470715701234,0.877708166567
1542728624485030044,,5309,,1542728624,456704208,"""/world""","""vicon/obstacle18/obstacle18""",,,0.413730561783,0.812234163803,0.773027391758,,-0.0263069110537,-0.0859422405839,-0.470727278746,0.87768884393
1542728624501483185,,5310,,1542728624,473297705,"""/world""","""vicon/obstacle18/obstacle18""",,,0.413727022389,0.812209742073,0.77304491773,,-0.0262273325795,-0.0860137833826,-0.470644482636,0.877728618115
1542728624519274874,,5311,,1542728624,490007401,"""/world""","""vicon/obstacle18/obstacle18""",,,0.413730962891,0.812197602191,0.773073102262,,-0.0262441133604,-0.0858495230592,-0.470694870716,0.877717178017
1542728624536402003,,5312,,1542728624,506636353,"""/world""","""vicon/obstacle18/obstacle18""",,,0.413728613371,0.812211556073,0.77307308216,,-0.02615735273,-0.0858188543256,-0.470706479108,0.877716541753
1542728624552989382,,5313,,1542728624,523310743,"""/world""","""vicon/obstacle18/obstacle18""",,,0.413735232393,0.812241841848,0.77304295394,,-0.0261959641539,-0.0858512204663,-0.470655759851,0.877739423249
1542728624569529033,,5314,,1542728624,539954791,"""/world""","""vicon/obstacle18/obstacle18""",,,0.413730809646,0.812240751268,0.77303612815,,-0.0262383230509,-0.0859249129589,-0.47069348407,0.8777107176
1542728624584439166,,5315,,1542728624,556634278,"""/world""","""vicon/obstacle18/obstacle18""",,,0.413728570042,0.812211719012,0.773040181866,,-0.0262549173562,-0.0859681838344,-0.470651313703,0.877728597912
1542728624603521137,,5316,,1542728624,573299831,"""/world""","""vicon/obstacle18/obstacle18""",,,0.413732343849,0.812195221855,0.773056504983,,-0.0262121656776,-0.0858997039042,-0.470649443871,0.877737582779
1542728624620112698,,5317,,1542728624,589937418,"""/world""","""vicon/obstacle18/obstacle18""",,,0.413733361655,0.812209714095,0.773062488095,,-0.0261039883107,-0.0859169881055,-0.470650531386,0.877738531828
1542728624637788550,,5318,,1542728624,606906178,"""/world""","""vicon/obstacle18/obstacle18""",,,0.413730445767,0.812238773722,0.773054800429,,-0.0261159929435,-0.0859132703958,-0.470657671733,0.877734709876
1542728624653065112,,5319,,1542728624,623297960,"""/world""","""vicon/obstacle18/obstacle18""",,,0.413730925488,0.812246169253,0.773038746179,,-0.0262395229301,-0.0859174725785,-0.470701799703,0.877706950581
1542728624668788214,,5320,,1542728624,639942013,"""/world""","""vicon/obstacle18/obstacle18""",,,0.413727882762,0.812214379123,0.77304130658,,-0.0263361520205,-0.0859381306921,-0.470681159668,0.877713102741
1542728624685118991,,5321,,1542728624,656592555,"""/world""","""vicon/obstacle18/obstacle18""",,,0.413730166807,0.812201573874,0.773057341155,,-0.0262357284051,-0.085944184048,-0.470675544398,0.877718528738
1542728624704907559,,5322,,1542728624,673316056,"""/world""","""vicon/obstacle18/obstacle18""",,,0.413734792499,0.812208903329,0.773078660197,,-0.0261495998113,-0.0859185229786,-0.470669312176,0.877726953223
1542728624721644173,,5323,,1542728624,690010521,"""/world""","""vicon/obstacle18/obstacle18""",,,0.413733451583,0.812227638741,0.773053097224,,-0.0262180668046,-0.0859145937642,-0.470675017522,0.877722235922
1542728624738314614,,5324,,1542728624,706610602,"""/world""","""vicon/obstacle18/obstacle18""",,,0.413726856336,0.812239872427,0.773027694921,,-0.0263202216575,-0.0859553925913,-0.470676394176,0.877714445809
1542728624754981304,,5325,,1542728624,723361048,"""/world""","""vicon/obstacle18/obstacle18""",,,0.413729229554,0.812233303648,0.773037465041,,-0.0262228259645,-0.0859591283199,-0.470628553645,0.877742648019
1542728624771498688,,5326,,1542728624,739959817,"""/world""","""vicon/obstacle18/obstacle18""",,,0.413739111261,0.812204697951,0.773047472971,,-0.0262643083559,-0.0860494865133,-0.47060895144,0.877743064229
1542728624784109307,,5327,,1542728624,756645120,"""/world""","""vicon/obstacle18/obstacle18""",,,0.413734048265,0.812196659797,0.773068166643,,-0.0262685610353,-0.0858361354064,-0.470731514296,0.877698104138
1542728624800704352,,5328,,1542728624,773274485,"""/world""","""vicon/obstacle18/obstacle18""",,,0.413732245557,0.812218049991,0.773057777033,,-0.0262246470765,-0.0858339469362,-0.4706944713,0.877719497406
1542728624817639973,,5329,,1542728624,789893986,"""/world""","""vicon/obstacle18/obstacle18""",,,0.413727605419,0.81224217247,0.773033009375,,-0.0263190491969,-0.0858277854154,-0.47067079863,0.87772996885
1542728624834751935,,5330,,1542728624,806660049,"""/world""","""vicon/obstacle18/obstacle18""",,,0.413722555944,0.812241145572,0.77303483332,,-0.0262687774068,-0.085890666803,-0.470627253514,0.877748672992
1542728624850983287,,5331,,1542728624,823299926,"""/world""","""vicon/obstacle18/obstacle18""",,,0.413733705636,0.812211450436,0.773048385105,,-0.0262808634534,-0.085922093129,-0.470672371081,0.877721042945
1542728624868693334,,5332,,1542728624,839969930,"""/world""","""vicon/obstacle18/obstacle18""",,,0.413737416084,0.812194765051,0.773062822936,,-0.0262645754039,-0.0859379156127,-0.470670551819,0.877720957018
1542728624885000658,,5333,,1542728624,856627606,"""/world""","""vicon/obstacle18/obstacle18""",,,0.413733889072,0.81219755165,0.773058343967,,-0.0261596317038,-0.0859438040249,-0.470624271443,0.877748330302
1542728624901047192,,5334,,1542728624,873274626,"""/world""","""vicon/obstacle18/obstacle18""",,,0.413729256087,0.812229284023,0.773038005991,,-0.0262635406946,-0.0858822031204,-0.470708530055,0.877706074578
1542728624917898463,,5335,,1542728624,889951886,"""/world""","""vicon/obstacle18/obstacle18""",,,0.413721851775,0.812252356939,0.773031033616,,-0.0261851141955,-0.0858246301705,-0.470713458139,0.87771140643
1542728624935872962,,5336,,1542728624,906586108,"""/world""","""vicon/obstacle18/obstacle18""",,,0.413729410601,0.812230706301,0.773055049708,,-0.0262363121407,-0.085926113663,-0.47066472957,0.877726079853
1542728624951220795,,5337,,1542728624,923281935,"""/world""","""vicon/obstacle18/obstacle18""",,,0.413734728661,0.812186701965,0.773059215347,,-0.0262420651361,-0.0859705367526,-0.470640102768,0.87773476318
1542728624967874507,,5338,,1542728624,939965927,"""/world""","""vicon/obstacle18/obstacle18""",,,0.413739120844,0.812189192626,0.773061954262,,-0.0262076926489,-0.0860338847632,-0.470611323856,0.877745013872
1542728624984568189,,5339,,1542728624,956640704,"""/world""","""vicon/obstacle18/obstacle18""",,,0.413728404455,0.812224508733,0.773042055782,,-0.0262426656049,-0.085929065775,-0.470655946814,0.877730310452
1542728625001968752,,5340,,1542728624,973313015,"""/world""","""vicon/obstacle18/obstacle18""",,,0.41372306455,0.812245503565,0.773032590834,,-0.0263311568802,-0.0858314460827,-0.470736764106,0.877693871438
1542728625018525157,,5341,,1542728624,989974378,"""/world""","""vicon/obstacle18/obstacle18""",,,0.413731499685,0.812237477089,0.773056041321,,-0.0261205186069,-0.0858835918861,-0.470664840223,0.877733635752
1542728625035196868,,5342,,1542728625,6679692,"""/world""","""vicon/obstacle18/obstacle18""",,,0.41373386864,0.812201435516,0.773065429751,,-0.0262904280389,-0.0858745454354,-0.470695134111,0.877713202911
1542728625051538630,,5343,,1542728625,23297649,"""/world""","""vicon/obstacle18/obstacle18""",,,0.413734663881,0.812190989516,0.773053997329,,-0.0262008633956,-0.0859181353276,-0.470615894119,0.877754105078
1542728625067770815,,5344,,1542728625,39904213,"""/world""","""vicon/obstacle18/obstacle18""",,,0.413732547625,0.812221158652,0.773040003173,,-0.0263120785618,-0.0859299227537,-0.470685022304,0.877712556977
1542728625084424475,,5345,,1542728625,56644579,"""/world""","""vicon/obstacle18/obstacle18""",,,0.413730251336,0.812239243254,0.773028905077,,-0.0261854734123,-0.0859443098418,-0.470679100866,0.877718109985
1542728625102466487,,5346,,1542728625,73446023,"""/world""","""vicon/obstacle18/obstacle18""",,,0.413721378678,0.812231782095,0.773050826952,,-0.0262507259391,-0.0857933878085,-0.470747341053,0.877694328845
1542728625121999254,,5347,,1542728625,90003347,"""/world""","""vicon/obstacle18/obstacle18""",,,0.413731478985,0.812205443426,0.773067704534,,-0.0261784409989,-0.0859219693379,-0.470679312804,0.877720393354
1542728625135032746,,5348,,1542728625,106641785,"""/world""","""vicon/obstacle18/obstacle18""",,,0.413731234434,0.812196203356,0.773056310617,,-0.0262846379474,-0.0859119816709,-0.470660877478,0.877728082965
1542728625150122371,,5349,,1542728625,123333776,"""/world""","""vicon/obstacle18/obstacle18""",,,0.413731171032,0.812216254908,0.773028925223,,-0.0263576272524,-0.0859773157223,-0.470687681506,0.877705123117
1542728625166952593,,5350,,1542728625,139918307,"""/world""","""vicon/obstacle18/obstacle18""",,,0.413728266051,0.812232936877,0.773036549136,,-0.0262461536336,-0.0859416044404,-0.470683498297,0.877714204327
1542728625183980936,,5351,,1542728625,156624352,"""/world""","""vicon/obstacle18/obstacle18""",,,0.413730438003,0.812221524474,0.773052469841,,-0.026275738317,-0.0859074361222,-0.470696502086,0.877709690569
1542728625203210179,,5352,,1542728625,173361106,"""/world""","""vicon/obstacle18/obstacle18""",,,0.4137327265,0.812195535845,0.773066080836,,-0.0262235512346,-0.0858943370545,-0.470676153087,0.877723445703
1542728625219979797,,5353,,1542728625,189971619,"""/world""","""vicon/obstacle18/obstacle18""",,,0.413728831481,0.812199659447,0.773054274501,,-0.0262503897098,-0.085850935345,-0.470740011601,0.87769264291
1542728625233195307,,5354,,1542728625,206602652,"""/world""","""vicon/obstacle18/obstacle18""",,,0.413726295593,0.812225868017,0.773030146503,,-0.026295203304,-0.0858221791785,-0.470713427517,0.877708371271
1542728625251353999,,5355,,1542728625,223310726,"""/world""","""vicon/obstacle18/obstacle18""",,,0.41373235927,0.812228171259,0.773030399969,,-0.0262521561665,-0.0859149868429,-0.470609849658,0.877756121447
1542728625269970268,,5356,,1542728625,239944596,"""/world""","""vicon/obstacle18/obstacle18""",,,0.413730254681,0.812206633109,0.773051437669,,-0.0263357745413,-0.0859551695069,-0.470682353846,0.877710805216
1542728625284986443,,5357,,1542728625,256641716,"""/world""","""vicon/obstacle18/obstacle18""",,,0.413729917187,0.812199097716,0.773065303459,,-0.0263075412956,-0.0858927457733,-0.470690468494,0.877713411293
1542728625299596600,,5358,,1542728625,273238375,"""/world""","""vicon/obstacle18/obstacle18""",,,0.413725857513,0.81220927131,0.77305438742,,-0.0263280326153,-0.0858383574234,-0.470709847223,0.877707725169
1542728625316301695,,5359,,1542728625,289939362,"""/world""","""vicon/obstacle18/obstacle18""",,,0.413729038456,0.812242634228,0.773041076961,,-0.0261954970971,-0.0858876094819,-0.470698492358,0.877712962056
1542728625335445827,,5360,,1542728625,306648610,"""/world""","""vicon/obstacle18/obstacle18""",,,0.413730465629,0.812236458981,0.773032007984,,-0.0262967880995,-0.0859077448078,-0.470672191865,0.877722066558
1542728625352796328,,5361,,1542728625,323344069,"""/world""","""vicon/obstacle18/obstacle18""",,,0.413732093737,0.812195549801,0.773048194463,,-0.0263180976813,-0.0860273743595,-0.47061517685,0.877740282722
1542728625369384591,,5362,,1542728625,339947487,"""/world""","""vicon/obstacle18/obstacle18""",,,0.413734881793,0.812191816234,0.773072021991,,-0.0262312592183,-0.0860673776993,-0.470632029425,0.87772992453
1542728625386215519,,5363,,1542728625,356689467,"""/world""","""vicon/obstacle18/obstacle18""",,,0.413723544089,0.812217388912,0.773062051022,,-0.0261266549369,-0.0858357238108,-0.470731978218,0.877702131194
1542728625402932763,,5364,,1542728625,373356546,"""/world""","""vicon/obstacle18/obstacle18""",,,0.413720708565,0.812246387487,0.773029956129,,-0.0262223014192,-0.0857498614082,-0.470753481524,0.877696138655
1542728625419703912,,5365,,1542728625,389924846,"""/world""","""vicon/obstacle18/obstacle18""",,,0.413728170406,0.812252980044,0.773037922391,,-0.0262552329871,-0.0857964025176,-0.470758285202,0.87768802941
1542728625435339715,,5366,,1542728625,406641920,"""/world""","""vicon/obstacle18/obstacle18""",,,0.413734005734,0.812193473405,0.7730522628,,-0.026418819218,-0.086019407521,-0.47063995619,0.877724751365
1542728625451672765,,5367,,1542728625,423311128,"""/world""","""vicon/obstacle18/obstacle18""",,,0.41373141268,0.812176173714,0.773069324368,,-0.0263231638147,-0.0859579863633,-0.470674890392,0.877714909969
1542728625467884344,,5368,,1542728625,439973615,"""/world""","""vicon/obstacle18/obstacle18""",,,0.41372642271,0.812226128273,0.773052944444,,-0.0260590842879,-0.0858255791698,-0.470771178237,0.877684107084
1542728625488800271,,5369,,1542728625,456650825,"""/world""","""vicon/obstacle18/obstacle18""",,,0.413718163198,0.812263032635,0.773041256035,,-0.026141624049,-0.0856714665429,-0.470795984913,0.877683403
1542728625504302567,,5370,,1542728625,473286023,"""/world""","""vicon/obstacle18/obstacle18""",,,0.41372731775,0.812249987061,0.773031752659,,-0.0262535942006,-0.0859115693887,-0.470657973331,0.877730609684
1542728625520670270,,5371,,1542728625,489884119,"""/world""","""vicon/obstacle18/obstacle18""",,,0.413732439779,0.812204361885,0.773060120843,,-0.0263131773773,-0.0859754670278,-0.470663007777,0.87771986925
1542728625533447696,,5372,,1542728625,506609484,"""/world""","""vicon/obstacle18/obstacle18""",,,0.413738219177,0.812174995992,0.773069754042,,-0.0263826567725,-0.0859637358972,-0.470679372785,0.877710156924
1542728625550760255,,5373,,1542728625,523324780,"""/world""","""vicon/obstacle18/obstacle18""",,,0.413726067321,0.81221080638,0.77305414528,,-0.0262759624957,-0.0858853645855,-0.470705086151,0.87770724038
1542728625568987342,,5374,,1542728625,539961264,"""/world""","""vicon/obstacle18/obstacle18""",,,0.41372536423,0.812265200602,0.773036003748,,-0.0261412498384,-0.0857789809927,-0.470739477103,0.877703222151
1542728625585922111,,5375,,1542728625,556635412,"""/world""","""vicon/obstacle18/obstacle18""",,,0.413722318545,0.812249473051,0.773034091782,,-0.0263006948357,-0.0858653635376,-0.470698181766,0.87771215924
1542728625602145663,,5376,,1542728625,573341733,"""/world""","""vicon/obstacle18/obstacle18""",,,0.413734808054,0.812197430531,0.773063515057,,-0.0262512514482,-0.0859669920251,-0.470663836597,0.877722109212
1542728625617903416,,5377,,1542728625,589926738,"""/world""","""vicon/obstacle18/obstacle18""",,,0.41373717247,0.812170479437,0.773062484591,,-0.0262834962295,-0.0860292226874,-0.470655231069,0.877719661473
1542728625637640965,,5378,,1542728625,606671063,"""/world""","""vicon/obstacle18/obstacle18""",,,0.413725827551,0.812209562616,0.773049384382,,-0.0262490767671,-0.0858771931024,-0.470684018526,0.877720142402
1542728625648779689,,5379,,1542728625,623275151,"""/world""","""vicon/obstacle18/obstacle18""",,,0.413728524354,0.812255667477,0.773026525015,,-0.026207977192,-0.0858627974917,-0.470710405109,0.877708628453
1542728625664782809,,5380,,1542728625,640812175,"""/world""","""vicon/obstacle18/obstacle18""",,,0.413728793254,0.812248304103,0.773037695193,,-0.026181082211,-0.0857990929159,-0.470706677725,0.877717659692
1542728625683283427,,5381,,1542728625,656677371,"""/world""","""vicon/obstacle18/obstacle18""",,,0.413728954899,0.81220038203,0.773051342696,,-0.0263613228022,-0.0859544533213,-0.470654139147,0.877725238282
1542728625700200483,,5382,,1542728625,673292811,"""/world""","""vicon/obstacle18/obstacle18""",,,0.413734188694,0.812185068757,0.773064525226,,-0.0262084030002,-0.0859533599039,-0.470629239577,0.877743275901
1542728625716303020,,5383,,1542728625,689935170,"""/world""","""vicon/obstacle18/obstacle18""",,,0.413733877365,0.812210021037,0.773051232299,,-0.0262182531527,-0.0859367701616,-0.470642751401,0.877737361225
1542728625733169760,,5384,,1542728625,706657406,"""/world""","""vicon/obstacle18/obstacle18""",,,0.413724488302,0.812239443646,0.773036704029,,-0.0262565086883,-0.0859316497085,-0.470669564517,0.877722341272
1542728625750217858,,5385,,1542728625,723256755,"""/world""","""vicon/obstacle18/obstacle18""",,,0.413726709258,0.812238310489,0.773040982697,,-0.0262176979596,-0.0859717735805,-0.470637604365,0.87773670985
1542728625767998457,,5386,,1542728625,739959570,"""/world""","""vicon/obstacle18/obstacle18""",,,0.413731215059,0.812209251282,0.773059171275,,-0.0261323397081,-0.0859250332241,-0.470630009643,0.877747904304
1542728625788928488,,5387,,1542728625,756701094,"""/world""","""vicon/obstacle18/obstacle18""",,,0.413727867438,0.812204159382,0.773057115228,,-0.0262445140336,-0.0859433628377,-0.470664009261,0.877724532102
1542728625803646424,,5388,,1542728625,773346524,"""/world""","""vicon/obstacle18/obstacle18""",,,0.413731940535,0.812225969799,0.773052350145,,-0.0262371550523,-0.0859619193332,-0.470679042728,0.877714873325
1542728625819087921,,5389,,1542728625,789887941,"""/world""","""vicon/obstacle18/obstacle18""",,,0.413736497193,0.81223066484,0.773023257785,,-0.0261850320917,-0.0860320518698,-0.470671185642,0.877713771768
1542728625835203349,,5390,,1542728625,806600097,"""/world""","""vicon/obstacle18/obstacle18""",,,0.413723015297,0.812228816477,0.773039885143,,-0.0262482393818,-0.085833330626,-0.470649226284,0.877743114516
1542728625851366378,,5391,,1542728625,823259128,"""/world""","""vicon/obstacle18/obstacle18""",,,0.413728008524,0.812201285041,0.773045460996,,-0.0261875466806,-0.0859316508918,-0.470647336406,0.877736320604
1542728625867912167,,5392,,1542728625,839952704,"""/world""","""vicon/obstacle18/obstacle18""",,,0.413728652071,0.812221930739,0.773061172683,,-0.026211654908,-0.0858491243181,-0.470718572408,0.877705475995
1542728625883625250,,5393,,1542728625,856623168,"""/world""","""vicon/obstacle18/obstacle18""",,,0.413729067187,0.812234745781,0.773052829409,,-0.0262260925815,-0.0858556652115,-0.470730281322,0.877698125249
1542728625901257907,,5394,,1542728625,873308174,"""/world""","""vicon/obstacle18/obstacle18""",,,0.413730951666,0.812221669437,0.773031566318,,-0.0264066847715,-0.0860137983136,-0.470654854997,0.877717677255
1542728625918383507,,5395,,1542728625,890026520,"""/world""","""vicon/obstacle18/obstacle18""",,,0.413731711864,0.81221010507,0.773038731956,,-0.0262244972034,-0.0860195683944,-0.470619724708,0.877741410847
1542728625934971887,,5396,,1542728625,906644949,"""/world""","""vicon/obstacle18/obstacle18""",,,0.41372944243,0.812204100434,0.773056745522,,-0.0261318239214,-0.0858664832426,-0.470744504634,0.877692250274
1542728625955621287,,5397,,1542728625,923390271,"""/world""","""vicon/obstacle18/obstacle18""",,,0.413729605978,0.81221720476,0.773055982799,,-0.0261975275283,-0.0858556359977,-0.4706840572,0.87772377068
1542728625972327392,,5398,,1542728625,939927050,"""/world""","""vicon/obstacle18/obstacle18""",,,0.413737160164,0.812231479522,0.773039065092,,-0.0262596726882,-0.0859091702369,-0.470739469117,0.877686958018
1542728625985734294,,5399,,1542728625,956634400,"""/world""","""vicon/obstacle18/obstacle18""",,,0.413726627183,0.812227236639,0.773047297399,,-0.0262905996664,-0.0859284245453,-0.470741524937,0.877683044683
1542728626003315213,,5400,,1542728625,973260142,"""/world""","""vicon/obstacle18/obstacle18""",,,0.413726257003,0.812200568168,0.773032475957,,-0.0262972398223,-0.0859745783381,-0.470660609542,0.877721719956
1542728626019620810,,5401,,1542728625,989877101,"""/world""","""vicon/obstacle18/obstacle18""",,,0.413732720132,0.812203392152,0.773051576627,,-0.0262219833566,-0.0859332508851,-0.47070826678,0.877702461867
1542728626036284052,,5402,,1542728626,6645716,"""/world""","""vicon/obstacle18/obstacle18""",,,0.413734836912,0.812217275743,0.773064329797,,-0.0262266815609,-0.0858554421821,-0.470712932612,0.877707433769
1542728626051243389,,5403,,1542728626,23311696,"""/world""","""vicon/obstacle18/obstacle18""",,,0.413730447738,0.812227326857,0.773048276784,,-0.0262431177655,-0.0858757674116,-0.470699602082,0.877712103107
1542728626067463010,,5404,,1542728626,39959748,"""/world""","""vicon/obstacle18/obstacle18""",,,0.413728931456,0.812224084636,0.77303318147,,-0.0262905126842,-0.0860420013387,-0.470646468445,0.877722897439
1542728626083255765,,5405,,1542728626,56611440,"""/world""","""vicon/obstacle18/obstacle18""",,,0.413728436523,0.812200220057,0.773038939451,,-0.0263104605468,-0.085961741893,-0.470684933167,0.877709537538
1542728626103306533,,5406,,1542728626,73270328,"""/world""","""vicon/obstacle18/obstacle18""",,,0.413730229662,0.812208444247,0.773054360965,,-0.0262687898328,-0.0859091627395,-0.470677942906,0.877719682188
1542728626120183057,,5407,,1542728626,89888500,"""/world""","""vicon/obstacle18/obstacle18""",,,0.413732875741,0.812215263219,0.773056882884,,-0.0262769278691,-0.0859098869314,-0.470685095912,0.877715531864
1542728626134486051,,5408,,1542728626,106545917,"""/world""","""vicon/obstacle18/obstacle18""",,,0.413733200514,0.812221851082,0.773051161516,,-0.0262171062023,-0.0859330263352,-0.470730405118,0.877690756488
1542728626151041066,,5409,,1542728626,123275080,"""/world""","""vicon/obstacle18/obstacle18""",,,0.413722026887,0.812226741717,0.773048343841,,-0.0262057027851,-0.0858923942699,-0.470644964643,0.877740892863
1542728626171836519,,5410,,1542728626,139979750,"""/world""","""vicon/obstacle18/obstacle18""",,,0.413728999671,0.812213247944,0.773038664616,,-0.0263080278844,-0.0860086271062,-0.470651337736,0.877723032636
1542728626186484522,,5411,,1542728626,156614857,"""/world""","""vicon/obstacle18/obstacle18""",,,0.413730950186,0.812214169472,0.773054621009,,-0.0261977726552,-0.0858637667945,-0.470755996814,0.877684386168
1542728626201482624,,5412,,1542728626,173297100,"""/world""","""vicon/obstacle18/obstacle18""",,,0.413734249075,0.812212638879,0.773060419584,,-0.0261662044724,-0.0859874237397,-0.470648196561,0.877731033846
1542728626218128531,,5413,,1542728626,189899034,"""/world""","""vicon/obstacle18/obstacle18""",,,0.413728716946,0.81221045436,0.773053576812,,-0.0262697881138,-0.0859900878298,-0.470616619434,0.877744610089
1542728626238607929,,5414,,1542728626,206661512,"""/world""","""vicon/obstacle18/obstacle18""",,,0.413721493837,0.812222132687,0.773047169003,,-0.0262392575526,-0.0859204860063,-0.470677367554,0.877719765711
1542728626252202731,,5415,,1542728626,223323000,"""/world""","""vicon/obstacle18/obstacle18""",,,0.413729818241,0.812226944893,0.773033251544,,-0.0262158383205,-0.0859120707216,-0.470694064515,0.87771233531
1542728626268077527,,5416,,1542728626,239957239,"""/world""","""vicon/obstacle18/obstacle18""",,,0.413731713869,0.812219054935,0.773049781098,,-0.0261973419127,-0.085894678868,-0.470699470711,0.877711690529
1542728626284681280,,5417,,1542728626,256628131,"""/world""","""vicon/obstacle18/obstacle18""",,,0.413732380307,0.812206160937,0.77305233464,,-0.0262273944333,-0.0860158778957,-0.470649777154,0.87772557203
1542728626302594912,,5418,,1542728626,273330789,"""/world""","""vicon/obstacle18/obstacle18""",,,0.413725604562,0.812209575581,0.773062366158,,-0.0261810663119,-0.0859330637718,-0.470634745631,0.877743126731
1542728626318364786,,5419,,1542728626,289914380,"""/world""","""vicon/obstacle18/obstacle18""",,,0.413726942213,0.812217395194,0.773040147144,,-0.0262786697211,-0.0859071055089,-0.470679793668,0.877718595322
1542728626334789188,,5420,,1542728626,306641683,"""/world""","""vicon/obstacle18/obstacle18""",,,0.413730265056,0.812229158153,0.77302992747,,-0.0263170529492,-0.0859200563988,-0.470707692114,0.87770121637
1542728626353040131,,5421,,1542728626,323265450,"""/world""","""vicon/obstacle18/obstacle18""",,,0.413730729986,0.812226778127,0.773040485422,,-0.0262910268139,-0.0859010859953,-0.470712822839,0.877701101599
1542728626368946765,,5422,,1542728626,339979212,"""/world""","""vicon/obstacle18/obstacle18""",,,0.413737146376,0.812195927278,0.77305709928,,-0.0263046507568,-0.0858628149943,-0.470738851151,0.877690478681
1542728626385762084,,5423,,1542728626,356704543,"""/world""","""vicon/obstacle18/obstacle18""",,,0.413724699959,0.812205997664,0.773056282886,,-0.0262109424182,-0.0859287508597,-0.470702804366,0.877706161671
1542728626398927299,,5424,,1542728626,373251487,"""/world""","""vicon/obstacle18/obstacle18""",,,0.413724844056,0.812218175246,0.773044209811,,-0.0262863239642,-0.0858987326459,-0.470692192228,0.877712536699
1542728626415566121,,5425,,1542728626,389861079,"""/world""","""vicon/obstacle18/obstacle18""",,,0.413725722482,0.812238240003,0.7730401737,,-0.0262701725579,-0.0859854284049,-0.470662961789,0.877720206293
1542728626436222019,,5426,,1542728626,406644287,"""/world""","""vicon/obstacle18/obstacle18""",,,0.413731155174,0.81222971273,0.77304323232,,-0.026149196866,-0.0858769400176,-0.470689068237,0.877720440527
1542728626450325436,,5427,,1542728626,423289713,"""/world""","""vicon/obstacle18/obstacle18""",,,0.413732011262,0.812191003268,0.773051483199,,-0.0262472577169,-0.0860183332379,-0.470640004194,0.877729977989
1542728626468405028,,5428,,1542728626,439861836,"""/world""","""vicon/obstacle18/obstacle18""",,,0.413724930408,0.812194271085,0.773056994624,,-0.0262900074767,-0.0859248178721,-0.470683756255,0.877714397044
1542728626485364698,,5429,,1542728626,456617759,"""/world""","""vicon/obstacle18/obstacle18""",,,0.413729692009,0.812226561393,0.773048449201,,-0.0262438560729,-0.0859245503894,-0.470698805069,0.877707734138
1542728626500884741,,5430,,1542728626,473308909,"""/world""","""vicon/obstacle18/obstacle18""",,,0.413723142018,0.812244101066,0.7730476301,,-0.0261989942359,-0.0858811568097,-0.470730665847,0.877696234376
1542728626517904888,,5431,,1542728626,489933357,"""/world""","""vicon/obstacle18/obstacle18""",,,0.413727064676,0.812223715539,0.773042117707,,-0.0262056814758,-0.0858855756552,-0.470735147039,0.877693198957
1542728626534588345,,5432,,1542728626,506627863,"""/world""","""vicon/obstacle18/obstacle18""",,,0.413730095176,0.812199673236,0.773056269579,,-0.0261536387773,-0.0858441620039,-0.470719453454,0.877707219503
1542728626553676711,,5433,,1542728626,523354967,"""/world""","""vicon/obstacle18/obstacle18""",,,0.413730449374,0.812195425496,0.773061756002,,-0.026264473316,-0.0859236009392,-0.470666438477,0.877724567239
1542728626571235072,,5434,,1542728626,539956847,"""/world""","""vicon/obstacle18/obstacle18""",,,0.413729756037,0.812218188348,0.773041136111,,-0.0263007782583,-0.0859035005514,-0.470691732206,0.877711883757
1542728626585027652,,5435,,1542728626,556635272,"""/world""","""vicon/obstacle18/obstacle18""",,,0.413724162871,0.812246833807,0.773053209061,,-0.0261105290869,-0.0858566975045,-0.470672929692,0.877732226262
1542728626601722627,,5436,,1542728626,573344306,"""/world""","""vicon/obstacle18/obstacle18""",,,0.413730249828,0.812222606273,0.77304335283,,-0.0262310719111,-0.0859549854005,-0.470706947605,0.877700769526
1542728626619445120,,5437,,1542728626,589951649,"""/world""","""vicon/obstacle18/obstacle18""",,,0.413729393037,0.81219997191,0.773051634774,,-0.0262583256998,-0.0858869167322,-0.470674480204,0.877724029266
1542728626635237462,,5438,,1542728626,606636618,"""/world""","""vicon/obstacle18/obstacle18""",,,0.413737120118,0.812195000298,0.77305277659,,-0.0262164486755,-0.0858898754336,-0.47070389227,0.877709218887
1542728626652053000,,5439,,1542728626,623248042,"""/world""","""vicon/obstacle18/obstacle18""",,,0.413726966997,0.812222989687,0.773051070185,,-0.0262294113595,-0.0859357421563,-0.470723905141,0.877693609028
1542728626669208844,,5440,,1542728626,639948584,"""/world""","""vicon/obstacle18/obstacle18""",,,0.413720867189,0.812241772685,0.773045729295,,-0.026227769891,-0.0858446519791,-0.470723620343,0.877702724768
1542728626685473011,,5441,,1542728626,656655567,"""/world""","""vicon/obstacle18/obstacle18""",,,0.413725713971,0.812226303727,0.773045210279,,-0.0261821171798,-0.0858179625846,-0.470762995463,0.877685579316
1542728626703001629,,5442,,1542728626,673305247,"""/world""","""vicon/obstacle18/obstacle18""",,,0.413728577578,0.812204580627,0.773047713694,,-0.0262658190182,-0.0858899689532,-0.470704557914,0.877707376717
1542728626718106970,,5443,,1542728626,690014517,"""/world""","""vicon/obstacle18/obstacle18""",,,0.413737072187,0.812200170189,0.773050860193,,-0.0262841827141,-0.0859045000291,-0.470714057784,0.877700310139
1542728626735561188,,5444,,1542728626,706702256,"""/world""","""vicon/obstacle18/obstacle18""",,,0.413731647866,0.812225346457,0.773044968961,,-0.0263107066278,-0.0859092847312,-0.470689032106,0.877712468049
1542728626752371136,,5445,,1542728626,723304293,"""/world""","""vicon/obstacle18/obstacle18""",,,0.413722078625,0.812229698107,0.773036083716,,-0.0262021661297,-0.0858346406728,-0.470743200796,0.877693967084
1542728626768979363,,5446,,1542728626,740000466,"""/world""","""vicon/obstacle18/obstacle18""",,,0.41372836251,0.812216282282,0.773042321752,,-0.0261789335877,-0.0858606479604,-0.470734859966,0.877696590048
1542728626785966498,,5447,,1542728626,756717124,"""/world""","""vicon/obstacle18/obstacle18""",,,0.413728021261,0.812209969206,0.773049130229,,-0.0261890398803,-0.0858026044452,-0.470753851004,0.877691779058
1542728626801905743,,5448,,1542728626,773339773,"""/world""","""vicon/obstacle18/obstacle18""",,,0.413732073015,0.812214217595,0.773049222505,,-0.0262675531403,-0.0859012063859,-0.470712051259,0.877702206442
1542728626821190075,,5449,,1542728626,789917061,"""/world""","""vicon/obstacle18/obstacle18""",,,0.413730668684,0.812225713654,0.773039152656,,-0.0262069606267,-0.0858884232261,-0.470714811948,0.877703788178
1542728626835697877,,5450,,1542728626,806638882,"""/world""","""vicon/obstacle18/obstacle18""",,,0.413730077342,0.812228924705,0.773031621353,,-0.0262327020227,-0.08584979649,-0.470746019393,0.877690060906
1542728626852253939,,5451,,1542728626,823315132,"""/world""","""vicon/obstacle18/obstacle18""",,,0.413730485193,0.812211103288,0.773038134509,,-0.0262579119723,-0.0859709568476,-0.470684759229,0.877710301903
1542728626869218451,,5452,,1542728626,839960371,"""/world""","""vicon/obstacle18/obstacle18""",,,0.413729441669,0.812194830702,0.773050315608,,-0.0262553141755,-0.0859189703311,-0.47068698667,0.877714275601
1542728626885840819,,5453,,1542728626,856667778,"""/world""","""vicon/obstacle18/obstacle18""",,,0.413735909565,0.812218234001,0.773034550712,,-0.0263313773546,-0.0858783250781,-0.470693749074,0.877712348341
1542728626902510597,,5454,,1542728626,873282289,"""/world""","""vicon/obstacle18/obstacle18""",,,0.413726009806,0.812243812883,0.773031394326,,-0.026210024884,-0.0858913189417,-0.470708919271,0.877706573546
1542728626919117045,,5455,,1542728626,889963338,"""/world""","""vicon/obstacle18/obstacle18""",,,0.413731433636,0.812224654147,0.773020812251,,-0.0262397235246,-0.0859488112448,-0.470687872606,0.877711345111
1542728626935963014,,5456,,1542728626,906656186,"""/world""","""vicon/obstacle18/obstacle18""",,,0.41373674447,0.812204649664,0.773044123079,,-0.0262097698402,-0.0859994796051,-0.470666611207,0.877718678489
1542728626952511093,,5457,,1542728626,923321685,"""/world""","""vicon/obstacle18/obstacle18""",,,0.413733830397,0.812189192273,0.773051900199,,-0.0262413223636,-0.0859844025764,-0.470654647919,0.877725627919
1542728626969190370,,5458,,1542728626,940008993,"""/world""","""vicon/obstacle18/obstacle18""",,,0.413729459481,0.812207396904,0.773042810769,,-0.0262370375345,-0.0859140349197,-0.470737480798,0.87768822519
1542728626988464925,,5459,,1542728626,956626532,"""/world""","""vicon/obstacle18/obstacle18""",,,0.413728099031,0.812250942978,0.773030044193,,-0.0261198060006,-0.0858264909083,-0.470738219868,0.877699890366
1542728627004610236,,5460,,1542728626,973368787,"""/world""","""vicon/obstacle18/obstacle18""",,,0.413726526745,0.812238480977,0.773032735471,,-0.0262020716549,-0.0858288586835,-0.470751571533,0.877690045721
1542728627021052714,,5461,,1542728626,989960305,"""/world""","""vicon/obstacle18/obstacle18""",,,0.413731793517,0.81219712489,0.773049572175,,-0.0263293098124,-0.0859865314921,-0.470679058507,0.877709694449
1542728627033411503,,5462,,1542728627,6578856,"""/world""","""vicon/obstacle18/obstacle18""",,,0.413739037696,0.812188546678,0.773070620599,,-0.0262606345663,-0.0859176532373,-0.470718512014,0.877697338712
1542728627050888533,,5463,,1542728627,23261050,"""/world""","""vicon/obstacle18/obstacle18""",,,0.41372322056,0.81220630831,0.773048003097,,-0.0262458745988,-0.0858579666817,-0.470698640268,0.877714277925
1542728627070196107,,5464,,1542728627,39927420,"""/world""","""vicon/obstacle18/obstacle18""",,,0.413719308946,0.812244321789,0.773022234247,,-0.0261838064831,-0.0858458870456,-0.470722155327,0.8777047023
1542728627087958908,,5465,,1542728627,56595083,"""/world""","""vicon/obstacle18/obstacle18""",,,0.413730495438,0.812250671238,0.773038040644,,-0.0261300489151,-0.0858177944663,-0.470756196334,0.877690794249
1542728627101383500,,5466,,1542728627,73311301,"""/world""","""vicon/obstacle18/obstacle18""",,,0.413728979874,0.812209221202,0.773055892617,,-0.0262463228391,-0.0859862432597,-0.470604660736,0.877752100425
1542728627118626692,,5467,,1542728627,89975400,"""/world""","""vicon/obstacle18/obstacle18""",,,0.413729858116,0.812178380518,0.773058792997,,-0.0262757635704,-0.0859544528712,-0.470671980015,0.877718236969
1542728627138641835,,5468,,1542728627,106654017,"""/world""","""vicon/obstacle18/obstacle18""",,,0.41373169039,0.812210969589,0.773047600738,,-0.0261863299083,-0.0858917556903,-0.470648993389,0.877739373306
1542728627154652785,,5469,,1542728627,123254888,"""/world""","""vicon/obstacle18/obstacle18""",,,0.413723067538,0.812242002778,0.773039587841,,-0.0262037048977,-0.0858856732737,-0.470730943749,0.877695502765
1542728627171090596,,5470,,1542728627,139960270,"""/world""","""vicon/obstacle18/obstacle18""",,,0.413727818165,0.812243067568,0.773028163571,,-0.0262536384938,-0.0859599488414,-0.470690495041,0.877708431963
1542728627188554922,,5471,,1542728627,156650625,"""/world""","""vicon/obstacle18/obstacle18""",,,0.413730195717,0.812217461058,0.77305242184,,-0.0261428055352,-0.0859621186509,-0.470652214038,0.877732055525
1542728627205419363,,5472,,1542728627,173251225,"""/world""","""vicon/obstacle18/obstacle18""",,,0.413731034788,0.812186663817,0.773052986843,,-0.026196228272,-0.0860069384599,-0.470657110414,0.877723446524
1542728627217546168,,5473,,1542728627,189969708,"""/world""","""vicon/obstacle18/obstacle18""",,,0.413727802461,0.812202707621,0.773039257007,,-0.026227030083,-0.0859667676032,-0.470653312502,0.877728498564
1542728627233054934,,5474,,1542728627,206604002,"""/world""","""vicon/obstacle18/obstacle18""",,,0.413737960194,0.812237875779,0.773035844225,,-0.0261988986858,-0.0858947992357,-0.470751877949,0.877683525298
1542728627252518568,,5475,,1542728627,223299070,"""/world""","""vicon/obstacle18/obstacle18""",,,0.413724248505,0.812238183697,0.773038836826,,-0.0261611669761,-0.085906971302,-0.470712716232,0.877704463018
1542728627270586070,,5476,,1542728627,239958174,"""/world""","""vicon/obstacle18/obstacle18""",,,0.413731631977,0.812208217922,0.773037807808,,-0.0263970243008,-0.0859791777707,-0.470662472795,0.877717274981
1542728627285199325,,5477,,1542728627,256603809,"""/world""","""vicon/obstacle18/obstacle18""",,,0.413727457225,0.812198615757,0.773054027882,,-0.0261818341262,-0.085984896665,-0.470662650386,0.87772306489
1542728627305476593,,5478,,1542728627,273273038,"""/world""","""vicon/obstacle18/obstacle18""",,,0.413734453074,0.812215096885,0.773043282789,,-0.0261669188495,-0.0859173316572,-0.470695465554,0.877712528785
1542728627322839480,,5479,,1542728627,290021754,"""/world""","""vicon/obstacle18/obstacle18""",,,0.413733941616,0.812231817542,0.77303751359,,-0.0262129940794,-0.0858861084684,-0.470703487965,0.877709907504
1542728627334987268,,5480,,1542728627,306622454,"""/world""","""vicon/obstacle18/obstacle18""",,,0.413737998197,0.812223139831,0.773032672408,,-0.0262725623456,-0.085988448099,-0.470651729118,0.87772586218
1542728627350783133,,5481,,1542728627,323284551,"""/world""","""vicon/obstacle18/obstacle18""",,,0.413729851202,0.812209383905,0.773039119982,,-0.0262063151169,-0.0859791739402,-0.470680804259,0.877713159978
1542728627372166643,,5482,,1542728627,339996452,"""/world""","""vicon/obstacle18/obstacle18""",,,0.413727133312,0.812200932031,0.7730445554,,-0.0261825675439,-0.0858200390402,-0.470740345496,0.877697511207
1542728627386846612,,5483,,1542728627,356622637,"""/world""","""vicon/obstacle18/obstacle18""",,,0.413735409703,0.812217466813,0.773037903698,,-0.0262242167791,-0.0859545461785,-0.470721936469,0.877692978765
1542728627402252137,,5484,,1542728627,373301818,"""/world""","""vicon/obstacle18/obstacle18""",,,0.413736045186,0.812230462612,0.773038462941,,-0.0262673362939,-0.0859830198712,-0.470737441574,0.877680584517
1542728627417167117,,5485,,1542728627,391349570,"""/world""","""vicon/obstacle18/obstacle18""",,,0.413733196264,0.812217989166,0.773038185974,,-0.0262934702969,-0.085912920217,-0.470728726863,0.877691340544
1542728627432477181,,5486,,1542728627,406611480,"""/world""","""vicon/obstacle18/obstacle18""",,,0.413733141586,0.812201025837,0.773024734434,,-0.0262149036473,-0.0859609612108,-0.470632612233,0.877740529016
1542728627448271729,,5487,,1542728627,423240222,"""/world""","""vicon/obstacle18/obstacle18""",,,0.413727006183,0.812219006755,0.773039068992,,-0.0262029856348,-0.0859024135785,-0.470699333098,0.877710838891
1542728627464613399,,5488,,1542728627,439865638,"""/world""","""vicon/obstacle18/obstacle18""",,,0.413732862448,0.812221028435,0.773046103571,,-0.0262573652154,-0.0858846958284,-0.47070497196,0.877707923609
1542728627483916881,,5489,,1542728627,456665788,"""/world""","""vicon/obstacle18/obstacle18""",,,0.413739835415,0.812225253174,0.77304258715,,-0.0262742196868,-0.0859357913388,-0.47073817835,0.877684608838
1542728627500749719,,5490,,1542728627,473300228,"""/world""","""vicon/obstacle18/obstacle18""",,,0.4137352056,0.812207665592,0.773044498351,,-0.0262380425808,-0.0858812467911,-0.470759757021,0.877679456146
1542728627517949164,,5491,,1542728627,490006770,"""/world""","""vicon/obstacle18/obstacle18""",,,0.413730683215,0.812186658454,0.773025091476,,-0.0263609755612,-0.0859244344638,-0.470667687036,0.877720923136
1542728627534788120,,5492,,1542728627,506662300,"""/world""","""vicon/obstacle18/obstacle18""",,,0.413731529916,0.81221632486,0.773041324414,,-0.0262085414943,-0.0858698871703,-0.470740623335,0.877691711464
1542728627550708812,,5493,,1542728627,523294472,"""/world""","""vicon/obstacle18/obstacle18""",,,0.413734057993,0.812239803175,0.773049071544,,-0.0261925219285,-0.0859048058935,-0.470692217962,0.87771473274
1542728627568212703,,5494,,1542728627,539969031,"""/world""","""vicon/obstacle18/obstacle18""",,,0.413725134433,0.812220476537,0.773045791407,,-0.0263031982756,-0.085938091196,-0.470726074047,0.877690007608
1542728627587366546,,5495,,1542728627,556669648,"""/world""","""vicon/obstacle18/obstacle18""",,,0.413735025164,0.812199592843,0.773034734629,,-0.0263153611549,-0.0858923009001,-0.47072965117,0.877692206826
1542728627600888475,,5496,,1542728627,573290864,"""/world""","""vicon/obstacle18/obstacle18""",,,0.413737693159,0.812198839855,0.773042620614,,-0.026206655696,-0.0859505920524,-0.470667748814,0.87772295011
1542728627617712072,,5497,,1542728627,590000396,"""/world""","""vicon/obstacle18/obstacle18""",,,0.413728517724,0.81221070942,0.773034714716,,-0.0262461874686,-0.0859727311762,-0.470628471035,0.877740661807
1542728627634160009,,5498,,1542728627,606746509,"""/world""","""vicon/obstacle18/obstacle18""",,,0.413741802423,0.812233452095,0.773050109571,,-0.0261793132221,-0.0858763223017,-0.47076215789,0.877680403978
1542728627650984864,,5499,,1542728627,623328314,"""/world""","""vicon/obstacle18/obstacle18""",,,0.413737249723,0.812233433962,0.773052746032,,-0.0260299531916,-0.0859108648373,-0.470750393963,0.877687775592
1542728627667356572,,5500,,1542728627,640002504,"""/world""","""vicon/obstacle18/obstacle18""",,,0.413727162693,0.812199213099,0.773035082734,,-0.0261905874436,-0.0860196606978,-0.470647624097,0.877727454871
1542728627685736394,,5501,,1542728627,656682955,"""/world""","""vicon/obstacle18/obstacle18""",,,0.413738312615,0.812201415351,0.773036443989,,-0.0262679695323,-0.0858572998819,-0.470707122402,0.877709133343
1542728627700502489,,5502,,1542728627,673329839,"""/world""","""vicon/obstacle18/obstacle18""",,,0.413739830143,0.812219764539,0.773053736368,,-0.0261697515028,-0.0860203262965,-0.470688205791,0.87770624955
1542728627718636889,,5503,,1542728627,689986849,"""/world""","""vicon/obstacle18/obstacle18""",,,0.413733670216,0.812227780424,0.773061943166,,-0.0261637139531,-0.0858868371517,-0.470761768249,0.877680049239
1542728627734782537,,5504,,1542728627,706626556,"""/world""","""vicon/obstacle18/obstacle18""",,,0.413734959669,0.812218199425,0.77305051349,,-0.0261454505018,-0.0859063852801,-0.470739291374,0.877690735933
1542728627756771066,,5505,,1542728627,723300087,"""/world""","""vicon/obstacle18/obstacle18""",,,0.413731166416,0.812212866774,0.773040849112,,-0.0261376549601,-0.0859173180652,-0.470758488424,0.877679601578
1542728627769844274,,5506,,1542728627,739945905,"""/world""","""vicon/obstacle18/obstacle18""",,,0.413725234226,0.812214605649,0.77304407315,,-0.0262440074221,-0.0859466686037,-0.47069923175,0.877705335213
1542728627781775112,,5507,,1542728627,756550795,"""/world""","""vicon/obstacle18/obstacle18""",,,0.413734799453,0.812218513389,0.77304889466,,-0.0262999390792,-0.0859539123092,-0.470662308928,0.877722751852
1542728627797851366,,5508,,1542728627,773943537,"""/world""","""vicon/obstacle18/obstacle18""",,,0.413736920373,0.81221992022,0.773055355417,,-0.0261068205335,-0.0858762106007,-0.470779362015,0.877673346226
1542728627818556245,,5509,,1542728627,789950174,"""/world""","""vicon/obstacle18/obstacle18""",,,0.413729080387,0.812209484607,0.773051101449,,-0.0261771554944,-0.0859084500384,-0.470722540031,0.877698573002
1542728627835192326,,5510,,1542728627,806604696,"""/world""","""vicon/obstacle18/obstacle18""",,,0.413732018027,0.812208394266,0.773043963401,,-0.026204816195,-0.085988984514,-0.470691377561,0.877706573543
1542728627851805545,,5511,,1542728627,823275405,"""/world""","""vicon/obstacle18/obstacle18""",,,0.413733639808,0.812224649674,0.773038810563,,-0.026093002218,-0.0858874368298,-0.470742969677,0.877692178346
1542728627868493141,,5512,,1542728627,839946213,"""/world""","""vicon/obstacle18/obstacle18""",,,0.413729446227,0.812224438868,0.773042143155,,-0.0261586972484,-0.0860070566285,-0.470617282562,0.877745909773
1542728627885949372,,5513,,1542728627,857011981,"""/world""","""vicon/obstacle18/obstacle18""",,,0.413728878445,0.812211774706,0.77305848623,,-0.0262421785396,-0.0859021576016,-0.4706976351,0.877710603614
1542728627904757195,,5514,,1542728627,873295460,"""/world""","""vicon/obstacle18/obstacle18""",,,0.413738793821,0.8122147607,0.773057996252,,-0.0261763624775,-0.0858853728399,-0.470785504913,0.87766708332
1542728627921251249,,5515,,1542728627,890044435,"""/world""","""vicon/obstacle18/obstacle18""",,,0.413729923489,0.812214342146,0.773045214276,,-0.0261868537516,-0.0859203704226,-0.470674814096,0.877722711346
1542728627934438543,,5516,,1542728627,906646951,"""/world""","""vicon/obstacle18/obstacle18""",,,0.413731650098,0.812217504182,0.773025771469,,-0.0263644952469,-0.0858989717535,-0.470673970822,0.877719940091
1542728627949846096,,5517,,1542728627,923281836,"""/world""","""vicon/obstacle18/obstacle18""",,,0.413731583011,0.812229892681,0.773042865077,,-0.0261483863589,-0.0858652620996,-0.470660147675,0.877737115568
1542728627969748130,,5518,,1542728627,940050001,"""/world""","""vicon/obstacle18/obstacle18""",,,0.413728203265,0.81221679755,0.773059085378,,-0.0261367795448,-0.0858775798726,-0.470668985258,0.877731517234
1542728627986328126,,5519,,1542728627,956660958,"""/world""","""vicon/obstacle18/obstacle18""",,,0.413728481938,0.812197964415,0.773046933693,,-0.0261626531172,-0.0859304413707,-0.470673303516,0.877723257175
1542728628001923177,,5520,,1542728627,973273349,"""/world""","""vicon/obstacle18/obstacle18""",,,0.413737726612,0.812221188627,0.773044032277,,-0.0262678320875,-0.0858270718838,-0.470723826448,0.87770313543
1542728628019582133,,5521,,1542728627,989990404,"""/world""","""vicon/obstacle18/obstacle18""",,,0.413731617706,0.812225608009,0.773032961715,,-0.0262281728521,-0.0858849620159,-0.470726688378,0.877697123783
1542728628036216427,,5522,,1542728628,6652451,"""/world""","""vicon/obstacle18/obstacle18""",,,0.41372398084,0.81222181017,0.773034146701,,-0.0262498143406,-0.0859208622763,-0.470667238737,0.877724844728
1542728628054523206,,5523,,1542728628,23342275,"""/world""","""vicon/obstacle18/obstacle18""",,,0.413733953472,0.812219152696,0.773055273992,,-0.026149638763,-0.0858393841351,-0.470749205364,0.877691849212
1542728628070033307,,5524,,1542728628,39979972,"""/world""","""vicon/obstacle18/obstacle18""",,,0.413726985965,0.812212576811,0.773070888166,,-0.0260102519606,-0.0859595031185,-0.470720125304,0.87769983152
1542728628083589931,,5525,,1542728628,56617105,"""/world""","""vicon/obstacle18/obstacle18""",,,0.413732622159,0.81221709205,0.773051766704,,-0.0262320478455,-0.0858876077993,-0.470738008867,0.877690677574
1542728628100245004,,5526,,1542728628,73304215,"""/world""","""vicon/obstacle18/obstacle18""",,,0.41373461382,0.81223083118,0.773038124104,,-0.02619038381,-0.085822813109,-0.470788745567,0.877671046346
1542728628117611053,,5527,,1542728628,89974097,"""/world""","""vicon/obstacle18/obstacle18""",,,0.413728557583,0.812222615633,0.773038287214,,-0.0261529359126,-0.0858796569282,-0.470681447263,0.877724150102
1542728628135161500,,5528,,1542728628,106653608,"""/world""","""vicon/obstacle18/obstacle18""",,,0.413728559681,0.812210745122,0.773046991704,,-0.0262099947471,-0.0859153404111,-0.470665748224,0.877727374477
1542728628152652146,,5529,,1542728628,123453072,"""/world""","""vicon/obstacle18/obstacle18""",,,0.413734582472,0.812218701461,0.773070159309,,-0.0261290767632,-0.0859213826381,-0.470691742685,0.87771525606
1542728628170163086,,5530,,1542728628,139996266,"""/world""","""vicon/obstacle18/obstacle18""",,,0.413726438023,0.812220402124,0.773058508406,,-0.0261564004101,-0.0858360791531,-0.470768245513,0.877681758526
1542728628188730038,,5531,,1542728628,156625231,"""/world""","""vicon/obstacle18/obstacle18""",,,0.41372811259,0.812224465448,0.773032446946,,-0.0261088500665,-0.0859113002235,-0.470705433267,0.877709502931
1542728628206361599,,5532,,1542728628,173279631,"""/world""","""vicon/obstacle18/obstacle18""",,,0.413733132735,0.812225124894,0.773036809209,,-0.0262858257156,-0.0859152361721,-0.470704043585,0.87770458066
1542728628221890303,,5533,,1542728628,190001650,"""/world""","""vicon/obstacle18/obstacle18""",,,0.413735748919,0.812207655462,0.773038788888,,-0.0262563489515,-0.0860142431225,-0.470673524901,0.877712132238
1542728628234497265,,5534,,1542728628,206637220,"""/world""","""vicon/obstacle18/obstacle18""",,,0.41373459709,0.812219651854,0.773064866458,,-0.0261046718609,-0.0859223130303,-0.470717747534,0.877701945074
1542728628251400599,,5535,,1542728628,223256919,"""/world""","""vicon/obstacle18/obstacle18""",,,0.413734896541,0.812221557503,0.773054760018,,-0.0261229017507,-0.0858650652123,-0.470782574105,0.877672235233
1542728628271321290,,5536,,1542728628,240008620,"""/world""","""vicon/obstacle18/obstacle18""",,,0.413726878248,0.812222660561,0.773033703742,,-0.0262335594724,-0.0858546883286,-0.470736811644,0.877694495262
1542728628287948648,,5537,,1542728628,256652777,"""/world""","""vicon/obstacle18/obstacle18""",,,0.413726489224,0.812218571127,0.773034987164,,-0.0261637498217,-0.0858979928218,-0.470720782541,0.877700938765
1542728628303402845,,5538,,1542728628,273266727,"""/world""","""vicon/obstacle18/obstacle18""",,,0.413735110779,0.812211799343,0.77304276116,,-0.0262183365215,-0.0858959155296,-0.470699715009,0.877710811609
1542728628319961366,,5539,,1542728628,289995288,"""/world""","""vicon/obstacle18/obstacle18""",,,0.41372947111,0.812223427713,0.773059647529,,-0.026099392588,-0.085841677505,-0.470742714483,0.877696601834
1542728628336820791,,5540,,1542728628,306638045,"""/world""","""vicon/obstacle18/obstacle18""",,,0.413725803274,0.812220341251,0.773053973974,,-0.0261590962509,-0.0859175360867,-0.470744985308,0.877686183942
1542728628353418915,,5541,,1542728628,323297101,"""/world""","""vicon/obstacle18/obstacle18""",,,0.413719070627,0.812219940289,0.773041546352,,-0.0260628740755,-0.0859011891018,-0.470708267302,0.877710339121
1542728628370268125,,5542,,1542728628,339964950,"""/world""","""vicon/obstacle18/obstacle18""",,,0.413729814688,0.812215114368,0.773034720748,,-0.0262071194903,-0.0859364690523,-0.470700889015,0.877706547346
1542728628387983997,,5543,,1542728628,356622295,"""/world""","""vicon/obstacle18/obstacle18""",,,0.413730603,0.812217996788,0.773052215562,,-0.0262577532775,-0.0859373316723,-0.470670365623,0.877721318154
1542728628404472633,,5544,,1542728628,373263221,"""/world""","""vicon/obstacle18/obstacle18""",,,0.41373314159,0.812229864232,0.773056943774,,-0.0261382283545,-0.0859642792512,-0.470698039093,0.87770740666
1542728628419976813,,5545,,1542728628,389929948,"""/world""","""vicon/obstacle18/obstacle18""",,,0.413728490396,0.812225044263,0.773049101177,,-0.0262349989072,-0.0858430994326,-0.470761206469,0.877682501589
1542728628436889063,,5546,,1542728628,406669596,"""/world""","""vicon/obstacle18/obstacle18""",,,0.413724259454,0.812218572121,0.773040165885,,-0.0262157505292,-0.0859168548277,-0.470766270212,0.877673143779
1542728628454191444,,5547,,1542728628,423290505,"""/world""","""vicon/obstacle18/obstacle18""",,,0.413730754912,0.812204395214,0.773038057868,,-0.0263469494245,-0.0859596972269,-0.470679099537,0.877711771579
1542728628468614455,,5548,,1542728628,439929339,"""/world""","""vicon/obstacle18/obstacle18""",,,0.413738572004,0.81222073532,0.773047814001,,-0.0262668872411,-0.0859421971135,-0.470704397583,0.877702318264
1542728628484906016,,5549,,1542728628,456613786,"""/world""","""vicon/obstacle18/obstacle18""",,,0.4137329116,0.812220819013,0.773040734658,,-0.0262405571551,-0.0859057384371,-0.470739806116,0.877687684887
1542728628499377139,,5550,,1542728628,474719782,"""/world""","""vicon/obstacle18/obstacle18""",,,0.413732214635,0.812224159545,0.773037757597,,-0.02619836348,-0.0858868932696,-0.470733171677,0.877694347936
1542728628515762007,,5551,,1542728628,489870140,"""/world""","""vicon/obstacle18/obstacle18""",,,0.413728347803,0.812223337481,0.773049182953,,-0.0261867812836,-0.0858886070248,-0.470728911216,0.877696810872
1542728628533372031,,5552,,1542728628,506616261,"""/world""","""vicon/obstacle18/obstacle18""",,,0.413736793133,0.812204382922,0.773038208537,,-0.0262697999573,-0.0859328767492,-0.470632901385,0.877741482692
1542728628549291091,,5553,,1542728628,523216023,"""/world""","""vicon/obstacle18/obstacle18""",,,0.413732157515,0.812212961802,0.773039520083,,-0.026295411569,-0.0859282855247,-0.470641877083,0.877736352564
1542728628565557593,,5554,,1542728628,539860792,"""/world""","""vicon/obstacle18/obstacle18""",,,0.413736921619,0.812226123444,0.773040428872,,-0.0262261311401,-0.0858899331379,-0.470671674413,0.877726201236
1542728628582495740,,5555,,1542728628,556631396,"""/world""","""vicon/obstacle18/obstacle18""",,,0.413730326114,0.812232336401,0.773047220777,,-0.0262159680851,-0.0858863546183,-0.470694079573,0.877714840117
1542728628606080136,,5556,,1542728628,573261225,"""/world""","""vicon/obstacle18/obstacle18""",,,0.413730573782,0.812214410075,0.773045117426,,-0.0262224198161,-0.0859784841812,-0.470671378781,0.877717800978
1542728628620164004,,5557,,1542728628,589977811,"""/world""","""vicon/obstacle18/obstacle18""",,,0.413730221786,0.812203692068,0.773044636125,,-0.0261833306374,-0.0859551186789,-0.470714609711,0.877698072787
1542728628637026401,,5558,,1542728628,606647241,"""/world""","""vicon/obstacle18/obstacle18""",,,0.413726775268,0.812210212613,0.773035863599,,-0.0263223630877,-0.0860314794462,-0.470594613742,0.877750777421
1542728628653775060,,5559,,1542728628,623292780,"""/world""","""vicon/obstacle18/obstacle18""",,,0.413736121156,0.812222802137,0.773033519302,,-0.0263182163021,-0.0858786777988,-0.470736592258,0.877689731568
1542728628669518815,,5560,,1542728628,639999764,"""/world""","""vicon/obstacle18/obstacle18""",,,0.413732081464,0.812227121275,0.773044334332,,-0.0261018707209,-0.0858018607816,-0.470734678006,0.877704731646
1542728628686408457,,5561,,1542728628,656653491,"""/world""","""vicon/obstacle18/obstacle18""",,,0.413734628473,0.812210093745,0.773044800144,,-0.0262953447375,-0.0860195305012,-0.470672884957,0.87771078983
1542728628702999597,,5562,,1542728628,673298447,"""/world""","""vicon/obstacle18/obstacle18""",,,0.413729089111,0.812196046385,0.773045512965,,-0.0262409373597,-0.0860878030368,-0.470571253298,0.877760217226
1542728628722004876,,5563,,1542728628,690002514,"""/world""","""vicon/obstacle18/obstacle18""",,,0.41372986157,0.812206609355,0.773032565373,,-0.0263758794661,-0.085972146239,-0.470668465579,0.877715385853
1542728628737390843,,5564,,1542728628,706655188,"""/world""","""vicon/obstacle18/obstacle18""",,,0.413729596926,0.81222744241,0.773031465677,,-0.0262540058902,-0.0858999852516,-0.470667593227,0.877726572683
1542728628752593562,,5565,,1542728628,723301186,"""/world""","""vicon/obstacle18/obstacle18""",,,0.413731500175,0.812233871158,0.773051048049,,-0.0262070426893,-0.0858600583821,-0.470720755452,0.877703373398
1542728628770611861,,5566,,1542728628,739988895,"""/world""","""vicon/obstacle18/obstacle18""",,,0.413728244017,0.812209943984,0.773055455341,,-0.0263127535027,-0.0859022585938,-0.470700993016,0.877706680016
1542728628787086450,,5567,,1542728628,756700907,"""/world""","""vicon/obstacle18/obstacle18""",,,0.413727876947,0.812208851292,0.773050566128,,-0.0262063080991,-0.0858790740133,-0.470716004622,0.877704082852
1542728628802401580,,5568,,1542728628,773269676,"""/world""","""vicon/obstacle18/obstacle18""",,,0.413724975962,0.812202118747,0.773034495536,,-0.0262459427712,-0.0858847516355,-0.470705160083,0.877708158898
1542728628821062395,,5569,,1542728628,789967475,"""/world""","""vicon/obstacle18/obstacle18""",,,0.413732178124,0.812229482158,0.773041878841,,-0.0262862401916,-0.0858376503963,-0.470745679722,0.877689829253
1542728628837711809,,5570,,1542728628,806613145,"""/world""","""vicon/obstacle18/obstacle18""",,,0.413731167924,0.812235413623,0.773048341153,,-0.0262403344725,-0.0859258686769,-0.470680690431,0.877717424684
1542728628853939480,,5571,,1542728628,823288919,"""/world""","""vicon/obstacle18/obstacle18""",,,0.413726699925,0.812211015552,0.773045940034,,-0.0263016713304,-0.0859301421802,-0.470731840722,0.877687738823
1542728628866511186,,5572,,1542728628,839980054,"""/world""","""vicon/obstacle18/obstacle18""",,,0.413729634778,0.812208886424,0.773048569749,,-0.0261147703675,-0.0859563443614,-0.47069146686,0.877712406576
1542728628884143040,,5573,,1542728628,856647174,"""/world""","""vicon/obstacle18/obstacle18""",,,0.413729076418,0.812214337964,0.773043440152,,-0.0262087821065,-0.0859244884635,-0.470747302747,0.877682778103
1542728628903448167,,5574,,1542728628,873358631,"""/world""","""vicon/obstacle18/obstacle18""",,,0.413727568418,0.812211931262,0.773040447361,,-0.0263206502047,-0.0859457329851,-0.470659944826,0.877724199673
1542728628919786106,,5575,,1542728628,889969916,"""/world""","""vicon/obstacle18/obstacle18""",,,0.413734983986,0.812229160531,0.773050051948,,-0.0262312607836,-0.085895774882,-0.470642742067,0.877740990358
1542728628936879274,,5576,,1542728628,906617149,"""/world""","""vicon/obstacle18/obstacle18""",,,0.413728386499,0.812215319479,0.773046786365,,-0.0260856067334,-0.0860319882086,-0.470627969109,0.87773991183
1542728628953058388,,5577,,1542728628,923275185,"""/world""","""vicon/obstacle18/obstacle18""",,,0.413721099815,0.812209954105,0.773044099342,,-0.0261934646772,-0.0859461560249,-0.470653778648,0.87773126942
1542728628968231879,,5578,,1542728628,939956954,"""/world""","""vicon/obstacle18/obstacle18""",,,0.413728221338,0.812225018742,0.77304293854,,-0.0260848622494,-0.0858176302548,-0.470721304914,0.877710867769
1542728628984850947,,5579,,1542728628,956667070,"""/world""","""vicon/obstacle18/obstacle18""",,,0.413732389598,0.812215095523,0.773043422823,,-0.0262511827089,-0.0859386064593,-0.470623384636,0.8777465814
1542728629001814785,,5580,,1542728628,973269058,"""/world""","""vicon/obstacle18/obstacle18""",,,0.413731246425,0.812213447332,0.773047140327,,-0.0262582540627,-0.0859788721428,-0.470624502156,0.877741827424
1542728629019554643,,5581,,1542728628,989962310,"""/world""","""vicon/obstacle18/obstacle18""",,,0.413732087948,0.812222660808,0.773050363316,,-0.0261467098653,-0.085919653333,-0.470627416257,0.877749393507
1542728629034867574,,5582,,1542728629,6639723,"""/world""","""vicon/obstacle18/obstacle18""",,,0.413723789221,0.812216603511,0.773033955737,,-0.0262388444049,-0.0859098555646,-0.470692867322,0.877712506698
1542728629051356434,,5583,,1542728629,23218529,"""/world""","""vicon/obstacle18/obstacle18""",,,0.413725636674,0.812226098067,0.773034736915,,-0.0261732482617,-0.085878576521,-0.470715346291,0.877705471064
1542728629069032648,,5584,,1542728629,39986851,"""/world""","""vicon/obstacle18/obstacle18""",,,0.413737238639,0.812232230283,0.77304479546,,-0.0263230822377,-0.0858350773321,-0.470741873378,0.877691018235
1542728629086249904,,5585,,1542728629,56592665,"""/world""","""vicon/obstacle18/obstacle18""",,,0.413733451894,0.812206365786,0.773043564605,,-0.0262086738694,-0.086038748635,-0.470618360868,0.877740734819
1542728629102574197,,5586,,1542728629,73327197,"""/world""","""vicon/obstacle18/obstacle18""",,,0.413729530961,0.812204559109,0.773040332802,,-0.0262604567402,-0.0859666795114,-0.470670382404,0.877718354345
1542728629119211118,,5587,,1542728629,89956575,"""/world""","""vicon/obstacle18/obstacle18""",,,0.413726205138,0.812226084437,0.773039124953,,-0.0261446952498,-0.0859441597541,-0.47072579009,0.877694301484
1542728629135459142,,5588,,1542728629,106630472,"""/world""","""vicon/obstacle18/obstacle18""",,,0.413726634149,0.812241222402,0.773036478652,,-0.0262347445532,-0.0859185017837,-0.470724799275,0.87769465794
1542728629151151284,,5589,,1542728629,123272754,"""/world""","""vicon/obstacle18/obstacle18""",,,0.413731046517,0.812224318498,0.773041985596,,-0.0262441779695,-0.0860124141296,-0.470626463935,0.877737910303
1542728629168497824,,5590,,1542728629,140024829,"""/world""","""vicon/obstacle18/obstacle18""",,,0.413739708932,0.812205579706,0.773042100422,,-0.0262405425478,-0.0860179158306,-0.470651095545,0.877724272392
1542728629184865734,,5591,,1542728629,156660022,"""/world""","""vicon/obstacle18/obstacle18""",,,0.413735122082,0.812204961956,0.77304189411,,-0.0263052907618,-0.0859908033871,-0.470656490238,0.877722098166
1542728629203200032,,5592,,1542728629,173283185,"""/world""","""vicon/obstacle18/obstacle18""",,,0.413727534651,0.812221917743,0.773035765247,,-0.0263134807459,-0.0858953673869,-0.470715209394,0.877699708464
1542728629220855435,,5593,,1542728629,189978597,"""/world""","""vicon/obstacle18/obstacle18""",,,0.413729602848,0.812238787251,0.773036956437,,-0.0261657463334,-0.0858962884139,-0.470726054084,0.877698218844
1542728629237126088,,5594,,1542728629,206674814,"""/world""","""vicon/obstacle18/obstacle18""",,,0.413729273291,0.812228839663,0.773036635695,,-0.0262901188876,-0.0858570856817,-0.470690169145,0.8777175828
1542728629253928870,,5595,,1542728629,223252214,"""/world""","""vicon/obstacle18/obstacle18""",,,0.413730656788,0.812202528943,0.773050222278,,-0.0262381795091,-0.0860038218916,-0.470618197786,0.877743363671
1542728629270796797,,5596,,1542728629,239993655,"""/world""","""vicon/obstacle18/obstacle18""",,,0.413737819467,0.812196781399,0.773042107685,,-0.026293069059,-0.0859781831067,-0.470669063671,0.877716958394
1542728629286374512,,5597,,1542728629,256572783,"""/world""","""vicon/obstacle18/obstacle18""",,,0.413733144985,0.812218132506,0.773037805867,,-0.0262975401267,-0.0859620820511,-0.470691118433,0.877706574466
1542728629303123572,,5598,,1542728629,273250103,"""/world""","""vicon/obstacle18/obstacle18""",,,0.413724567651,0.812231930793,0.773037812846,,-0.0262106686185,-0.085846754045,-0.470781302724,0.877672091772
1542728629316362582,,5599,,1542728629,289954600,"""/world""","""vicon/obstacle18/obstacle18""",,,0.413731222608,0.812224239606,0.77303421139,,-0.0262599530905,-0.0860374563258,-0.470666469066,0.877713532919
1542728629334337520,,5600,,1542728629,306554267,"""/world""","""vicon/obstacle18/obstacle18""",,,0.413730632935,0.812214017104,0.773050224486,,-0.0261989915235,-0.0858855954635,-0.470720685355,0.87770115285
1542728629349974025,,5601,,1542728629,323227091,"""/world""","""vicon/obstacle18/obstacle18""",,,0.413740428972,0.812201313384,0.773046205621,,-0.0262135149788,-0.0859915872799,-0.470666074218,0.87771962786
1542728629368091694,,5602,,1542728629,339896512,"""/world""","""vicon/obstacle18/obstacle18""",,,0.413734939973,0.812218811564,0.773048860272,,-0.026293884898,-0.0858860774146,-0.470713574376,0.877702081701
1542728629386739457,,5603,,1542728629,356655680,"""/world""","""vicon/obstacle18/obstacle18""",,,0.413733079978,0.812223170294,0.77303052153,,-0.0262186386945,-0.0860200639532,-0.470670501268,0.877714310478
1542728629400995358,,5604,,1542728629,373199785,"""/world""","""vicon/obstacle18/obstacle18""",,,0.413723416283,0.81221859146,0.773040965055,,-0.0261727964207,-0.085888775528,-0.470676499429,0.877725319135
1542728629417546284,,5605,,1542728629,389884724,"""/world""","""vicon/obstacle18/obstacle18""",,,0.413732992024,0.812220370015,0.773045596285,,-0.0261978812264,-0.0858352376751,-0.470698339968,0.877718095828
1542728629434130969,,5606,,1542728629,406619940,"""/world""","""vicon/obstacle18/obstacle18""",,,0.413732385097,0.812218462998,0.773047574685,,-0.0262581007462,-0.0858656786801,-0.470653396059,0.877737419818
1542728629449284467,,5607,,1542728629,423364616,"""/world""","""vicon/obstacle18/obstacle18""",,,0.413731073233,0.812214699496,0.773048509117,,-0.0262394742124,-0.0859746954338,-0.470675296157,0.877715561743
1542728629467571431,,5608,,1542728629,440041290,"""/world""","""vicon/obstacle18/obstacle18""",,,0.413740121967,0.812209452858,0.773037641726,,-0.0263204528848,-0.0860638491647,-0.47064095217,0.877722816023
1542728629483772363,,5609,,1542728629,456668001,"""/world""","""vicon/obstacle18/obstacle18""",,,0.413724389619,0.812209756948,0.773032911724,,-0.0263002757133,-0.0859066268927,-0.470703990091,0.877705019164
1542728629499881534,,5610,,1542728629,473250162,"""/world""","""vicon/obstacle18/obstacle18""",,,0.413731826522,0.812221656179,0.773036411469,,-0.0262608903194,-0.0859338799766,-0.470713100266,0.877698644838
1542728629516281337,,5611,,1542728629,490027601,"""/world""","""vicon/obstacle18/obstacle18""",,,0.413737710834,0.812236689433,0.773046037322,,-0.0262664326793,-0.0858501275273,-0.47069880495,0.877714341421
1542728629535411582,,5612,,1542728629,507928445,"""/world""","""vicon/obstacle18/obstacle18""",,,0.413732887207,0.812218161126,0.773040737088,,-0.0263540130996,-0.0860255920179,-0.470699394616,0.877694219771
1542728629550209999,,5613,,1542728629,523226176,"""/world""","""vicon/obstacle18/obstacle18""",,,0.413728596697,0.812202785543,0.773035125635,,-0.0263624843623,-0.0860560180077,-0.470622031042,0.877732467829
1542728629565009455,,5614,,1542728629,540089763,"""/world""","""vicon/obstacle18/obstacle18""",,,0.413729900752,0.812201836834,0.77303537643,,-0.0262888308641,-0.0859877311651,-0.47066434392,0.877718680913
1542728629587054859,,5615,,1542728629,556661219,"""/world""","""vicon/obstacle18/obstacle18""",,,0.413732592213,0.812216479174,0.773045588513,,-0.0261921126173,-0.0858643200088,-0.470731228509,0.877697785284
1542728629600131869,,5616,,1542728629,573260004,"""/world""","""vicon/obstacle18/obstacle18""",,,0.413728854155,0.812246796848,0.773044792955,,-0.0262210143615,-0.0858555003574,-0.470725054753,0.877701096212
1542728629617882795,,5617,,1542728629,589981250,"""/world""","""vicon/obstacle18/obstacle18""",,,0.413735204043,0.812232026703,0.773046250724,,-0.0262987834705,-0.0858947166936,-0.470708586446,0.877703764535
1542728629634330823,,5618,,1542728629,606666851,"""/world""","""vicon/obstacle18/obstacle18""",,,0.413729605035,0.812210243239,0.773046804316,,-0.0262762910347,-0.0859215191147,-0.470755260812,0.877676781908
1542728629651432574,,5619,,1542728629,623339904,"""/world""","""vicon/obstacle18/obstacle18""",,,0.41372593048,0.812202725419,0.773046123096,,-0.0262769802171,-0.0859236883172,-0.470697869391,0.877707329266
1542728629668066540,,5620,,1542728629,639951569,"""/world""","""vicon/obstacle18/obstacle18""",,,0.413740624073,0.812215505523,0.77303491257,,-0.0262102853718,-0.0860264911401,-0.470660197986,0.877719455062
1542728629687497769,,5621,,1542728629,656645646,"""/world""","""vicon/obstacle18/obstacle18""",,,0.413734834714,0.812249465827,0.773058288106,,-0.0260928712113,-0.0858381006994,-0.470739707787,0.877698758147
1542728629703353485,,5622,,1542728629,673287700,"""/world""","""vicon/obstacle18/obstacle18""",,,0.413731471475,0.81223299164,0.773045528396,,-0.0262216580371,-0.085913456718,-0.470658379639,0.877731161735
1542728629719777190,,5623,,1542728629,689983183,"""/world""","""vicon/obstacle18/obstacle18""",,,0.413725548713,0.812210372665,0.773049260943,,-0.0262384612432,-0.0859691741853,-0.470617083289,0.877747346996
1542728629737216758,,5624,,1542728629,706701110,"""/world""","""vicon/obstacle18/obstacle18""",,,0.413733250744,0.812200483241,0.773046557512,,-0.0262028353169,-0.0860209268962,-0.470622898172,0.877740223115
1542728629753207226,,5625,,1542728629,723326545,"""/world""","""vicon/obstacle18/obstacle18""",,,0.413729684921,0.812219328825,0.773048567914,,-0.0262079053626,-0.0859176091858,-0.470696144975,0.877710914387
1542728629768377059,,5626,,1542728629,740072579,"""/world""","""vicon/obstacle18/obstacle18""",,,0.413735416886,0.812235193218,0.773043722827,,-0.0262010909365,-0.0859133728263,-0.470643796971,0.877739603514
1542728629787251071,,5627,,1542728629,756638504,"""/world""","""vicon/obstacle18/obstacle18""",,,0.413735666206,0.812228115946,0.773043854326,,-0.0261744300843,-0.0859010511415,-0.470693199891,0.877715113348
1542728629805757210,,5628,,1542728629,773290999,"""/world""","""vicon/obstacle18/obstacle18""",,,0.413724132365,0.812217960539,0.773050677274,,-0.0262540558436,-0.0858266873371,-0.470657169659,0.877739330861
1542728629821785458,,5629,,1542728629,789997876,"""/world""","""vicon/obstacle18/obstacle18""",,,0.413732816454,0.812202140145,0.773034377565,,-0.0263422456565,-0.0859533274912,-0.470710600629,0.877695643172
1542728629838719948,,5630,,1542728629,806688253,"""/world""","""vicon/obstacle18/obstacle18""",,,0.413734273483,0.812223635632,0.773043157222,,-0.0261606718652,-0.0858994134757,-0.470740283588,0.877690432567
1542728629855590579,,5631,,1542728629,823311220,"""/world""","""vicon/obstacle18/obstacle18""",,,0.41373556856,0.81223051338,0.773048087421,,-0.0261236989728,-0.0859492773692,-0.470684984105,0.877716309413
1542728629870519137,,5632,,1542728629,839998533,"""/world""","""vicon/obstacle18/obstacle18""",,,0.413733615225,0.812210462142,0.773035780076,,-0.026301400784,-0.0859396750008,-0.47069170657,0.877708337629
1542728629882899945,,5633,,1542728629,856628201,"""/world""","""vicon/obstacle18/obstacle18""",,,0.413731617821,0.812225807389,0.773040260751,,-0.0262273187276,-0.0858854466864,-0.470698920757,0.87771199365
1542728629898809972,,5634,,1542728629,873254100,"""/world""","""vicon/obstacle18/obstacle18""",,,0.413732417631,0.812224269673,0.773035265499,,-0.0262152480652,-0.0859230250781,-0.470697783036,0.877709286481
1542728629914861583,,5635,,1542728629,890118510,"""/world""","""vicon/obstacle18/obstacle18""",,,0.41373750799,0.812224408387,0.773034585909,,-0.0263407364426,-0.085937594113,-0.470691727995,0.87770735027
1542728629931675318,,5636,,1542728629,907141014,"""/world""","""vicon/obstacle18/obstacle18""",,,0.413743001753,0.812216466291,0.773041935981,,-0.0262227751213,-0.0859665667782,-0.470676448683,0.87771623895
1542728629949301279,,5637,,1542728629,923233848,"""/world""","""vicon/obstacle18/obstacle18""",,,0.413734318392,0.812212683993,0.773037233178,,-0.0262993774077,-0.0859765616937,-0.470683567304,0.877709150606
1542728629966818871,,5638,,1542728629,939958745,"""/world""","""vicon/obstacle18/obstacle18""",,,0.413726812723,0.812221509955,0.773042847654,,-0.0262160358647,-0.0859334212728,-0.470655711543,0.877730805979
1542728629985224768,,5639,,1542728629,956691961,"""/world""","""vicon/obstacle18/obstacle18""",,,0.41373855872,0.812244102073,0.773032931678,,-0.0261622166674,-0.0858595941534,-0.470772414115,0.877677049158
1542728630002572879,,5640,,1542728629,973259374,"""/world""","""vicon/obstacle18/obstacle18""",,,0.413732238786,0.812232374845,0.773037912477,,-0.0262411193422,-0.0858989057987,-0.470730263661,0.87769345475
1542728630018212334,,5641,,1542728629,990014709,"""/world""","""vicon/obstacle18/obstacle18""",,,0.413737116195,0.812189742474,0.773023830902,,-0.0263666155722,-0.0860517868209,-0.470613609653,0.877737273891
1542728630034253706,,5642,,1542728630,6663240,"""/world""","""vicon/obstacle18/obstacle18""",,,0.413741874319,0.812204011986,0.773062349369,,-0.0260592062372,-0.0858994189915,-0.470712558473,0.877708319935
1542728630050983287,,5643,,1542728630,23240474,"""/world""","""vicon/obstacle18/obstacle18""",,,0.413734276308,0.812217019464,0.773034933938,,-0.0262495676931,-0.0859546347244,-0.470666512229,0.877721935029
1542728630067369841,,5644,,1542728630,39976201,"""/world""","""vicon/obstacle18/obstacle18""",,,0.413721201542,0.812230514965,0.773026093106,,-0.0263225342444,-0.0859781681961,-0.470683168659,0.877708512848
1542728630085505773,,5645,,1542728630,56680866,"""/world""","""vicon/obstacle18/obstacle18""",,,0.413737012781,0.812244338097,0.773038033597,,-0.0260072119822,-0.0858391744811,-0.470734996416,0.877703722334
1542728630101427006,,5646,,1542728630,73285074,"""/world""","""vicon/obstacle18/obstacle18""",,,0.41373565898,0.812203324476,0.773051967892,,-0.0262472128775,-0.0858934625958,-0.470748007501,0.87768428853
1542728630118412294,,5647,,1542728630,89998251,"""/world""","""vicon/obstacle18/obstacle18""",,,0.413737041576,0.812181991174,0.773050907646,,-0.0262706547657,-0.0860398319562,-0.470643096041,0.877725512996
1542728630138736253,,5648,,1542728630,106667458,"""/world""","""vicon/obstacle18/obstacle18""",,,0.413734803044,0.812212834773,0.77304630276,,-0.0262733407084,-0.0858505029718,-0.470739276666,0.877692392648
1542728630154599001,,5649,,1542728630,123269684,"""/world""","""vicon/obstacle18/obstacle18""",,,0.4137280035,0.812244916653,0.773034481113,,-0.0262380526346,-0.0858500681505,-0.470776825839,0.877673350767
1542728630171569312,,5650,,1542728630,140017655,"""/world""","""vicon/obstacle18/obstacle18""",,,0.41372349749,0.812239565484,0.773040010481,,-0.0261582242395,-0.0858799321877,-0.47071807716,0.877704321732
1542728630187648861,,5651,,1542728630,156637674,"""/world""","""vicon/obstacle18/obstacle18""",,,0.413738011834,0.812210056754,0.773051493815,,-0.0261590519757,-0.0859043177237,-0.470689001693,0.877717503461
1542728630204398844,,5652,,1542728630,173325100,"""/world""","""vicon/obstacle18/obstacle18""",,,0.413743652463,0.812190782322,0.773048060194,,-0.026266254169,-0.0859713179992,-0.470653654511,0.877726696568
1542728630218609501,,5653,,1542728630,190026693,"""/world""","""vicon/obstacle18/obstacle18""",,,0.413727178062,0.81221312727,0.773057683702,,-0.0261976577179,-0.0859785253287,-0.47064442309,0.877732990679
1542728630234337679,,5654,,1542728630,206731052,"""/world""","""vicon/obstacle18/obstacle18""",,,0.413732419835,0.812240842468,0.773033698272,,-0.0262783046197,-0.0859206187057,-0.470654783683,0.877730694794
1542728630252346619,,5655,,1542728630,223290133,"""/world""","""vicon/obstacle18/obstacle18""",,,0.413727688518,0.812243189681,0.773042519257,,-0.02615685297,-0.0858290083186,-0.470759006758,0.877687391917
1542728630269019451,,5656,,1542728630,240008523,"""/world""","""vicon/obstacle18/obstacle18""",,,0.41373547938,0.812211970681,0.773052082647,,-0.0262888131909,-0.0859754236045,-0.470674250085,0.877714574987
1542728630286146715,,5657,,1542728630,256670598,"""/world""","""vicon/obstacle18/obstacle18""",,,0.413742905626,0.812190054905,0.773055850734,,-0.0262465882438,-0.0859903632696,-0.470664317406,0.877719701472
1542728630302886929,,5658,,1542728630,273379419,"""/world""","""vicon/obstacle18/obstacle18""",,,0.413739698488,0.812212462929,0.773032522879,,-0.0263018028337,-0.0860360129361,-0.47066449266,0.877713481151
1542728630320099705,,5659,,1542728630,290034000,"""/world""","""vicon/obstacle18/obstacle18""",,,0.413723396798,0.812234506252,0.773037116371,,-0.0262096984259,-0.0859637662143,-0.470638208956,0.87773740884
1542728630336408872,,5660,,1542728630,306718054,"""/world""","""vicon/obstacle18/obstacle18""",,,0.41373587693,0.812232768576,0.773033291336,,-0.026217106634,-0.0859654039747,-0.470672387939,0.877718699739
1542728630353186259,,5661,,1542728630,323262763,"""/world""","""vicon/obstacle18/obstacle18""",,,0.413737236868,0.812222215181,0.773057255684,,-0.0261997241659,-0.0858885255056,-0.470741116849,0.87768988632
1542728630370868890,,5662,,1542728630,340062797,"""/world""","""vicon/obstacle18/obstacle18""",,,0.413737304575,0.812196418919,0.773052108324,,-0.0261491027574,-0.0859747466786,-0.47066539111,0.877723565236
1542728630388685176,,5663,,1542728630,356679654,"""/world""","""vicon/obstacle18/obstacle18""",,,0.41373506841,0.81221055698,0.773034024115,,-0.0263915726312,-0.0859766032457,-0.470652798412,0.877722878781
1542728630403032109,,5664,,1542728630,373289036,"""/world""","""vicon/obstacle18/obstacle18""",,,0.41373202329,0.812232614118,0.77302988593,,-0.0262396167127,-0.0859802326902,-0.470701897424,0.877700749608
1542728630419003702,,5665,,1542728630,390023915,"""/world""","""vicon/obstacle18/obstacle18""",,,0.413728072805,0.81222301034,0.77304057538,,-0.0262738732438,-0.0859606300621,-0.470609808229,0.877751025099
1542728630435316225,,5666,,1542728630,406695826,"""/world""","""vicon/obstacle18/obstacle18""",,,0.413734003814,0.812216369533,0.773061364018,,-0.026165708199,-0.0859152959102,-0.470667251598,0.877727894006
1542728630451603020,,5667,,1542728630,423301651,"""/world""","""vicon/obstacle18/obstacle18""",,,0.413741083286,0.812215706621,0.77305305713,,-0.0261011761575,-0.0858677642268,-0.470753626786,0.877688144239
1542728630467887337,,5668,,1542728630,440007258,"""/world""","""vicon/obstacle18/obstacle18""",,,0.413726184169,0.812211729475,0.773037511763,,-0.0262782299503,-0.0858878987786,-0.470730047265,0.877693537675
1542728630487365894,,5669,,1542728630,456612855,"""/world""","""vicon/obstacle18/obstacle18""",,,0.413734201715,0.812216397107,0.773029227297,,-0.0263441768479,-0.0859546104744,-0.470682407751,0.877710578903
1542728630504063339,,5670,,1542728630,473318039,"""/world""","""vicon/obstacle18/obstacle18""",,,0.413734130621,0.812217234405,0.773052362874,,-0.026187682194,-0.0858335894089,-0.470752655034,0.87768943141
1542728630518618238,,5671,,1542728630,489991451,"""/world""","""vicon/obstacle18/obstacle18""",,,0.413723100532,0.812204878434,0.773054613565,,-0.0261898460113,-0.0858995453771,-0.470671307989,0.877726540504
1542728630536257317,,5672,,1542728630,506682183,"""/world""","""vicon/obstacle18/obstacle18""",,,0.413732576032,0.81222286114,0.773059603906,,-0.0261676417107,-0.0857337542206,-0.470746183563,0.877703257699
1542728630552744783,,5673,,1542728630,523284958,"""/world""","""vicon/obstacle18/obstacle18""",,,0.413738779726,0.812230837813,0.773043010393,,-0.0262175149215,-0.0858329788236,-0.470727489901,0.877702097473
1542728630569558132,,5674,,1542728630,539996319,"""/world""","""vicon/obstacle18/obstacle18""",,,0.413720665945,0.812213294765,0.773027080046,,-0.0263494656344,-0.0859379166132,-0.470645360725,0.877731920678
1542728630586859290,,5675,,1542728630,556676496,"""/world""","""vicon/obstacle18/obstacle18""",,,0.413728017799,0.812211962233,0.773050363958,,-0.0262772047866,-0.0859506419245,-0.470613751936,0.877749789034
1542728630599171247,,5676,,1542728630,573225317,"""/world""","""vicon/obstacle18/obstacle18""",,,0.413738078327,0.812201674784,0.773057156696,,-0.0261335574828,-0.0859021668974,-0.470730014552,0.877696478457
1542728630615419610,,5677,,1542728630,589978272,"""/world""","""vicon/obstacle18/obstacle18""",,,0.413727118644,0.812228512856,0.773060575255,,-0.0261930723438,-0.0856802766529,-0.47081804145,0.877669177424
1542728630639443052,,5678,,1542728630,606692611,"""/world""","""vicon/obstacle18/obstacle18""",,,0.413728628469,0.812227439778,0.77303448486,,-0.0262228057023,-0.0858312383233,-0.470707822054,0.877712657563
1542728630655825189,,5679,,1542728630,623287006,"""/world""","""vicon/obstacle18/obstacle18""",,,0.413735172534,0.812226923002,0.773031801181,,-0.0262459707404,-0.0860105177004,-0.470637204652,0.877732283479
1542728630667729985,,5680,,1542728630,639940204,"""/world""","""vicon/obstacle18/obstacle18""",,,0.41372171711,0.812215330913,0.773049615086,,-0.0261703780659,-0.0858909884061,-0.470689699141,0.877718096284
1542728630685383962,,5681,,1542728630,656662726,"""/world""","""vicon/obstacle18/obstacle18""",,,0.413728387421,0.812194184551,0.773049423194,,-0.0263101595033,-0.0859217070287,-0.470638364412,0.877738438096
1542728630702838423,,5682,,1542728630,673353232,"""/world""","""vicon/obstacle18/obstacle18""",,,0.413737658358,0.812227605754,0.773075101557,,-0.0261161288842,-0.0857255042898,-0.470796995404,0.877678343612
1542728630719524385,,5683,,1542728630,689981444,"""/world""","""vicon/obstacle18/obstacle18""",,,0.413727454703,0.812234818802,0.773053337819,,-0.0262690624444,-0.0858050640572,-0.47068333612,0.87772696463
1542728630736830625,,5684,,1542728630,706615525,"""/world""","""vicon/obstacle18/obstacle18""",,,0.413724018961,0.812219980502,0.773018286321,,-0.026263579611,-0.0858938196373,-0.470611913634,0.877756744708
1542728630753435639,,5685,,1542728630,723294874,"""/world""","""vicon/obstacle18/obstacle18""",,,0.413730436019,0.812217294277,0.773031832391,,-0.0262502092619,-0.085876400661,-0.470660244793,0.877732934494
1542728630769646207,,5686,,1542728630,740005138,"""/world""","""vicon/obstacle18/obstacle18""",,,0.413726043222,0.81221507282,0.773065998921,,-0.0261775596484,-0.0858210202486,-0.470706881278,0.877715511867
1542728630786935073,,5687,,1542728630,756668917,"""/world""","""vicon/obstacle18/obstacle18""",,,0.413726988538,0.812207634254,0.773068970945,,-0.0261255616176,-0.0858557965441,-0.470686067882,0.877724821759
1542728630801932020,,5688,,1542728630,773280587,"""/world""","""vicon/obstacle18/obstacle18""",,,0.413738400883,0.812224227206,0.773048479472,,-0.0261816665166,-0.0858024239437,-0.470753758957,0.877692066052
1542728630817981348,,5689,,1542728630,789918278,"""/world""","""vicon/obstacle18/obstacle18""",,,0.41371974058,0.812229815804,0.773041403229,,-0.0262087855719,-0.0858560776434,-0.470706317217,0.877711453965
1542728630835921428,,5690,,1542728630,806670121,"""/world""","""vicon/obstacle18/obstacle18""",,,0.413723775858,0.812209802306,0.773017023999,,-0.0263912651687,-0.0859983098882,-0.470589417378,0.87775474483
1542728630856251171,,5691,,1542728630,823381608,"""/world""","""vicon/obstacle18/obstacle18""",,,0.413727850448,0.812226121511,0.773056459756,,-0.0262062094438,-0.0858028719407,-0.470718155387,0.877710385003
1542728630871240503,,5692,,1542728630,839979912,"""/world""","""vicon/obstacle18/obstacle18""",,,0.41372936367,0.812223941868,0.77307639074,,-0.0261576605331,-0.0857613345547,-0.470833904008,0.877653807106
1542728630886769695,,5693,,1542728630,856704386,"""/world""","""vicon/obstacle18/obstacle18""",,,0.413722495642,0.812198909883,0.773053296008,,-0.026295126698,-0.0858674929567,-0.470732404552,0.877693763946
1542728630903479034,,5694,,1542728630,873302758,"""/world""","""vicon/obstacle18/obstacle18""",,,0.413734605741,0.812220005454,0.773026506194,,-0.0262235213945,-0.0858918423778,-0.470688087651,0.877717290751
1542728630920579249,,5695,,1542728630,889997829,"""/world""","""vicon/obstacle18/obstacle18""",,,0.413719591923,0.812229058159,0.773021047034,,-0.0262314351608,-0.0859414185957,-0.470694722229,0.877708643483
1542728630938015040,,5696,,1542728630,906674933,"""/world""","""vicon/obstacle18/obstacle18""",,,0.413725571509,0.812217959164,0.773040374968,,-0.0263073762846,-0.0859743016893,-0.470668734822,0.877717086232
1542728630953730978,,5697,,1542728630,923324968,"""/world""","""vicon/obstacle18/obstacle18""",,,0.413740728075,0.81222215572,0.773073030356,,-0.0261553805566,-0.0857215254255,-0.470797689166,0.87767719124
1542728630970530884,,5698,,1542728630,939999824,"""/world""","""vicon/obstacle18/obstacle18""",,,0.413723556479,0.812213476611,0.773068290592,,-0.0261970857798,-0.0857763590132,-0.470779213385,0.877680500624
1542728630986987825,,5699,,1542728630,956698396,"""/world""","""vicon/obstacle18/obstacle18""",,,0.413722555313,0.812200638385,0.7730273853,,-0.0262471084333,-0.0859593790627,-0.470640136515,0.877735687067
1542728631004303312,,5700,,1542728630,973264693,"""/world""","""vicon/obstacle18/obstacle18""",,,0.413732975419,0.812232827178,0.773028334083,,-0.0261341665098,-0.085788196675,-0.470772983644,0.877684560946
1542728631020481926,,5701,,1542728630,989958080,"""/world""","""vicon/obstacle18/obstacle18""",,,0.413724169055,0.812245501242,0.773053804688,,-0.026164759566,-0.0859021881737,-0.470686857968,0.877718691358
1542728631035460283,,5702,,1542728631,6659584,"""/world""","""vicon/obstacle18/obstacle18""",,,0.413727653991,0.812207811358,0.77306373153,,-0.0262331648483,-0.0859403670922,-0.470667533387,0.877723274946
1542728631053284535,,5703,,1542728631,23357168,"""/world""","""vicon/obstacle18/obstacle18""",,,0.413728448959,0.812201529731,0.773064345639,,-0.0261797744169,-0.0858391717804,-0.470713983813,0.877709861767
1542728631069230005,,5704,,1542728631,39963407,"""/world""","""vicon/obstacle18/obstacle18""",,,0.413723748917,0.81222569397,0.773054760195,,-0.0261309706229,-0.0858174140894,-0.4707305047,0.877704583421
1542728631086169630,,5705,,1542728631,56709972,"""/world""","""vicon/obstacle18/obstacle18""",,,0.413722297976,0.812220527501,0.773014268638,,-0.0263120386744,-0.0860759412257,-0.470578764668,0.877755225109
1542728631102989356,,5706,,1542728631,73282330,"""/world""","""vicon/obstacle18/obstacle18""",,,0.413733628099,0.812237764822,0.773038524586,,-0.0262710450195,-0.0859348695223,-0.470661506134,0.877725912251
1542728631119661899,,5707,,1542728631,90013906,"""/world""","""vicon/obstacle18/obstacle18""",,,0.413729155784,0.812229564242,0.773064554018,,-0.0261193089433,-0.0858675341632,-0.470718627436,0.877706398554
1542728631136256079,,5708,,1542728631,106690687,"""/world""","""vicon/obstacle18/obstacle18""",,,0.413724777079,0.81219646519,0.773062026006,,-0.0262989280129,-0.0859211249749,-0.470652610085,0.87773119307
1542728631152452625,,5709,,1542728631,123290781,"""/world""","""vicon/obstacle18/obstacle18""",,,0.413731697831,0.812205952576,0.773048627156,,-0.0262104783354,-0.0859320756617,-0.470718547795,0.877697406832
1542728631169204171,,5710,,1542728631,140049036,"""/world""","""vicon/obstacle18/obstacle18""",,,0.413725677132,0.812228969593,0.773028730123,,-0.026307947627,-0.0858954379346,-0.47068665642,0.877715179943
1542728631185874809,,5711,,1542728631,156685489,"""/world""","""vicon/obstacle18/obstacle18""",,,0.413722598451,0.812226617838,0.77303514872,,-0.0263114602313,-0.0859167555149,-0.470664320565,0.877724965766
1542728631202683479,,5712,,1542728631,173366451,"""/world""","""vicon/obstacle18/obstacle18""",,,0.413735939572,0.812228576458,0.773053931143,,-0.0262879815571,-0.0859013617517,-0.470715084862,0.877699952694
1542728631219076720,,5713,,1542728631,189999138,"""/world""","""vicon/obstacle18/obstacle18""",,,0.413726811619,0.812220590383,0.773075879707,,-0.0261195706443,-0.0858294417119,-0.470717240658,0.877710860313
1542728631236777859,,5714,,1542728631,206704454,"""/world""","""vicon/obstacle18/obstacle18""",,,0.413730053191,0.812187759361,0.773053488464,,-0.0263149607225,-0.0859646252948,-0.470665034235,0.877719791043
1542728631253369240,,5715,,1542728631,223338186,"""/world""","""vicon/obstacle18/obstacle18""",,,0.413735177193,0.812209451626,0.773031780849,,-0.0263342453685,-0.0860018614123,-0.470624220954,0.877737449358
1542728631268691729,,5716,,1542728631,239994683,"""/world""","""vicon/obstacle18/obstacle18""",,,0.413722960027,0.812232539995,0.773035086073,,-0.026202106905,-0.0859640818559,-0.470643047406,0.877735010212
1542728631284943092,,5717,,1542728631,256609526,"""/world""","""vicon/obstacle18/obstacle18""",,,0.413732612278,0.812213813969,0.773043363894,,-0.0261858253753,-0.0858597769907,-0.470692943963,0.877718949179
1542728631302047738,,5718,,1542728631,273339999,"""/world""","""vicon/obstacle18/obstacle18""",,,0.413733564918,0.812220998784,0.773076360571,,-0.0260456847588,-0.0858141531177,-0.470721970415,0.877712014273
1542728631318083614,,5719,,1542728631,290018652,"""/world""","""vicon/obstacle18/obstacle18""",,,0.413736347153,0.812208231035,0.773072502129,,-0.0261989612209,-0.0858926805973,-0.470674081184,0.877725453175
1542728631336222836,,5720,,1542728631,306653101,"""/world""","""vicon/obstacle18/obstacle18""",,,0.413724676052,0.812200464135,0.773034324728,,-0.0262496380898,-0.0859239811962,-0.470622840105,0.877748351367
1542728631353088944,,5721,,1542728631,323360284,"""/world""","""vicon/obstacle18/obstacle18""",,,0.413730832822,0.812216271061,0.773018309267,,-0.0262882960319,-0.0859572013836,-0.470673702373,0.87771666893
1542728631368270310,,5722,,1542728631,339986120,"""/world""","""vicon/obstacle18/obstacle18""",,,0.413729137285,0.812236461454,0.773051376223,,-0.0260772586278,-0.0859222859644,-0.470665153553,0.87773096709
1542728631384084719,,5723,,1542728631,356654523,"""/world""","""vicon/obstacle18/obstacle18""",,,0.413728739225,0.812216018468,0.773057126889,,-0.0262618128906,-0.0858574923865,-0.470710279275,0.877707605738
1542728631402290500,,5724,,1542728631,373302065,"""/world""","""vicon/obstacle18/obstacle18""",,,0.413737968037,0.812213169825,0.77306234943,,-0.0262062534655,-0.0858660096883,-0.470703980209,0.877711811288
1542728631420095789,,5725,,1542728631,390016230,"""/world""","""vicon/obstacle18/obstacle18""",,,0.413721476787,0.812204417438,0.77304431593,,-0.0261837015256,-0.0858852855166,-0.470691510794,0.877717285447
1542728631435909745,,5726,,1542728631,406703665,"""/world""","""vicon/obstacle18/obstacle18""",,,0.413726328934,0.812194163351,0.773013824484,,-0.0264462433897,-0.0859993548903,-0.470601098021,0.877746725263
1542728631452586191,,5727,,1542728631,423302527,"""/world""","""vicon/obstacle18/obstacle18""",,,0.413734605749,0.812229389866,0.773046093853,,-0.026114325099,-0.0858540524969,-0.470707543126,0.877713810156
1542728631470198059,,5728,,1542728631,439982445,"""/world""","""vicon/obstacle18/obstacle18""",,,0.413729268678,0.812230610595,0.773066277031,,-0.0261950687352,-0.0858617392958,-0.470652731639,0.877740044831
1542728631488360427,,5729,,1542728631,456665831,"""/world""","""vicon/obstacle18/obstacle18""",,,0.413724238724,0.812202185459,0.773054351299,,-0.0262177799065,-0.0858431159851,-0.470670088349,0.877731881265
1542728631503898979,,5730,,1542728631,473249568,"""/world""","""vicon/obstacle18/obstacle18""",,,0.41372839782,0.812212305585,0.773047246098,,-0.0262582871675,-0.0859082468441,-0.470669645746,0.877724535405
1542728631520257825,,5731,,1542728631,489979107,"""/world""","""vicon/obstacle18/obstacle18""",,,0.413726738018,0.812208142597,0.773031149348,,-0.0262415043933,-0.0859562166637,-0.470670218382,0.877720033833
1542728631534412292,,5732,,1542728631,506636269,"""/world""","""vicon/obstacle18/obstacle18""",,,0.413733445617,0.81221218771,0.773038277767,,-0.026261634837,-0.085988419324,-0.470636029376,0.877734610307
1542728631551059989,,5733,,1542728631,523253570,"""/world""","""vicon/obstacle18/obstacle18""",,,0.413739329017,0.812219550087,0.773050053412,,-0.0262102297645,-0.0859502529673,-0.470703636839,0.877703631152
1542728631567303613,,5734,,1542728631,539961532,"""/world""","""vicon/obstacle18/obstacle18""",,,0.413726985251,0.812230551445,0.77307311753,,-0.0260893161235,-0.08588074164,-0.470716226254,0.877707286138
1542728631584284355,,5735,,1542728631,556601303,"""/world""","""vicon/obstacle18/obstacle18""",,,0.413717389948,0.812208372656,0.773035222252,,-0.0264032536968,-0.0857776157363,-0.470695566812,0.877719062238
1542728631600497184,,5736,,1542728631,573227771,"""/world""","""vicon/obstacle18/obstacle18""",,,0.413727244466,0.812214351995,0.773023146698,,-0.02640862068,-0.0858671246592,-0.470705960712,0.877704574562
1542728631616225442,,5737,,1542728631,589862004,"""/world""","""vicon/obstacle18/obstacle18""",,,0.413727381344,0.812227595993,0.773057244661,,-0.0262610084779,-0.0859156309621,-0.470650375841,0.87773406423
1542728631632879392,,5738,,1542728631,606583348,"""/world""","""vicon/obstacle18/obstacle18""",,,0.413732700875,0.812209507714,0.773056955643,,-0.0262589041671,-0.0859246311899,-0.470621382273,0.877748792226
1542728631648515642,,5739,,1542728631,623190426,"""/world""","""vicon/obstacle18/obstacle18""",,,0.413728060593,0.812225183317,0.773072467972,,-0.026148185242,-0.0858073532808,-0.470707601664,0.87771733734
1542728631665764391,,5740,,1542728631,639944329,"""/world""","""vicon/obstacle18/obstacle18""",,,0.413713378156,0.812221334713,0.773036019096,,-0.0261357344173,-0.0859514396144,-0.470600691721,0.877760936911
1542728631685765456,,5741,,1542728631,656588949,"""/world""","""vicon/obstacle18/obstacle18""",,,0.413720443479,0.812221370242,0.773026807505,,-0.0263161259544,-0.0859567651993,-0.470661998397,0.877722153814
1542728631702370384,,5742,,1542728631,673317362,"""/world""","""vicon/obstacle18/obstacle18""",,,0.413732639507,0.812234027614,0.773046241009,,-0.0262173471867,-0.0858413713571,-0.470701417439,0.87771526436
1542728631717213254,,5743,,1542728631,689957918,"""/world""","""vicon/obstacle18/obstacle18""",,,0.413732219696,0.812210744872,0.773049097262,,-0.0262952800544,-0.0858903741432,-0.470673750334,0.877722976014
1542728631734416914,,5744,,1542728631,706653007,"""/world""","""vicon/obstacle18/obstacle18""",,,0.413730964289,0.812206913402,0.773061438937,,-0.0263057063191,-0.0859503035609,-0.470608172165,0.87775196008
1542728631752127234,,5745,,1542728631,723248583,"""/world""","""vicon/obstacle18/obstacle18""",,,0.413724394002,0.812220585204,0.773043939476,,-0.0262916474874,-0.0858332722899,-0.470763559547,0.877680505448
1542728631768555553,,5746,,1542728631,739977855,"""/world""","""vicon/obstacle18/obstacle18""",,,0.413710889709,0.812239026172,0.773029875263,,-0.0261832152068,-0.0857684957334,-0.470726974835,0.877709701179
1542728631785678191,,5747,,1542728631,756603811,"""/world""","""vicon/obstacle18/obstacle18""",,,0.413721132354,0.812231518713,0.773037933187,,-0.0261952874509,-0.0859349395215,-0.470661846689,0.877727986996
1542728631800949358,,5748,,1542728631,773238329,"""/world""","""vicon/obstacle18/obstacle18""",,,0.413733917101,0.812213318159,0.773064689831,,-0.0262781761104,-0.0858971567037,-0.470721044846,0.877697461469
1542728631817197404,,5749,,1542728631,789967219,"""/world""","""vicon/obstacle18/obstacle18""",,,0.413731772039,0.812198184925,0.773062705388,,-0.0263103084504,-0.0860001407882,-0.470653053852,0.877722875601
1542728631835201944,,5750,,1542728631,806685640,"""/world""","""vicon/obstacle18/obstacle18""",,,0.413725638405,0.812194955646,0.773028279905,,-0.0262353681935,-0.086027855781,-0.470656795861,0.877720396251
1542728631851957391,,5751,,1542728631,823350868,"""/world""","""vicon/obstacle18/obstacle18""",,,0.413722558354,0.81224845126,0.773024055797,,-0.0261434719629,-0.0857823850397,-0.470787709258,0.877676953157
1542728631870015627,,5752,,1542728631,839995214,"""/world""","""vicon/obstacle18/obstacle18""",,,0.413722791526,0.812247848674,0.773029338291,,-0.02622327355,-0.0858522045955,-0.470693284621,0.877718389179
1542728631886396295,,5753,,1542728631,856681726,"""/world""","""vicon/obstacle18/obstacle18""",,,0.413728365931,0.812214024415,0.773058004498,,-0.0263056182814,-0.0859376939222,-0.470624459472,0.877744464726
1542728631902235965,,5754,,1542728631,873367961,"""/world""","""vicon/obstacle18/obstacle18""",,,0.413732712772,0.812184191904,0.773068010099,,-0.0262730100726,-0.0858941054205,-0.470648933971,0.877736584943
1542728631918952621,,5755,,1542728631,890011792,"""/world""","""vicon/obstacle18/obstacle18""",,,0.413728543994,0.812199375628,0.773042629041,,-0.0262282832073,-0.0859739364363,-0.470693289909,0.877706321185
1542728631934932070,,5756,,1542728631,906691741,"""/world""","""vicon/obstacle18/obstacle18""",,,0.413712725418,0.81224508259,0.773025006902,,-0.0262204086311,-0.0857730146639,-0.470742667689,0.877699732792
1542728631952674986,,5757,,1542728631,923340158,"""/world""","""vicon/obstacle18/obstacle18""",,,0.413723915336,0.812260970822,0.773026871829,,-0.0262217428054,-0.0857831831379,-0.470733611303,0.877703556381
1542728631969196985,,5758,,1542728631,940026965,"""/world""","""vicon/obstacle18/obstacle18""",,,0.413729327449,0.812227353724,0.773072174926,,-0.026187242851,-0.0858042108897,-0.470689703967,0.877726078161
1542728631984971334,,5759,,1542728631,956679174,"""/world""","""vicon/obstacle18/obstacle18""",,,0.413733461734,0.812169383496,0.773076328956,,-0.0263836622561,-0.0860005773236,-0.470619720377,0.877738504258
1542728632002098594,,5760,,1542728631,973325330,"""/world""","""vicon/obstacle18/obstacle18""",,,0.413734909144,0.81218665678,0.773049057997,,-0.0263340352099,-0.085880319949,-0.470674373338,0.877722463834
1542728632017061733,,5761,,1542728631,989985531,"""/world""","""vicon/obstacle18/obstacle18""",,,0.413718837463,0.812242679568,0.773017978056,,-0.0261954831997,-0.0859005478427,-0.470722835711,0.877698641038
1542728632035209270,,5762,,1542728632,6577476,"""/world""","""vicon/obstacle18/obstacle18""",,,0.413713285536,0.812261164697,0.773030155896,,-0.0262246074322,-0.0857607585292,-0.470735010746,0.877704911641
1542728632051589026,,5763,,1542728632,23282485,"""/world""","""vicon/obstacle18/obstacle18""",,,0.413728961304,0.812236970138,0.773068131246,,-0.0261696855375,-0.0859050826133,-0.470666430413,0.877729215432
1542728632066172123,,5764,,1542728632,40241577,"""/world""","""vicon/obstacle18/obstacle18""",,,0.413737995627,0.81217589883,0.773078517864,,-0.0262694260527,-0.0858834444095,-0.470681061479,0.877720507677
1542728632081366910,,5765,,1542728632,56542359,"""/world""","""vicon/obstacle18/obstacle18""",,,0.413730592295,0.812178919955,0.773048726601,,-0.0262409785144,-0.0860838997051,-0.47057603413,0.877758035771
1542728632102297127,,5766,,1542728632,73360970,"""/world""","""vicon/obstacle18/obstacle18""",,,0.413727510011,0.812238680064,0.773022722737,,-0.0262868994221,-0.0858821876057,-0.470730953429,0.877693350923
1542728632120902554,,5767,,1542728632,90038993,"""/world""","""vicon/obstacle18/obstacle18""",,,0.413726936366,0.812261652003,0.773026438462,,-0.0261606990483,-0.0858853505336,-0.47069055198,0.877718479164
1542728632132735247,,5768,,1542728632,106580802,"""/world""","""vicon/obstacle18/obstacle18""",,,0.413717132384,0.81222270931,0.7730637418,,-0.0261860054668,-0.0859563376473,-0.470609743291,0.877754106031
1542728632149971566,,5769,,1542728632,123321003,"""/world""","""vicon/obstacle18/obstacle18""",,,0.413742974961,0.812186558465,0.773080442327,,-0.0262099073108,-0.0859018007265,-0.470691715483,0.877714777343
1542728632168620546,,5770,,1542728632,140030801,"""/world""","""vicon/obstacle18/obstacle18""",,,0.41373377181,0.812188731829,0.773056155428,,-0.0262566839032,-0.0859768330668,-0.470641528571,0.877732944757
1542728632185733635,,5771,,1542728632,156585022,"""/world""","""vicon/obstacle18/obstacle18""",,,0.41372216913,0.812220858205,0.773026017222,,-0.0263898100815,-0.086059704948,-0.470650406265,0.877716070373
1542728632202656272,,5772,,1542728632,173282757,"""/world""","""vicon/obstacle18/obstacle18""",,,0.413733235767,0.812248147937,0.773020263722,,-0.0261859668721,-0.0858448804603,-0.470762871229,0.877682898723
1542728632219579062,,5773,,1542728632,189957634,"""/world""","""vicon/obstacle18/obstacle18""",,,0.413721081091,0.812229949238,0.77306694305,,-0.0261039239854,-0.0858696689053,-0.470676967484,0.877728988581
1542728632236351372,,5774,,1542728632,206656806,"""/world""","""vicon/obstacle18/obstacle18""",,,0.41373158439,0.812194417901,0.773075851808,,-0.0262775728675,-0.0858839854788,-0.470700152605,0.877709972907
1542728632253510841,,5775,,1542728632,223310400,"""/world""","""vicon/obstacle18/obstacle18""",,,0.413731747514,0.812197129501,0.773065381748,,-0.0262275492437,-0.0859460732535,-0.470630348491,0.877742822945
1542728632269590384,,5776,,1542728632,239989567,"""/world""","""vicon/obstacle18/obstacle18""",,,0.413734101817,0.81221662575,0.773023966052,,-0.0262349929413,-0.0860080423423,-0.470631211575,0.87773606767
1542728632286774262,,5777,,1542728632,256710650,"""/world""","""vicon/obstacle18/obstacle18""",,,0.413716328186,0.812235139119,0.773030365426,,-0.0263059321587,-0.0859871523833,-0.470691333708,0.877703751804
1542728632304510337,,5778,,1542728632,273334657,"""/world""","""vicon/obstacle18/obstacle18""",,,0.413732960663,0.812219146468,0.773047293711,,-0.0261818283325,-0.0858876360908,-0.47070383568,0.877710501765
1542728632318500648,,5779,,1542728632,289997793,"""/world""","""vicon/obstacle18/obstacle18""",,,0.413735737062,0.812202151179,0.773080945143,,-0.0261325387165,-0.0858484725024,-0.47073963044,0.877696605054
1542728632333945885,,5780,,1542728632,306667494,"""/world""","""vicon/obstacle18/obstacle18""",,,0.413728777766,0.81221125408,0.773058197779,,-0.0262036747019,-0.0858780230355,-0.470623994958,0.877753603217
1542728632351869159,,5781,,1542728632,323315466,"""/world""","""vicon/obstacle18/obstacle18""",,,0.413731887554,0.81220666641,0.773020382308,,-0.0263765254697,-0.0860488886268,-0.470617522455,0.877735162352
1542728632368726074,,5782,,1542728632,339988892,"""/world""","""vicon/obstacle18/obstacle18""",,,0.413726360206,0.812240970891,0.773036766069,,-0.026201158107,-0.0859008877508,-0.470732153828,0.877693440872
1542728632384137473,,5783,,1542728632,356634732,"""/world""","""vicon/obstacle18/obstacle18""",,,0.41372169379,0.812213249584,0.773055416788,,-0.0261744218729,-0.085853853646,-0.470669568246,0.877732403971
1542728632402069321,,5784,,1542728632,373364737,"""/world""","""vicon/obstacle18/obstacle18""",,,0.413733514706,0.812196634776,0.773076655762,,-0.0260613250355,-0.0859326013272,-0.470698856876,0.877712356927
1542728632417415897,,5785,,1542728632,389988713,"""/world""","""vicon/obstacle18/obstacle18""",,,0.413736089763,0.81222597571,0.773078457748,,-0.0261489666568,-0.0858450027441,-0.470724003416,0.877704836295
1542728632434382697,,5786,,1542728632,406713900,"""/world""","""vicon/obstacle18/obstacle18""",,,0.413725314464,0.812226065207,0.773035672231,,-0.0262411029562,-0.0858945303964,-0.470705736723,0.877707037445
1542728632452035818,,5787,,1542728632,423337346,"""/world""","""vicon/obstacle18/obstacle18""",,,0.413722308157,0.812214167449,0.773013014042,,-0.0263615202994,-0.0860777864998,-0.470617820206,0.877732620006
1542728632470019066,,5788,,1542728632,439954561,"""/world""","""vicon/obstacle18/obstacle18""",,,0.413741548703,0.812210442668,0.773046923728,,-0.026131607875,-0.0859476678391,-0.470722539603,0.877696091009
1542728632485735597,,5789,,1542728632,456590779,"""/world""","""vicon/obstacle18/obstacle18""",,,0.41373334815,0.81220067566,0.773079190205,,-0.0262332536889,-0.085965419058,-0.47065954349,0.877725103463
1542728632502440879,,5790,,1542728632,473275527,"""/world""","""vicon/obstacle18/obstacle18""",,,0.413730161729,0.812199841322,0.773065302936,,-0.026207111765,-0.0859754840871,-0.470608563183,0.877752233656
1542728632520264779,,5791,,1542728632,490011947,"""/world""","""vicon/obstacle18/obstacle18""",,,0.413731743744,0.812236581692,0.773035195588,,-0.0260109995934,-0.0858922467269,-0.470700091127,0.877717137844
1542728632538696752,,5792,,1542728632,506638162,"""/world""","""vicon/obstacle18/obstacle18""",,,0.413713217411,0.812239851796,0.773033242317,,-0.0262805834655,-0.0859081247367,-0.470641545907,0.877738947697
1542728632555042204,,5793,,1542728632,523330210,"""/world""","""vicon/obstacle18/obstacle18""",,,0.413731501699,0.812208480879,0.773032707406,,-0.0262955625437,-0.0860568077512,-0.470613096527,0.87773918826
1542728632571543039,,5794,,1542728632,539989732,"""/world""","""vicon/obstacle18/obstacle18""",,,0.413736955831,0.812202830294,0.773088951894,,-0.0261422936509,-0.0857259557863,-0.470760024701,0.877697351101
1542728632587692024,,5795,,1542728632,556635073,"""/world""","""vicon/obstacle18/obstacle18""",,,0.413732817266,0.812187974393,0.773067740611,,-0.0262249849587,-0.0859446752301,-0.470663641157,0.8777251847
1542728632605017501,,5796,,1542728632,573360822,"""/world""","""vicon/obstacle18/obstacle18""",,,0.413724845377,0.812233173876,0.773037283763,,-0.0262853254384,-0.085840224968,-0.470651517491,0.877740101925
1542728632621365536,,5797,,1542728632,589990542,"""/world""","""vicon/obstacle18/obstacle18""",,,0.413723157317,0.812259176282,0.773025536667,,-0.0262136548854,-0.0858723308821,-0.470671966559,0.877728139563
1542728632638019227,,5798,,1542728632,606660052,"""/world""","""vicon/obstacle18/obstacle18""",,,0.41372596611,0.812214479301,0.773036354021,,-0.0261521801996,-0.0858630839994,-0.470746646564,0.877690827699
1542728632654996571,,5799,,1542728632,623384791,"""/world""","""vicon/obstacle18/obstacle18""",,,0.41373861555,0.812186561827,0.773072221723,,-0.0262835860665,-0.0859429713625,-0.470584732256,0.8777659076
1542728632665673889,,5800,,1542728632,640939224,"""/world""","""vicon/obstacle18/obstacle18""",,,0.413742943971,0.812190814443,0.773077693246,,-0.0261099211407,-0.0859558502705,-0.470695001534,0.877710703679
1542728632681534552,,5801,,1542728632,656580673,"""/world""","""vicon/obstacle18/obstacle18""",,,0.413718587761,0.81223235309,0.773028241596,,-0.0262065238746,-0.0859217910351,-0.47062625541,0.877748022869
1542728632702070897,,5802,,1542728632,673348556,"""/world""","""vicon/obstacle18/obstacle18""",,,0.413719883193,0.812250266939,0.773008324175,,-0.026256130362,-0.085833786597,-0.470701049994,0.877715043868
1542728632718250986,,5803,,1542728632,689999098,"""/world""","""vicon/obstacle18/obstacle18""",,,0.413734448441,0.812239090916,0.773045916013,,-0.0262303582917,-0.0858386247373,-0.470773274323,0.877676605015
1542728632737803149,,5804,,1542728632,706587524,"""/world""","""vicon/obstacle18/obstacle18""",,,0.413731578625,0.812194773183,0.773074391752,,-0.0263216291315,-0.0858872178667,-0.470663819198,0.877727820537
1542728632753264333,,5805,,1542728632,723362994,"""/world""","""vicon/obstacle18/obstacle18""",,,0.413742437822,0.812171752041,0.773068284539,,-0.0262515707478,-0.0859606174696,-0.470651733238,0.877729214096
1542728632769737298,,5806,,1542728632,740002040,"""/world""","""vicon/obstacle18/obstacle18""",,,0.413729966484,0.812235856028,0.773037825937,,-0.0261437735757,-0.0858479691483,-0.470631217911,0.877754456567
1542728632784949787,,5807,,1542728632,756632184,"""/world""","""vicon/obstacle18/obstacle18""",,,0.413718749227,0.81226857601,0.773014378412,,-0.0262343419204,-0.0857279279527,-0.470758902977,0.877695013624
1542728632803893279,,5808,,1542728632,773313148,"""/world""","""vicon/obstacle18/obstacle18""",,,0.413730645066,0.812238666165,0.773038291492,,-0.0261695053806,-0.0858956766488,-0.470644288782,0.87774201401
1542728632822476276,,5809,,1542728632,790012286,"""/world""","""vicon/obstacle18/obstacle18""",,,0.413741925998,0.812193765132,0.773074422521,,-0.0260950276929,-0.0858949178454,-0.470701182307,0.877713797085
1542728632839053320,,5810,,1542728632,806646135,"""/world""","""vicon/obstacle18/obstacle18""",,,0.413735492812,0.812173890168,0.773063964542,,-0.0263124694138,-0.0859509098629,-0.470632511065,0.877738648218
1542728632852752214,,5811,,1542728632,823283200,"""/world""","""vicon/obstacle18/obstacle18""",,,0.413721542925,0.812223575128,0.773048173975,,-0.0262296457158,-0.0858528552871,-0.470650724549,0.877740957462
1542728632866915800,,5812,,1542728632,839997760,"""/world""","""vicon/obstacle18/obstacle18""",,,0.413731806358,0.812263229248,0.773004108036,,-0.0262558220714,-0.0859069374771,-0.470671267379,0.87772386772
1542728632888296682,,5813,,1542728632,856649931,"""/world""","""vicon/obstacle18/obstacle18""",,,0.413725593779,0.812243072912,0.77304100812,,-0.0260630782006,-0.0859314067782,-0.47071070836,0.877706066015
1542728632905228211,,5814,,1542728632,873336910,"""/world""","""vicon/obstacle18/obstacle18""",,,0.413737230026,0.812178273246,0.773069406942,,-0.0262135283871,-0.0859804503345,-0.470677938755,0.877714356189
1542728632917516489,,5815,,1542728632,889992033,"""/world""","""vicon/obstacle18/obstacle18""",,,0.413737622017,0.812180475739,0.773075554282,,-0.026201770253,-0.08596417065,-0.470689134329,0.877710298119
1542728632934495906,,5816,,1542728632,906656718,"""/world""","""vicon/obstacle18/obstacle18""",,,0.413722937386,0.812225166523,0.773045421588,,-0.0262688610553,-0.0858551380626,-0.470682441862,0.877722553618
1542728632954373356,,5817,,1542728632,923338164,"""/world""","""vicon/obstacle18/obstacle18""",,,0.413725908793,0.81224091989,0.773021425714,,-0.0261916127804,-0.0859068904323,-0.470654855556,0.877734591171
1542728632970811403,,5818,,1542728632,939961174,"""/world""","""vicon/obstacle18/obstacle18""",,,0.413730447982,0.812246405979,0.773044425313,,-0.0262107533828,-0.0858448610741,-0.470744292386,0.877692125645
1542728632987603899,,5819,,1542728632,956592389,"""/world""","""vicon/obstacle18/obstacle18""",,,0.413733359036,0.812190152279,0.77307584615,,-0.0261996268428,-0.0858725845551,-0.470729115204,0.877697885878
1542728633002619293,,5820,,1542728632,973313904,"""/world""","""vicon/obstacle18/obstacle18""",,,0.413730795545,0.812177893928,0.773071905383,,-0.026208631763,-0.0859843512736,-0.470653722772,0.877727105767
1542728633019195517,,5821,,1542728632,990006448,"""/world""","""vicon/obstacle18/obstacle18""",,,0.41373189242,0.812221749262,0.773042588388,,-0.0262366482656,-0.0858983873401,-0.470703947638,0.877707752625
1542728633036875904,,5822,,1542728633,6622516,"""/world""","""vicon/obstacle18/obstacle18""",,,0.413725773791,0.812247870286,0.773035882849,,-0.0262108676339,-0.085884127488,-0.470728936571,0.877696516649
1542728633054649231,,5823,,1542728633,23282767,"""/world""","""vicon/obstacle18/obstacle18""",,,0.413722621978,0.812223579076,0.77304170989,,-0.0262435776869,-0.0858843796469,-0.470683574543,0.877719841759
1542728633067467499,,5824,,1542728633,39939459,"""/world""","""vicon/obstacle18/obstacle18""",,,0.413740929037,0.812182640232,0.773059933971,,-0.026221192378,-0.0859352071858,-0.470757919714,0.877675663479
1542728633084287003,,5825,,1542728633,56544474,"""/world""","""vicon/obstacle18/obstacle18""",,,0.413728058481,0.812195654325,0.773077321227,,-0.0261999940535,-0.0858406548605,-0.470750186864,0.877689696791
1542728633102933088,,5826,,1542728633,73287778,"""/world""","""vicon/obstacle18/obstacle18""",,,0.41373091358,0.812216986352,0.773041323588,,-0.0262778732461,-0.0859584170032,-0.470654693596,0.877727055137
1542728633119356546,,5827,,1542728633,89934189,"""/world""","""vicon/obstacle18/obstacle18""",,,0.413727085209,0.812245911612,0.773032279978,,-0.0262233717853,-0.0858338159671,-0.470671136108,0.877732061875
1542728633135838893,,5828,,1542728633,106618995,"""/world""","""vicon/obstacle18/obstacle18""",,,0.413721994949,0.812220205009,0.773048790791,,-0.0261079350039,-0.085838470115,-0.470758610859,0.877688135433
1542728633151887784,,5829,,1542728633,123331443,"""/world""","""vicon/obstacle18/obstacle18""",,,0.413735354883,0.812181842868,0.773056979212,,-0.0262891531505,-0.0860259379425,-0.47067935107,0.877706879832
1542728633168930010,,5830,,1542728633,140070152,"""/world""","""vicon/obstacle18/obstacle18""",,,0.413737501607,0.812200424063,0.77307784111,,-0.0261696011528,-0.0857821528716,-0.470801738329,0.877668671772
1542728633185610247,,5831,,1542728633,156633869,"""/world""","""vicon/obstacle18/obstacle18""",,,0.413725663786,0.812225736407,0.773038993016,,-0.0262507311924,-0.0859233247119,-0.470707867126,0.877702788652
1542728633201422468,,5832,,1542728633,173400199,"""/world""","""vicon/obstacle18/obstacle18""",,,0.413719120191,0.812246515889,0.773037364184,,-0.0261130705155,-0.085808426369,-0.470723971604,0.877709498678
1542728633220290797,,5833,,1542728633,189979744,"""/world""","""vicon/obstacle18/obstacle18""",,,0.413733744002,0.812214325915,0.773035016701,,-0.0262627000343,-0.0859649576579,-0.470697849396,0.877703726331
1542728633236812752,,5834,,1542728633,206652913,"""/world""","""vicon/obstacle18/obstacle18""",,,0.41373122529,0.812186321767,0.773074499805,,-0.0262072615846,-0.0858992819515,-0.47069559718,0.877713021207
1542728633252539269,,5835,,1542728633,223329389,"""/world""","""vicon/obstacle18/obstacle18""",,,0.413733722767,0.812200991181,0.773067310333,,-0.0261648184702,-0.0858593556116,-0.470723612024,0.877703169877
1542728633269015586,,5836,,1542728633,240039664,"""/world""","""vicon/obstacle18/obstacle18""",,,0.413726639383,0.812234230683,0.773037672831,,-0.0262625304428,-0.0859733701558,-0.470632931472,0.87773771876
1542728633286930651,,5837,,1542728633,256660588,"""/world""","""vicon/obstacle18/obstacle18""",,,0.413719401683,0.81225518315,0.773030639011,,-0.0262464764805,-0.0858343074111,-0.470665534628,0.877734326922
1542728633305443714,,5838,,1542728633,273333498,"""/world""","""vicon/obstacle18/obstacle18""",,,0.413728197057,0.812212326325,0.773043023546,,-0.0262552430539,-0.0858845054394,-0.470681959531,0.877720346642
1542728633317942073,,5839,,1542728633,289954099,"""/world""","""vicon/obstacle18/obstacle18""",,,0.41373206327,0.812184787448,0.773067217387,,-0.0261321398442,-0.0859633988669,-0.470612207237,0.87775369878
1542728633334364210,,5840,,1542728633,306667012,"""/world""","""vicon/obstacle18/obstacle18""",,,0.413737892197,0.812201148608,0.77306451945,,-0.0262420432809,-0.0858636375561,-0.47070316394,0.877711411779
1542728633350927641,,5841,,1542728633,323336105,"""/world""","""vicon/obstacle18/obstacle18""",,,0.413726968211,0.812236086711,0.773034964559,,-0.0262189164764,-0.0858313741685,-0.470740653465,0.877695152546
1542728633367878300,,5842,,1542728633,340011271,"""/world""","""vicon/obstacle18/obstacle18""",,,0.413719811766,0.812254601082,0.773019071547,,-0.0261276274518,-0.0858699069484,-0.470654112626,0.877740515433
1542728633384542265,,5843,,1542728633,356632920,"""/world""","""vicon/obstacle18/obstacle18""",,,0.413723076205,0.812221814595,0.773042760103,,-0.0261570101688,-0.0857859143803,-0.470729760204,0.877707286384
1542728633401079379,,5844,,1542728633,373311650,"""/world""","""vicon/obstacle18/obstacle18""",,,0.413730145681,0.812188907812,0.773080942506,,-0.0262106895156,-0.0858128956354,-0.470701133217,0.877718400107
1542728633418185618,,5845,,1542728633,390020545,"""/world""","""vicon/obstacle18/obstacle18""",,,0.413733798922,0.812193069153,0.773072204536,,-0.0261798444031,-0.0859181173457,-0.470713099753,0.877702609418
1542728633434140390,,5846,,1542728633,406685980,"""/world""","""vicon/obstacle18/obstacle18""",,,0.413726503593,0.812245408141,0.773039307627,,-0.0261621558051,-0.0858145626353,-0.470731562091,0.877703366118
1542728633453335386,,5847,,1542728633,423575627,"""/world""","""vicon/obstacle18/obstacle18""",,,0.41371140094,0.81225304867,0.77302887744,,-0.0260529814568,-0.0858715470208,-0.470684754015,0.877726142887
1542728633471951119,,5848,,1542728633,440029257,"""/world""","""vicon/obstacle18/obstacle18""",,,0.413725621211,0.812225835412,0.773040337289,,-0.0261368450219,-0.0859282210613,-0.470632662431,0.877746035713
1542728633484608959,,5849,,1542728633,456658333,"""/world""","""vicon/obstacle18/obstacle18""",,,0.413733303866,0.812201412108,0.773087057893,,-0.026086578739,-0.0858970540111,-0.470619171395,0.877757815139
1542728633500853007,,5850,,1542728633,473379191,"""/world""","""vicon/obstacle18/obstacle18""",,,0.41373635711,0.812183185189,0.773065686553,,-0.0262798333689,-0.085927671407,-0.470685182391,0.877713657591
1542728633517524383,,5851,,1542728633,490053528,"""/world""","""vicon/obstacle18/obstacle18""",,,0.413732699188,0.812228973156,0.773033446247,,-0.0261535040322,-0.0858553492986,-0.470674231415,0.877730380644
1542728633533958249,,5852,,1542728633,506605539,"""/world""","""vicon/obstacle18/obstacle18""",,,0.413724884643,0.812255591297,0.773023823105,,-0.0261911217542,-0.0858140794074,-0.470709649419,0.877714301388
1542728633550694751,,5853,,1542728633,523313223,"""/world""","""vicon/obstacle18/obstacle18""",,,0.413719458112,0.812226276015,0.7730460356,,-0.0262067345637,-0.085889614337,-0.470602159019,0.877764085127
1542728633567046849,,5854,,1542728633,539966295,"""/world""","""vicon/obstacle18/obstacle18""",,,0.413740827081,0.812191546539,0.773069850894,,-0.0261631101512,-0.0859279101363,-0.470615599888,0.877754432099
1542728633583208627,,5855,,1542728633,556593172,"""/world""","""vicon/obstacle18/obstacle18""",,,0.413744098391,0.812187170621,0.773073453854,,-0.0261598230831,-0.0859016860806,-0.47069386262,0.877715131279
1542728633604719466,,5856,,1542728633,573329977,"""/world""","""vicon/obstacle18/obstacle18""",,,0.413728705197,0.812217632966,0.773032117787,,-0.0263157042495,-0.0859542310552,-0.470612836338,0.877748775076
1542728633620494389,,5857,,1542728633,590014366,"""/world""","""vicon/obstacle18/obstacle18""",,,0.413730669176,0.812231793666,0.773005695747,,-0.0261817502632,-0.0860189846009,-0.47059671843,0.877755079076
1542728633633725901,,5858,,1542728633,606569429,"""/world""","""vicon/obstacle18/obstacle18""",,,0.413728452418,0.81223868809,0.773053620817,,-0.0261509086984,-0.0858886606451,-0.470663191505,0.877733118954
1542728633650564674,,5859,,1542728633,623268245,"""/world""","""vicon/obstacle18/obstacle18""",,,0.413735068664,0.812189408558,0.773072435322,,-0.0262431473464,-0.0858937260387,-0.470651584809,0.877736094029
1542728633668624291,,5860,,1542728633,639973676,"""/world""","""vicon/obstacle18/obstacle18""",,,0.413737291324,0.812183850088,0.773066713814,,-0.0262705092019,-0.0859410054782,-0.470633354142,0.877740422843
1542728633684675225,,5861,,1542728633,656629575,"""/world""","""vicon/obstacle18/obstacle18""",,,0.413737323565,0.812206061837,0.773035915087,,-0.026210114326,-0.0858902487321,-0.470703009724,0.877709844833
1542728633701890653,,5862,,1542728633,673386638,"""/world""","""vicon/obstacle18/obstacle18""",,,0.413728260645,0.812235668207,0.77302124502,,-0.0262680259779,-0.0859679432259,-0.470680284397,0.877712694126
1542728633716385555,,5863,,1542728633,689938475,"""/world""","""vicon/obstacle18/obstacle18""",,,0.413731133808,0.812230520012,0.773041620594,,-0.0263241605743,-0.0859065592629,-0.470687158216,0.87771333631
1542728633732361271,,5864,,1542728633,706590581,"""/world""","""vicon/obstacle18/obstacle18""",,,0.413738929277,0.812192406113,0.773067352258,,-0.0261803691908,-0.0859181257453,-0.470685530243,0.877717377951
1542728633749014853,,5865,,1542728633,723325374,"""/world""","""vicon/obstacle18/obstacle18""",,,0.413732198577,0.812188129686,0.773076313398,,-0.0260746886851,-0.0858677135158,-0.470634269071,0.877752944262
1542728633766827987,,5866,,1542728633,739940529,"""/world""","""vicon/obstacle18/obstacle18""",,,0.413730144495,0.812205629368,0.773040143876,,-0.0261740288056,-0.0859759065561,-0.470640388956,0.877736115237
1542728633787024254,,5867,,1542728633,756720983,"""/world""","""vicon/obstacle18/obstacle18""",,,0.413732440446,0.812241871216,0.773021483739,,-0.0262141514307,-0.08588010412,-0.470756043625,0.877682273589
1542728633801078158,,5868,,1542728633,773336045,"""/world""","""vicon/obstacle18/obstacle18""",,,0.413731776136,0.812230384198,0.773044285035,,-0.0261281875313,-0.08593386276,-0.470675758261,0.877722632517
1542728633817873275,,5869,,1542728633,789969431,"""/world""","""vicon/obstacle18/obstacle18""",,,0.41374389952,0.812184969967,0.773060007374,,-0.0262457113033,-0.0859653816609,-0.470670132241,0.877719056652
1542728633834304490,,5870,,1542728633,806593772,"""/world""","""vicon/obstacle18/obstacle18""",,,0.413733707217,0.812192570631,0.77307410724,,-0.0262015934063,-0.0858003422894,-0.470748146582,0.877694685102
1542728633852101212,,5871,,1542728633,823318689,"""/world""","""vicon/obstacle18/obstacle18""",,,0.413726460661,0.812217390331,0.773036535565,,-0.0261463130814,-0.0857965229964,-0.470752138776,0.877694565776
1542728633868859778,,5872,,1542728633,840026225,"""/world""","""vicon/obstacle18/obstacle18""",,,0.413721289674,0.81224826517,0.773025358404,,-0.0260869099789,-0.0858212219535,-0.470713502679,0.877714640066
1542728633886101459,,5873,,1542728633,856621242,"""/world""","""vicon/obstacle18/obstacle18""",,,0.413736204622,0.812238490671,0.773043292509,,-0.0261450887402,-0.0859642905908,-0.470644602884,0.877735855969
1542728633902701378,,5874,,1542728633,873335633,"""/world""","""vicon/obstacle18/obstacle18""",,,0.41373814421,0.81218923259,0.773070214065,,-0.0263372989543,-0.0858195366243,-0.470731198636,0.877697836643
1542728633919734797,,5875,,1542728633,890024304,"""/world""","""vicon/obstacle18/obstacle18""",,,0.413731097965,0.812179724472,0.77306294071,,-0.0262489790132,-0.0858498145271,-0.470665876338,0.87773255226
1542728633936243760,,5876,,1542728633,906658375,"""/world""","""vicon/obstacle18/obstacle18""",,,0.413729104789,0.812230737911,0.773028372797,,-0.0261730143285,-0.0857743809501,-0.47078149678,0.877680187302
1542728633952599260,,5877,,1542728633,923300015,"""/world""","""vicon/obstacle18/obstacle18""",,,0.413715898627,0.812269020694,0.773026222164,,-0.0261730483948,-0.0858228747413,-0.470729410759,0.877703382445
1542728633968462745,,5878,,1542728633,939959629,"""/world""","""vicon/obstacle18/obstacle18""",,,0.413730497753,0.812234060337,0.773040869923,,-0.0261949667283,-0.0859740753698,-0.470714300607,0.877696034676
1542728633985821294,,5879,,1542728633,956618652,"""/world""","""vicon/obstacle18/obstacle18""",,,0.413740719151,0.812189946136,0.773070595145,,-0.0262601917105,-0.0859223860061,-0.470731880198,0.877689719023
1542728634005296678,,5880,,1542728633,974097468,"""/world""","""vicon/obstacle18/obstacle18""",,,0.413732651334,0.812173546342,0.773059979057,,-0.02629824554,-0.0859271009838,-0.470724462205,0.877692096512
1542728634021326679,,5881,,1542728633,990003889,"""/world""","""vicon/obstacle18/obstacle18""",,,0.413722583703,0.81223088709,0.773032530745,,-0.0262151208374,-0.0859441647227,-0.470652020702,0.877731760505
1542728634035586495,,5882,,1542728634,6643697,"""/world""","""vicon/obstacle18/obstacle18""",,,0.413719964648,0.812285530103,0.773028090742,,-0.0260945938101,-0.0857299677102,-0.470766098408,0.877695120985
1542728634052628765,,5883,,1542728634,23323642,"""/world""","""vicon/obstacle18/obstacle18""",,,0.413728274249,0.812239317689,0.773043342138,,-0.0261708534172,-0.0859028516893,-0.470663619202,0.877730906407
1542728634068826492,,5884,,1542728634,39987243,"""/world""","""vicon/obstacle18/obstacle18""",,,0.413736032908,0.812179793189,0.773079094586,,-0.0262034337246,-0.0859137885272,-0.470670043362,0.877725419071
1542728634087427311,,5885,,1542728634,56619118,"""/world""","""vicon/obstacle18/obstacle18""",,,0.413738001422,0.812170969572,0.773066644017,,-0.0262273322395,-0.0859478395786,-0.470664946201,0.877724104906
1542728634104549577,,5886,,1542728634,73324747,"""/world""","""vicon/obstacle18/obstacle18""",,,0.413726668993,0.812225364505,0.773032439163,,-0.0262611995639,-0.0858920686126,-0.470675776216,0.877722744169
1542728634117524655,,5887,,1542728634,89939404,"""/world""","""vicon/obstacle18/obstacle18""",,,0.413717630984,0.812269362874,0.773023258312,,-0.0261117452328,-0.0858071298669,-0.470721662293,0.877710903358
1542728634135090363,,5888,,1542728634,106556365,"""/world""","""vicon/obstacle18/obstacle18""",,,0.413728847101,0.812244557615,0.773043580371,,-0.0261984355807,-0.0858964053033,-0.470719675395,0.877700653256
1542728634155020962,,5889,,1542728634,123258825,"""/world""","""vicon/obstacle18/obstacle18""",,,0.413728961976,0.812177938709,0.773075271675,,-0.0263264817748,-0.0859130574011,-0.470685964054,0.877713271045
1542728634167095696,,5890,,1542728634,140396459,"""/world""","""vicon/obstacle18/obstacle18""",,,0.413741198471,0.81215924585,0.773054935819,,-0.0263094968738,-0.0859157711162,-0.470649557971,0.877733036993
1542728634181603805,,5891,,1542728634,156607559,"""/world""","""vicon/obstacle18/obstacle18""",,,0.413729935368,0.812228751396,0.773031384708,,-0.0261603107633,-0.0858412337515,-0.470653007038,0.877742939416
1542728634199718149,,5892,,1542728634,173344622,"""/world""","""vicon/obstacle18/obstacle18""",,,0.413718164136,0.812264202824,0.773016845672,,-0.0263164464093,-0.0859244772874,-0.47061207284,0.877752075331
1542728634218038697,,5893,,1542728634,190002988,"""/world""","""vicon/obstacle18/obstacle18""",,,0.413724241131,0.812231085032,0.773044155084,,-0.0262437878504,-0.0858364525808,-0.470709285356,0.877710735771
1542728634236559494,,5894,,1542728634,206677405,"""/world""","""vicon/obstacle18/obstacle18""",,,0.413731116341,0.812186558103,0.773082394091,,-0.0261720745138,-0.08576362279,-0.470739939914,0.877703556157
1542728634253200169,,5895,,1542728634,223325340,"""/world""","""vicon/obstacle18/obstacle18""",,,0.413732426744,0.812173951743,0.773061292753,,-0.0262628961275,-0.085873133076,-0.470679032535,0.877722799997
1542728634268360077,,5896,,1542728634,239949000,"""/world""","""vicon/obstacle18/obstacle18""",,,0.413728305571,0.812237288561,0.773036796814,,-0.0261804563968,-0.0858415660827,-0.470694596765,0.877720004222
1542728634285352104,,5897,,1542728634,256648516,"""/world""","""vicon/obstacle18/obstacle18""",,,0.413726281539,0.812258312363,0.773018266784,,-0.0262586061513,-0.0858953801294,-0.470654766131,0.877733763959
1542728634300796134,,5898,,1542728634,273293838,"""/world""","""vicon/obstacle18/obstacle18""",,,0.413727568053,0.812228346693,0.773053253123,,-0.0261465376899,-0.0858298103454,-0.470710691431,0.877713533674
1542728634317683911,,5899,,1542728634,289994637,"""/world""","""vicon/obstacle18/obstacle18""",,,0.413731431861,0.812179811161,0.77307915077,,-0.0261809389567,-0.0858870653311,-0.470695975686,0.877714799304
1542728634334771586,,5900,,1542728634,306653174,"""/world""","""vicon/obstacle18/obstacle18""",,,0.413731433808,0.812182720265,0.773059618134,,-0.0263027543394,-0.0858799777676,-0.470682840857,0.877718894553
1542728634351773633,,5901,,1542728634,323326871,"""/world""","""vicon/obstacle18/obstacle18""",,,0.413724743984,0.812241921282,0.773024267876,,-0.0261965708774,-0.0858169310466,-0.470700311115,0.877718867939
1542728634368998002,,5902,,1542728634,340028446,"""/world""","""vicon/obstacle18/obstacle18""",,,0.413725570784,0.812252240345,0.773015340628,,-0.0262096301209,-0.085937581428,-0.470622335125,0.877748486224
1542728634385449323,,5903,,1542728634,356640738,"""/world""","""vicon/obstacle18/obstacle18""",,,0.413731710889,0.812219630305,0.773051237987,,-0.0262098732201,-0.0859543564074,-0.470711765281,0.877698880703
1542728634402198659,,5904,,1542728634,373295058,"""/world""","""vicon/obstacle18/obstacle18""",,,0.413734178014,0.812178624029,0.773080903248,,-0.0261804359845,-0.0858728410155,-0.470723001308,0.877701712421
1542728634418852210,,5905,,1542728634,390018452,"""/world""","""vicon/obstacle18/obstacle18""",,,0.413729217966,0.812181207733,0.773060631466,,-0.0261931772757,-0.0859498393224,-0.470671845319,0.87772122944
1542728634435119465,,5906,,1542728634,406625687,"""/world""","""vicon/obstacle18/obstacle18""",,,0.413729338896,0.812235601482,0.773029218528,,-0.0261253017416,-0.0859170352544,-0.47064522262,0.877740739676
1542728634452424996,,5907,,1542728634,423329058,"""/world""","""vicon/obstacle18/obstacle18""",,,0.41373110977,0.812249346149,0.77302782767,,-0.0262606898889,-0.0859249279946,-0.470714381098,0.877698840345
1542728634468268174,,5908,,1542728634,439977482,"""/world""","""vicon/obstacle18/obstacle18""",,,0.413725880711,0.812208858052,0.773050484204,,-0.0261537239622,-0.0859646572807,-0.470620114218,0.877748693258
1542728634485880777,,5909,,1542728634,456663662,"""/world""","""vicon/obstacle18/obstacle18""",,,0.413738097885,0.812175433674,0.773074375825,,-0.0260855188264,-0.0859447085036,-0.470650501135,0.8777363833
1542728634501293664,,5910,,1542728634,473370987,"""/world""","""vicon/obstacle18/obstacle18""",,,0.41373273135,0.812182894608,0.773066774499,,-0.0261335915116,-0.0859153075109,-0.470709766982,0.877706050223
1542728634519332799,,5911,,1542728634,490038638,"""/world""","""vicon/obstacle18/obstacle18""",,,0.413723283555,0.812228731901,0.773032934987,,-0.0261589121566,-0.0859402911681,-0.470643623223,0.87773831954
1542728634536498889,,5912,,1542728634,506598824,"""/world""","""vicon/obstacle18/obstacle18""",,,0.413724322423,0.812249394399,0.773023132748,,-0.0262007390801,-0.08585088713,-0.470715900696,0.877707062341
1542728634552873410,,5913,,1542728634,523333926,"""/world""","""vicon/obstacle18/obstacle18""",,,0.413730467911,0.812218075323,0.773054731561,,-0.0261628549614,-0.0858201038978,-0.470672413022,0.877734523878
1542728634569376378,,5914,,1542728634,540028204,"""/world""","""vicon/obstacle18/obstacle18""",,,0.413729714376,0.812178307312,0.773076873946,,-0.0261958055518,-0.0858635157228,-0.470697330998,0.877715932993
1542728634586416990,,5915,,1542728634,556667579,"""/world""","""vicon/obstacle18/obstacle18""",,,0.413733824611,0.812194118705,0.773064491754,,-0.0261498434186,-0.085923780553,-0.470652698476,0.877735339975
1542728634602604217,,5916,,1542728634,573339344,"""/world""","""vicon/obstacle18/obstacle18""",,,0.413726666532,0.812233003348,0.773039616056,,-0.0261759645966,-0.0858848814944,-0.470651855025,0.877738820703
1542728634621369323,,5917,,1542728634,590001557,"""/world""","""vicon/obstacle18/obstacle18""",,,0.4137241953,0.812250532384,0.773028171941,,-0.0261433725115,-0.0858415638225,-0.470648667263,0.877745738809
1542728634637044889,,5918,,1542728634,606584815,"""/world""","""vicon/obstacle18/obstacle18""",,,0.413730868151,0.812223270932,0.773042596212,,-0.0262543607332,-0.0859468476737,-0.470581400525,0.877768188873
1542728634649929913,,5919,,1542728634,623273380,"""/world""","""vicon/obstacle18/obstacle18""",,,0.41373906232,0.812183558098,0.773060398242,,-0.0262211434243,-0.0859897063749,-0.470637352066,0.87773498556
1542728634665613925,,5920,,1542728634,639995514,"""/world""","""vicon/obstacle18/obstacle18""",,,0.413740666154,0.812203805875,0.773059960826,,-0.0262063559421,-0.0859694724122,-0.470659171675,0.877725709342
1542728634689037583,,5921,,1542728634,656585040,"""/world""","""vicon/obstacle18/obstacle18""",,,0.413729938299,0.81223175473,0.773035263464,,-0.0263106659836,-0.0859948976925,-0.470578167767,0.877763529914
1542728634705914713,,5922,,1542728634,673309004,"""/world""","""vicon/obstacle18/obstacle18""",,,0.413732062406,0.81224763462,0.773020252102,,-0.0263556338826,-0.0859230434167,-0.470639630811,0.877736263967
1542728634718662105,,5923,,1542728634,689990318,"""/world""","""vicon/obstacle18/obstacle18""",,,0.413731157267,0.81223214191,0.773033432172,,-0.0262255539272,-0.0859395954393,-0.470621900327,0.877748046531
1542728634734020813,,5924,,1542728634,706557816,"""/world""","""vicon/obstacle18/obstacle18""",,,0.413742419094,0.812190234003,0.77305119762,,-0.0263064058799,-0.0860178729101,-0.470599181455,0.877750140395
1542728634750826603,,5925,,1542728634,723353032,"""/world""","""vicon/obstacle18/obstacle18""",,,0.413740839715,0.812200080202,0.773058422549,,-0.02629492176,-0.0859486775523,-0.470655266423,0.877727191162
1542728634767056946,,5926,,1542728634,739967024,"""/world""","""vicon/obstacle18/obstacle18""",,,0.413735327444,0.812227231303,0.773040669843,,-0.0262566382801,-0.085936780219,-0.470626314363,0.877745026178
1542728634783623440,,5927,,1542728634,756595637,"""/world""","""vicon/obstacle18/obstacle18""",,,0.413727317809,0.812238373188,0.77302382397,,-0.0263066617619,-0.0859257397975,-0.47060471018,0.877756192541
1542728634800719714,,5928,,1542728634,773227905,"""/world""","""vicon/obstacle18/obstacle18""",,,0.413726868138,0.812237584792,0.773036219299,,-0.026265887639,-0.0858845658573,-0.470620199,0.877753138865
1542728634817555405,,5929,,1542728634,789971559,"""/world""","""vicon/obstacle18/obstacle18""",,,0.413738206981,0.812198856867,0.77306176575,,-0.0263084596143,-0.0859249055728,-0.470638739546,0.877737974793
1542728634834777618,,5930,,1542728634,806625572,"""/world""","""vicon/obstacle18/obstacle18""",,,0.413736926505,0.812187814606,0.773072087196,,-0.0262669600102,-0.0859439636746,-0.470619911117,0.877747447265
1542728634852136684,,5931,,1542728634,823362808,"""/world""","""vicon/obstacle18/obstacle18""",,,0.413732251196,0.812219339781,0.773039273565,,-0.026286722988,-0.0860126693104,-0.470567685554,0.877768125547
1542728634868370174,,5932,,1542728634,840006854,"""/world""","""vicon/obstacle18/obstacle18""",,,0.413720934242,0.812248842055,0.773028307797,,-0.0261613531199,-0.0858574589495,-0.4706462275,0.877744956628
1542728634885800497,,5933,,1542728634,856610878,"""/world""","""vicon/obstacle18/obstacle18""",,,0.41372645708,0.812237881623,0.773043459337,,-0.0262709857503,-0.0858094572999,-0.470742970454,0.877694495889
1542728634902262207,,5934,,1542728634,873336204,"""/world""","""vicon/obstacle18/obstacle18""",,,0.41373522002,0.812210769132,0.773068335673,,-0.0262372164364,-0.0858515685873,-0.470661438131,0.877735112264
1542728634919318902,,5935,,1542728634,889994601,"""/world""","""vicon/obstacle18/obstacle18""",,,0.413740911746,0.812186465885,0.77306441963,,-0.0262810966822,-0.0859470985427,-0.470645248531,0.877733131564
1542728634936031649,,5936,,1542728634,906653906,"""/world""","""vicon/obstacle18/obstacle18""",,,0.413732141354,0.812212146683,0.77304617674,,-0.0262694665608,-0.0858868318533,-0.470678107392,0.877721759137
1542728634955042242,,5937,,1542728634,923376513,"""/world""","""vicon/obstacle18/obstacle18""",,,0.413730969147,0.812252062502,0.773018318479,,-0.0260858566824,-0.0858211761799,-0.470667041993,0.877739590871
1542728634971722124,,5938,,1542728634,939972423,"""/world""","""vicon/obstacle18/obstacle18""",,,0.413728382939,0.812246291721,0.773034231703,,-0.02626345101,-0.0857162273665,-0.470745730522,0.877702350858
1542728634987678835,,5939,,1542728634,956618396,"""/world""","""vicon/obstacle18/obstacle18""",,,0.413737664831,0.812199152674,0.77305950338,,-0.0263070069487,-0.0858898933884,-0.470605805727,0.87775910318
1542728635004700274,,5940,,1542728634,973212986,"""/world""","""vicon/obstacle18/obstacle18""",,,0.413741812416,0.812182769196,0.773074372868,,-0.0262897324453,-0.0859061656977,-0.470621873065,0.877749413703
1542728635018473316,,5941,,1542728634,989928811,"""/world""","""vicon/obstacle18/obstacle18""",,,0.41373345111,0.812206882105,0.773043574866,,-0.0262955035148,-0.0858298111847,-0.470652770986,0.877740143305
1542728635036836494,,5942,,1542728635,6617183,"""/world""","""vicon/obstacle18/obstacle18""",,,0.413725080484,0.812248215707,0.773007807148,,-0.026265289183,-0.0858609734939,-0.470622624849,0.877754164214
1542728635054872233,,5943,,1542728635,23349328,"""/world""","""vicon/obstacle18/obstacle18""",,,0.413735909862,0.812247862197,0.773035769703,,-0.0261682306718,-0.0856963809728,-0.470742586309,0.877708819271
1542728635071588723,,5944,,1542728635,39998239,"""/world""","""vicon/obstacle18/obstacle18""",,,0.413738372552,0.812200475677,0.773066453098,,-0.0262480770845,-0.0859636621621,-0.470609405989,0.877751715596
1542728635089000274,,5945,,1542728635,56624606,"""/world""","""vicon/obstacle18/obstacle18""",,,0.413738583286,0.812170268767,0.773065015394,,-0.0263459492255,-0.0859934882662,-0.470614432349,0.877743166877
1542728635105275579,,5946,,1542728635,73371173,"""/world""","""vicon/obstacle18/obstacle18""",,,0.413734588025,0.812203891058,0.773044709685,,-0.0261946701989,-0.0859195364094,-0.47064607178,0.877737972082
1542728635121013186,,5947,,1542728635,89935998,"""/world""","""vicon/obstacle18/obstacle18""",,,0.413727964851,0.812259767674,0.773019143198,,-0.0261283505415,-0.0858567067627,-0.470739932017,0.877695762555
1542728635133580937,,5948,,1542728635,106548589,"""/world""","""vicon/obstacle18/obstacle18""",,,0.413722474687,0.812254080519,0.773028437395,,-0.0261659991859,-0.0858189419309,-0.470730105076,0.877703604793
1542728635150349551,,5949,,1542728635,123312520,"""/world""","""vicon/obstacle18/obstacle18""",,,0.413736855332,0.812198402357,0.773067083318,,-0.0262303388106,-0.0859276966928,-0.470670630606,0.87772293906
1542728635172423116,,5950,,1542728635,139990772,"""/world""","""vicon/obstacle18/obstacle18""",,,0.413730767302,0.812171813605,0.773079512171,,-0.0262592127719,-0.0859505072619,-0.470703977382,0.877701959507
1542728635187978547,,5951,,1542728635,156621563,"""/world""","""vicon/obstacle18/obstacle18""",,,0.4137298766,0.812207726353,0.773044438493,,-0.0262646206065,-0.085753466776,-0.470770584754,0.877685347474
1542728635200185532,,5952,,1542728635,173283600,"""/world""","""vicon/obstacle18/obstacle18""",,,0.413726522705,0.81226972239,0.773019197391,,-0.0261669110131,-0.0857842894375,-0.470711320882,0.877717039169
1542728635217149835,,5953,,1542728635,189966716,"""/world""","""vicon/obstacle18/obstacle18""",,,0.413728089584,0.812258154774,0.773031470908,,-0.0262030664853,-0.0857940308947,-0.470719516266,0.87771061323
1542728635234901760,,5954,,1542728635,206530720,"""/world""","""vicon/obstacle18/obstacle18""",,,0.413733605202,0.812197022921,0.773069189824,,-0.0262540160365,-0.0859491358642,-0.47063686511,0.87773823768
1542728635250710846,,5955,,1542728635,223307194,"""/world""","""vicon/obstacle18/obstacle18""",,,0.413728900976,0.812167684376,0.773079325427,,-0.0262412345795,-0.0858877118376,-0.470638790551,0.877743600029
1542728635267978973,,5956,,1542728635,239862935,"""/world""","""vicon/obstacle18/obstacle18""",,,0.413728510716,0.8122159668,0.773048471316,,-0.0261737822637,-0.0858815130587,-0.470682799975,0.8777226217
1542728635284665640,,5957,,1542728635,256624764,"""/world""","""vicon/obstacle18/obstacle18""",,,0.413721689631,0.812278567893,0.773030337035,,-0.0259954384075,-0.0857028453561,-0.470747495162,0.877710689965
1542728635301161683,,5958,,1542728635,273304705,"""/world""","""vicon/obstacle18/obstacle18""",,,0.413732058116,0.812262731402,0.77302844112,,-0.0261253878802,-0.0858370610057,-0.470684026562,0.877727754036
1542728635317386061,,5959,,1542728635,289883943,"""/world""","""vicon/obstacle18/obstacle18""",,,0.413733723775,0.812199001927,0.773066794767,,-0.0261865456178,-0.0859462655424,-0.470611610677,0.877754074991
1542728635334696260,,5960,,1542728635,306577928,"""/world""","""vicon/obstacle18/obstacle18""",,,0.413736634273,0.812164513984,0.773074988931,,-0.0262768268717,-0.0859147176367,-0.470602100005,0.877759564536
1542728635349854884,,5961,,1542728635,323265275,"""/world""","""vicon/obstacle18/obstacle18""",,,0.413737754378,0.812220081229,0.773041359752,,-0.0262640337695,-0.0859106589882,-0.470569917971,0.877777597973
1542728635366644154,,5962,,1542728635,339985603,"""/world""","""vicon/obstacle18/obstacle18""",,,0.413732255836,0.81228307987,0.773019989902,,-0.0259959712009,-0.0858446705921,-0.470648735325,0.877749776388
1542728635382333571,,5963,,1542728635,356450617,"""/world""","""vicon/obstacle18/obstacle18""",,,0.413732449899,0.812250878426,0.773028207584,,-0.0260834707358,-0.0858062160949,-0.470720296731,0.877712565752
1542728635402601430,,5964,,1542728635,373281769,"""/world""","""vicon/obstacle18/obstacle18""",,,0.413741255983,0.81218944423,0.773056492688,,-0.0262993957736,-0.0858971456025,-0.470673203858,0.877722483095
1542728635419024781,,5965,,1542728635,389967063,"""/world""","""vicon/obstacle18/obstacle18""",,,0.413741246448,0.812166163104,0.773076630623,,-0.0262553515194,-0.0859761292939,-0.470591647079,0.877759798241
1542728635432957378,,5966,,1542728635,406594143,"""/world""","""vicon/obstacle18/obstacle18""",,,0.413731849405,0.812215451165,0.773044916924,,-0.0261851564645,-0.0858315841275,-0.470687299649,0.87772475338
1542728635449886682,,5967,,1542728635,423304847,"""/world""","""vicon/obstacle18/obstacle18""",,,0.413724616715,0.812274837006,0.773007269624,,-0.0261169101083,-0.0857708957205,-0.470704617696,0.877723432143
1542728635467619015,,5968,,1542728635,439938527,"""/world""","""vicon/obstacle18/obstacle18""",,,0.413730640009,0.812242777474,0.773029032264,,-0.0261575305233,-0.0858410643737,-0.470734878433,0.87769913381
1542728635484802117,,5969,,1542728635,456674228,"""/world""","""vicon/obstacle18/obstacle18""",,,0.413736987856,0.812176326362,0.773055017186,,-0.0263674898325,-0.0859852396855,-0.470637930891,0.877730728665
1542728635500828257,,5970,,1542728635,473306221,"""/world""","""vicon/obstacle18/obstacle18""",,,0.413737266336,0.812167553525,0.773065215217,,-0.0262702536892,-0.0859739052948,-0.47064013484,0.877733572821
1542728635517928057,,5971,,1542728635,489962628,"""/world""","""vicon/obstacle18/obstacle18""",,,0.413731023937,0.812227770192,0.773041807473,,-0.0261663504873,-0.0858051711204,-0.470699800092,0.87772119315
1542728635535650319,,5972,,1542728635,506647971,"""/world""","""vicon/obstacle18/obstacle18""",,,0.413718953027,0.812271179912,0.773028702545,,-0.0260513567638,-0.0857480329439,-0.470695124083,0.877732705225
1542728635552517222,,5973,,1542728635,523373441,"""/world""","""vicon/obstacle18/obstacle18""",,,0.413732501096,0.812240387628,0.773025023114,,-0.0262781336999,-0.0858273228088,-0.470655227105,0.877739589826
1542728635569824278,,5974,,1542728635,539974662,"""/world""","""vicon/obstacle18/obstacle18""",,,0.413732672262,0.812178745586,0.773068361004,,-0.026214949067,-0.0858524868265,-0.470636984147,0.877748800116
1542728635584709986,,5975,,1542728635,556594882,"""/world""","""vicon/obstacle18/obstacle18""",,,0.413735980226,0.812181134155,0.77307298401,,-0.0262482058637,-0.0859522397124,-0.470616544388,0.877749003033
1542728635601405276,,5976,,1542728635,573336804,"""/world""","""vicon/obstacle18/obstacle18""",,,0.413727540229,0.812241057522,0.773049856118,,-0.02612576139,-0.0857907777707,-0.470672155029,0.877738633946
1542728635617845072,,5977,,1542728635,590003740,"""/world""","""vicon/obstacle18/obstacle18""",,,0.413723977933,0.812272751872,0.773024244833,,-0.0260912632834,-0.0858542405277,-0.470713381821,0.877711346365
1542728635633509392,,5978,,1542728635,606643899,"""/world""","""vicon/obstacle18/obstacle18""",,,0.413729288959,0.81223058147,0.773042693565,,-0.0262604522188,-0.0858640575783,-0.470664556069,0.87773152383
1542728635651070619,,5979,,1542728635,623344042,"""/world""","""vicon/obstacle18/obstacle18""",,,0.413739928628,0.812173164762,0.773062233475,,-0.0263986374417,-0.086032039155,-0.470586435535,0.877752816498
1542728635668506526,,5980,,1542728635,640008969,"""/world""","""vicon/obstacle18/obstacle18""",,,0.413736113795,0.812182728733,0.773064096029,,-0.0262678225539,-0.0860812792801,-0.470551368938,0.877770712684
1542728635686456860,,5981,,1542728635,656653752,"""/world""","""vicon/obstacle18/obstacle18""",,,0.413727029347,0.812256224862,0.773040854964,,-0.0262575835817,-0.0859008618002,-0.470657727638,0.87773167008
1542728635703288456,,5982,,1542728635,673301696,"""/world""","""vicon/obstacle18/obstacle18""",,,0.413735148695,0.812267177063,0.773026297887,,-0.0261310997589,-0.0858828847661,-0.470653138862,0.877739664484
1542728635718474728,,5983,,1542728635,689957643,"""/world""","""vicon/obstacle18/obstacle18""",,,0.413736569154,0.812220275766,0.773048436008,,-0.0263104941762,-0.0858950030855,-0.470649692478,0.877734967579
1542728635735056162,,5984,,1542728635,706624972,"""/world""","""vicon/obstacle18/obstacle18""",,,0.413742206882,0.812178025503,0.773063899726,,-0.0263830966752,-0.0861028140988,-0.470527876556,0.877777736672
1542728635751899524,,5985,,1542728635,723331325,"""/world""","""vicon/obstacle18/obstacle18""",,,0.413739543197,0.812192719601,0.773066394476,,-0.0263067812543,-0.0859846312607,-0.470585996484,0.877760454999
1542728635771087780,,5986,,1542728635,739999058,"""/world""","""vicon/obstacle18/obstacle18""",,,0.413733496295,0.812255260557,0.773030625185,,-0.0262165438759,-0.0858613126658,-0.470677746885,0.877726031517
1542728635786851243,,5987,,1542728635,756658859,"""/world""","""vicon/obstacle18/obstacle18""",,,0.413726990299,0.812272489186,0.773042163491,,-0.0262106026318,-0.0858620465536,-0.470663189133,0.877733943554
1542728635802847697,,5988,,1542728635,773293212,"""/world""","""vicon/obstacle18/obstacle18""",,,0.413732513583,0.81221408795,0.773054820496,,-0.0263124313043,-0.0858926086424,-0.470660830875,0.877729171225
1542728635816691449,,5989,,1542728635,789904870,"""/world""","""vicon/obstacle18/obstacle18""",,,0.413735149185,0.812173362172,0.773076605238,,-0.0263666787828,-0.0859215708125,-0.470598909448,0.877757909874
1542728635832651730,,5990,,1542728635,806549505,"""/world""","""vicon/obstacle18/obstacle18""",,,0.413733342309,0.812196178562,0.773059393988,,-0.0263870466963,-0.0859130968815,-0.470677865626,0.877715791336
1542728635852525855,,5991,,1542728635,823286422,"""/world""","""vicon/obstacle18/obstacle18""",,,0.413726419391,0.812259261322,0.773038334483,,-0.0261225421659,-0.0858754573105,-0.470672019591,0.877730521628
1542728635868965077,,5992,,1542728635,839909192,"""/world""","""vicon/obstacle18/obstacle18""",,,0.413731177166,0.812270584888,0.773042278472,,-0.0260129397977,-0.0856678596734,-0.470786279165,0.877692784596
1542728635887091857,,5993,,1542728635,856604277,"""/world""","""vicon/obstacle18/obstacle18""",,,0.413727136969,0.81221622611,0.773070325169,,-0.0261039680848,-0.0857800050548,-0.470807778916,0.877667595901
1542728635903873030,,5994,,1542728635,873353139,"""/world""","""vicon/obstacle18/obstacle18""",,,0.413733946711,0.81217446143,0.773063631605,,-0.0262102052553,-0.0859821305149,-0.470640709766,0.877734254022
1542728635917498656,,5995,,1542728635,889969531,"""/world""","""vicon/obstacle18/obstacle18""",,,0.413727282292,0.812207502827,0.773062111438,,-0.0260752463697,-0.085972184784,-0.470652702818,0.877732817149
1542728635934782217,,5996,,1542728635,906613827,"""/world""","""vicon/obstacle18/obstacle18""",,,0.413721277018,0.812257927884,0.773032746126,,-0.0261724200874,-0.0857416623711,-0.47077585678,0.877686427167
1542728635951258152,,5997,,1542728635,923325975,"""/world""","""vicon/obstacle18/obstacle18""",,,0.413725378556,0.812253656782,0.773028870036,,-0.0261066529374,-0.0858108272733,-0.470779103931,0.877679884637
1542728635968560999,,5998,,1542728635,939927285,"""/world""","""vicon/obstacle18/obstacle18""",,,0.41373518172,0.812216045939,0.773062929474,,-0.0261300722745,-0.0857457927617,-0.47078206152,0.877683957298
1542728635986476043,,5999,,1542728635,956707038,"""/world""","""vicon/obstacle18/obstacle18""",,,0.413730787712,0.812177518259,0.773075074051,,-0.0262454136194,-0.0859085704441,-0.470729106392,0.877693001102
1542728636000907330,,6000,,1542728635,973405464,"""/world""","""vicon/obstacle18/obstacle18""",,,0.41373240451,0.812194280217,0.773042067673,,-0.0263156917223,-0.0859447849777,-0.47068350368,0.877711807866
1542728636019156917,,6001,,1542728635,990015629,"""/world""","""vicon/obstacle18/obstacle18""",,,0.413729116918,0.812253668027,0.773019184128,,-0.0262365431347,-0.0859496559818,-0.470691472721,0.877709426831
1542728636035689199,,6002,,1542728636,6602777,"""/world""","""vicon/obstacle18/obstacle18""",,,0.413722320185,0.812261278291,0.773034582989,,-0.0261277022811,-0.0857612322466,-0.47078255186,0.877682256333
1542728636052169481,,6003,,1542728636,23261024,"""/world""","""vicon/obstacle18/obstacle18""",,,0.413731964723,0.812219684642,0.773059468702,,-0.0261387190749,-0.0858537998383,-0.470751425691,0.877689573613
1542728636069104664,,6004,,1542728636,40004958,"""/world""","""vicon/obstacle18/obstacle18""",,,0.413736582776,0.812190253169,0.773082585104,,-0.0261422197552,-0.0859175507126,-0.470695693073,0.877713121327
1542728636086071245,,6005,,1542728636,56663524,"""/world""","""vicon/obstacle18/obstacle18""",,,0.413734274468,0.812194348042,0.773045307692,,-0.02633298884,-0.0859786797647,-0.470683055254,0.877708209954
1542728636102658417,,6006,,1542728636,73307983,"""/world""","""vicon/obstacle18/obstacle18""",,,0.41372258234,0.812239635297,0.773034996481,,-0.0262888846683,-0.0858460588756,-0.470656808428,0.877736587706
1542728636119327950,,6007,,1542728636,89991741,"""/world""","""vicon/obstacle18/obstacle18""",,,0.413732288122,0.812257484594,0.77303266858,,-0.0261634392391,-0.0858001394033,-0.470771662179,0.877683230223
1542728636135887238,,6008,,1542728636,106664116,"""/world""","""vicon/obstacle18/obstacle18""",,,0.413726154464,0.812228936333,0.773055878157,,-0.0261686259187,-0.0858655895017,-0.470716311017,0.877706362116
1542728636152278611,,6009,,1542728636,123323270,"""/world""","""vicon/obstacle18/obstacle18""",,,0.41373991197,0.812189284281,0.773068515169,,-0.0263000864972,-0.0859734111184,-0.470632660183,0.877736735702
1542728636169958315,,6010,,1542728636,140003540,"""/world""","""vicon/obstacle18/obstacle18""",,,0.413741695601,0.812191906471,0.773052243422,,-0.0263651022568,-0.0859698157342,-0.470653705601,0.877723852684
1542728636186422371,,6011,,1542728636,156667415,"""/world""","""vicon/obstacle18/obstacle18""",,,0.41372762749,0.812219496858,0.773023637226,,-0.0262168016185,-0.0859542073648,-0.47062231293,0.877746656001
1542728636202841357,,6012,,1542728636,173282719,"""/world""","""vicon/obstacle18/obstacle18""",,,0.413728087837,0.812246122402,0.773035117294,,-0.0261975570711,-0.0858138511626,-0.470732115022,0.877702083192
1542728636220203986,,6013,,1542728636,189975976,"""/world""","""vicon/obstacle18/obstacle18""",,,0.413739883041,0.812237832186,0.773051137329,,-0.0261806698181,-0.0858610964804,-0.470731080631,0.877698521342
1542728636236172188,,6014,,1542728636,206632634,"""/world""","""vicon/obstacle18/obstacle18""",,,0.413736031464,0.812203299765,0.773071305323,,-0.0261867651965,-0.0858969072052,-0.47063814958,0.877744670631
1542728636253133838,,6015,,1542728636,223423744,"""/world""","""vicon/obstacle18/obstacle18""",,,0.413737044648,0.81218947449,0.77306169554,,-0.0263059084822,-0.0859624834507,-0.470634260381,0.877736773511
1542728636270020655,,6016,,1542728636,240015115,"""/world""","""vicon/obstacle18/obstacle18""",,,0.413735192458,0.81221856677,0.773033010832,,-0.0263350861794,-0.0859491079583,-0.470696145358,0.877704023474
1542728636286976130,,6017,,1542728636,256679105,"""/world""","""vicon/obstacle18/obstacle18""",,,0.413725719315,0.812247062339,0.773038004105,,-0.0261728248727,-0.0859646948716,-0.4706522591,0.877730884428
1542728636299520496,,6018,,1542728636,273286255,"""/world""","""vicon/obstacle18/obstacle18""",,,0.413733745412,0.812232644363,0.773053815182,,-0.0260957247493,-0.0859377489146,-0.470637647184,0.877743653645
1542728636315042625,,6019,,1542728636,290639049,"""/world""","""vicon/obstacle18/obstacle18""",,,0.413744462636,0.812210877612,0.773067490839,,-0.0262327724595,-0.0858874498887,-0.47070760958,0.877706974955
1542728636331893650,,6020,,1542728636,306567979,"""/world""","""vicon/obstacle18/obstacle18""",,,0.413735049523,0.812199733142,0.773058589068,,-0.0264196373437,-0.086001251004,-0.470618488084,0.877738016872
1542728636348563841,,6021,,1542728636,323308700,"""/world""","""vicon/obstacle18/obstacle18""",,,0.413723870866,0.812212246093,0.773034066909,,-0.0263360547759,-0.0859824923744,-0.47064279043,0.877729335866
1542728636371516143,,6022,,1542728636,340051527,"""/world""","""vicon/obstacle18/obstacle18""",,,0.413731603521,0.812252618579,0.773033853503,,-0.0262333405278,-0.0857650084808,-0.47076874036,0.87768614451
1542728636387422265,,6023,,1542728636,356742739,"""/world""","""vicon/obstacle18/obstacle18""",,,0.413730607414,0.812248387674,0.773072861059,,-0.0261679992345,-0.0857981333728,-0.470713797404,0.877714325427
1542728636400968117,,6024,,1542728636,373302470,"""/world""","""vicon/obstacle18/obstacle18""",,,0.413733884103,0.812199564576,0.773073903226,,-0.0263323018101,-0.0859484939697,-0.470636790212,0.877735995596
1542728636417879705,,6025,,1542728636,389981292,"""/world""","""vicon/obstacle18/obstacle18""",,,0.413737215055,0.812201471006,0.773066645911,,-0.0262148582436,-0.0858795205087,-0.47072790501,0.877697401505
1542728636434208365,,6026,,1542728636,406613736,"""/world""","""vicon/obstacle18/obstacle18""",,,0.413723273545,0.812226397039,0.773030974259,,-0.026304182464,-0.0858867776513,-0.470658313615,0.87773133887
1542728636452132957,,6027,,1542728636,423328139,"""/world""","""vicon/obstacle18/obstacle18""",,,0.413718556497,0.812248433733,0.773030485966,,-0.026344786074,-0.0858470024361,-0.470643509728,0.877741950217
1542728636471359764,,6028,,1542728636,440001523,"""/world""","""vicon/obstacle18/obstacle18""",,,0.413739185777,0.812242552117,0.773063896201,,-0.0262366288047,-0.0858106909726,-0.470729325568,0.877702721127
1542728636487972296,,6029,,1542728636,456708289,"""/world""","""vicon/obstacle18/obstacle18""",,,0.413731686704,0.812199263469,0.773082579925,,-0.0261890931879,-0.0858540319843,-0.470640871422,0.877747336503
1542728636501940791,,6030,,1542728636,473357599,"""/world""","""vicon/obstacle18/obstacle18""",,,0.413727755177,0.812188203751,0.77306122234,,-0.0263150217544,-0.0858960219345,-0.470661990612,0.877728137659
1542728636518671356,,6031,,1542728636,490006203,"""/world""","""vicon/obstacle18/obstacle18""",,,0.413734260025,0.812239210526,0.7730374462,,-0.0262303781684,-0.0858367673553,-0.47065076262,0.87774248859
1542728636536258597,,6032,,1542728636,506597170,"""/world""","""vicon/obstacle18/obstacle18""",,,0.413722747288,0.812262076851,0.773028626403,,-0.0262298814027,-0.0857845844265,-0.4706449785,0.877750706413
1542728636555948495,,6033,,1542728636,523395483,"""/world""","""vicon/obstacle18/obstacle18""",,,0.413727891605,0.812239439189,0.773055865308,,-0.0262270485151,-0.0858816365254,-0.470605604849,0.877762411543
1542728636570716327,,6034,,1542728636,539953900,"""/world""","""vicon/obstacle18/obstacle18""",,,0.41374136615,0.812201129428,0.773084091863,,-0.0262027204232,-0.0858462346137,-0.470657791963,0.877738619584
1542728636587239045,,6035,,1542728636,556604249,"""/world""","""vicon/obstacle18/obstacle18""",,,0.413729228482,0.812193042808,0.773061165966,,-0.0262701719335,-0.0859253034293,-0.470610841562,0.877754040777
1542728636603084658,,6036,,1542728636,573325608,"""/world""","""vicon/obstacle18/obstacle18""",,,0.413723671076,0.812236917325,0.773034693196,,-0.0261927226056,-0.0858355988575,-0.47063916952,0.877749943529
1542728636619530931,,6037,,1542728636,589940078,"""/world""","""vicon/obstacle18/obstacle18""",,,0.413740445127,0.81226403526,0.773022357533,,-0.0261579625686,-0.0858901501659,-0.470631773005,0.877749609705
1542728636636732035,,6038,,1542728636,606610118,"""/world""","""vicon/obstacle18/obstacle18""",,,0.413735386655,0.812229141135,0.773057820602,,-0.0263138929468,-0.0858535156768,-0.470679832366,0.877722762772
1542728636653867505,,6039,,1542728636,623325386,"""/world""","""vicon/obstacle18/obstacle18""",,,0.413734780675,0.81218948379,0.773073641317,,-0.0262774547388,-0.0859636307392,-0.470554382559,0.877780338477
1542728636671526189,,6040,,1542728636,639931984,"""/world""","""vicon/obstacle18/obstacle18""",,,0.413726510098,0.812194816752,0.773059246397,,-0.0263023260548,-0.0858714868729,-0.470622502318,0.877752092392
1542728636687432965,,6041,,1542728636,656608145,"""/world""","""vicon/obstacle18/obstacle18""",,,0.413732687522,0.812246548123,0.773029064055,,-0.0261853761097,-0.0857633665178,-0.470736736647,0.877704902466
1542728636702615097,,6042,,1542728636,673260175,"""/world""","""vicon/obstacle18/obstacle18""",,,0.413736149506,0.812260466989,0.773033575044,,-0.026210824011,-0.085863528463,-0.470620449026,0.87775670897
1542728636717056449,,6043,,1542728636,689958796,"""/world""","""vicon/obstacle18/obstacle18""",,,0.413746041743,0.812209953114,0.773042576645,,-0.0263508452968,-0.0861219778235,-0.47052332937,0.877779262917
1542728636734267900,,6044,,1542728636,706607462,"""/world""","""vicon/obstacle18/obstacle18""",,,0.413735480371,0.812171055425,0.773072600865,,-0.0262783568685,-0.0858442204252,-0.470631300808,0.877750759885
1542728636754583632,,6045,,1542728636,723273534,"""/world""","""vicon/obstacle18/obstacle18""",,,0.41372702415,0.812191392335,0.773063351067,,-0.026022216805,-0.0858231853579,-0.470665467764,0.877742127588
1542728636773178154,,6046,,1542728636,739933234,"""/world""","""vicon/obstacle18/obstacle18""",,,0.413725481176,0.812252475821,0.773034774038,,-0.0262070859535,-0.0857879033932,-0.470786811189,0.877674998327
1542728636783617601,,6047,,1542728636,756564337,"""/world""","""vicon/obstacle18/obstacle18""",,,0.413734962232,0.812272194402,0.773025508426,,-0.0261154570415,-0.0858356882089,-0.470771329561,0.877681361769
1542728636799687607,,6048,,1542728636,773631249,"""/world""","""vicon/obstacle18/obstacle18""",,,0.413742560604,0.81220691666,0.773053773813,,-0.026206489164,-0.0859306925838,-0.470704981507,0.87770493697
1542728636819849049,,6049,,1542728636,789927457,"""/world""","""vicon/obstacle18/obstacle18""",,,0.413746993911,0.812155300044,0.77305719452,,-0.0263746332653,-0.0860973640576,-0.470585073051,0.877747863366
1542728636836366327,,6050,,1542728636,806590261,"""/world""","""vicon/obstacle18/obstacle18""",,,0.413731557186,0.812199000071,0.773052439415,,-0.026239373493,-0.0859053206356,-0.470626352198,0.877748601698
1542728636852600920,,6051,,1542728636,823284808,"""/world""","""vicon/obstacle18/obstacle18""",,,0.413723118848,0.812259102274,0.773037683042,,-0.0261271513087,-0.0859025936102,-0.470692214637,0.877716899379
1542728636867824786,,6052,,1542728636,839868041,"""/world""","""vicon/obstacle18/obstacle18""",,,0.41373099754,0.81227056016,0.773029753022,,-0.0261035879376,-0.0858657634633,-0.470744910688,0.877692943131
1542728636883100357,,6053,,1542728636,856534158,"""/world""","""vicon/obstacle18/obstacle18""",,,0.413741537586,0.81221380088,0.773057493153,,-0.0262376680974,-0.0858611513948,-0.470713951818,0.877706000331
